-3 0.371579
-2.99399 0.37193
-2.98799 0.372353
-2.98198 0.372847
-2.97598 0.373411
-2.96997 0.374046
-2.96396 0.374751
-2.95796 0.375525
-2.95195 0.376369
-2.94595 0.377281
-2.93994 0.378261
-2.93393 0.379309
-2.92793 0.380424
-2.92192 0.381607
-2.91592 0.382855
-2.90991 0.38417
-2.9039 0.385551
-2.8979 0.386996
-2.89189 0.388507
-2.88589 0.390081
-2.87988 0.39172
-2.87387 0.393422
-2.86787 0.395188
-2.86186 0.397016
-2.85586 0.398906
-2.84985 0.400859
-2.84384 0.402872
-2.83784 0.404947
-2.83183 0.407082
-2.82583 0.409278
-2.81982 0.411533
-2.81381 0.413848
-2.80781 0.416222
-2.8018 0.418654
-2.7958 0.421144
-2.78979 0.423692
-2.78378 0.426298
-2.77778 0.42896
-2.77177 0.431679
-2.76577 0.434454
-2.75976 0.437285
-2.75375 0.440171
-2.74775 0.443112
-2.74174 0.446108
-2.73574 0.449158
-2.72973 0.452261
-2.72372 0.455418
-2.71772 0.458628
-2.71171 0.46189
-2.70571 0.465204
-2.6997 0.46857
-2.69369 0.471988
-2.68769 0.475456
-2.68168 0.478975
-2.67568 0.482544
-2.66967 0.486163
-2.66366 0.489831
-2.65766 0.493548
-2.65165 0.497314
-2.64565 0.501128
-2.63964 0.50499
-2.63363 0.5089
-2.62763 0.512856
-2.62162 0.51686
-2.61562 0.520909
-2.60961 0.525004
-2.6036 0.529145
-2.5976 0.533332
-2.59159 0.537563
-2.58559 0.541838
-2.57958 0.546157
-2.57357 0.55052
-2.56757 0.554927
-2.56156 0.559376
-2.55556 0.563868
-2.54955 0.568402
-2.54354 0.572978
-2.53754 0.577595
-2.53153 0.582253
-2.52553 0.586952
-2.51952 0.591691
-2.51351 0.59647
-2.50751 0.601289
-2.5015 0.606147
-2.4955 0.611044
-2.48949 0.615979
-2.48348 0.620953
-2.47748 0.625964
-2.47147 0.631012
-2.46547 0.636098
-2.45946 0.64122
-2.45345 0.646379
-2.44745 0.651574
-2.44144 0.656804
-2.43544 0.662069
-2.42943 0.66737
-2.42342 0.672705
-2.41742 0.678074
-2.41141 0.683477
-2.40541 0.688913
-2.3994 0.694383
-2.39339 0.699885
-2.38739 0.70542
-2.38138 0.710987
-2.37538 0.716586
-2.36937 0.722216
-2.36336 0.727877
-2.35736 0.733569
-2.35135 0.739291
-2.34535 0.745043
-2.33934 0.750825
-2.33333 0.756636
-2.32733 0.762476
-2.32132 0.768345
-2.31532 0.774242
-2.30931 0.780167
-2.3033 0.78612
-2.2973 0.7921
-2.29129 0.798107
-2.28529 0.804141
-2.27928 0.810201
-2.27327 0.816287
-2.26727 0.822399
-2.26126 0.828536
-2.25526 0.834698
-2.24925 0.840884
-2.24324 0.847095
-2.23724 0.85333
-2.23123 0.859589
-2.22523 0.865871
-2.21922 0.872176
-2.21321 0.878503
-2.20721 0.884854
-2.2012 0.891226
-2.1952 0.89762
-2.18919 0.904035
-2.18318 0.910471
-2.17718 0.916928
-2.17117 0.923406
-2.16517 0.929904
-2.15916 0.936421
-2.15315 0.942958
-2.14715 0.949515
-2.14114 0.95609
-2.13514 0.962684
-2.12913 0.969296
-2.12312 0.975926
-2.11712 0.982573
-2.11111 0.989238
-2.10511 0.99592
-2.0991 1.00262
-2.09309 1.00933
-2.08709 1.01607
-2.08108 1.02281
-2.07508 1.02957
-2.06907 1.03635
-2.06306 1.04314
-2.05706 1.04995
-2.05105 1.05677
-2.04505 1.06361
-2.03904 1.07046
-2.03303 1.07732
-2.02703 1.0842
-2.02102 1.09109
-2.01502 1.09799
-2.00901 1.1049
-2.003 1.11182
-1.997 1.11876
-1.99099 1.12571
-1.98498 1.13267
-1.97898 1.13964
-1.97297 1.14662
-1.96697 1.15361
-1.96096 1.16061
-1.95495 1.16762
-1.94895 1.17464
-1.94294 1.18167
-1.93694 1.18871
-1.93093 1.19575
-1.92492 1.20281
-1.91892 1.20987
-1.91291 1.21694
-1.90691 1.22401
-1.9009 1.2311
-1.89489 1.23819
-1.88889 1.24529
-1.88288 1.25239
-1.87688 1.2595
-1.87087 1.26661
-1.86486 1.27374
-1.85886 1.28086
-1.85285 1.28799
-1.84685 1.29513
-1.84084 1.30227
-1.83483 1.30941
-1.82883 1.31656
-1.82282 1.32371
-1.81682 1.33086
-1.81081 1.33802
-1.8048 1.34518
-1.7988 1.35234
-1.79279 1.35951
-1.78679 1.36668
-1.78078 1.37384
-1.77477 1.38101
-1.76877 1.38819
-1.76276 1.39536
-1.75676 1.40253
-1.75075 1.4097
-1.74474 1.41688
-1.73874 1.42405
-1.73273 1.43122
-1.72673 1.4384
-1.72072 1.44557
-1.71471 1.45274
-1.70871 1.45991
-1.7027 1.46707
-1.6967 1.47424
-1.69069 1.4814
-1.68468 1.48856
-1.67868 1.49572
-1.67267 1.50288
-1.66667 1.51003
-1.66066 1.51718
-1.65465 1.52433
-1.64865 1.53147
-1.64264 1.53861
-1.63664 1.54574
-1.63063 1.55287
-1.62462 1.55999
-1.61862 1.56711
-1.61261 1.57423
-1.60661 1.58133
-1.6006 1.58844
-1.59459 1.59553
-1.58859 1.60262
-1.58258 1.60971
-1.57658 1.61679
-1.57057 1.62386
-1.56456 1.63092
-1.55856 1.63798
-1.55255 1.64503
-1.54655 1.65207
-1.54054 1.6591
-1.53453 1.66613
-1.52853 1.67314
-1.52252 1.68015
-1.51652 1.68715
-1.51051 1.69414
-1.5045 1.70112
-1.4985 1.70809
-1.49249 1.71505
-1.48649 1.722
-1.48048 1.72894
-1.47447 1.73587
-1.46847 1.74279
-1.46246 1.7497
-1.45646 1.7566
-1.45045 1.76349
-1.44444 1.77036
-1.43844 1.77722
-1.43243 1.78408
-1.42643 1.79092
-1.42042 1.79774
-1.41441 1.80456
-1.40841 1.81136
-1.4024 1.81815
-1.3964 1.82492
-1.39039 1.83169
-1.38438 1.83843
-1.37838 1.84517
-1.37237 1.85189
-1.36637 1.8586
-1.36036 1.86529
-1.35435 1.87197
-1.34835 1.87863
-1.34234 1.88528
-1.33634 1.89191
-1.33033 1.89853
-1.32432 1.90513
-1.31832 1.91172
-1.31231 1.91829
-1.30631 1.92484
-1.3003 1.93138
-1.29429 1.9379
-1.28829 1.94441
-1.28228 1.95089
-1.27628 1.95737
-1.27027 1.96382
-1.26426 1.97026
-1.25826 1.97667
-1.25225 1.98308
-1.24625 1.98946
-1.24024 1.99582
-1.23423 2.00217
-1.22823 2.0085
-1.22222 2.01481
-1.21622 2.0211
-1.21021 2.02737
-1.2042 2.03362
-1.1982 2.03985
-1.19219 2.04606
-1.18619 2.05226
-1.18018 2.05843
-1.17417 2.06458
-1.16817 2.07072
-1.16216 2.07683
-1.15616 2.08292
-1.15015 2.08899
-1.14414 2.09504
-1.13814 2.10107
-1.13213 2.10708
-1.12613 2.11306
-1.12012 2.11903
-1.11411 2.12497
-1.10811 2.13089
-1.1021 2.13679
-1.0961 2.14267
-1.09009 2.14852
-1.08408 2.15435
-1.07808 2.16016
-1.07207 2.16595
-1.06607 2.17171
-1.06006 2.17745
-1.05405 2.18316
-1.04805 2.18886
-1.04204 2.19453
-1.03604 2.20017
-1.03003 2.20579
-1.02402 2.21139
-1.01802 2.21696
-1.01201 2.22251
-1.00601 2.22803
-1 2.23353
-0.993994 2.23901
-0.987988 2.24446
-0.981982 2.24988
-0.975976 2.25528
-0.96997 2.26065
-0.963964 2.266
-0.957958 2.27132
-0.951952 2.27662
-0.945946 2.28189
-0.93994 2.28713
-0.933934 2.29235
-0.927928 2.29754
-0.921922 2.3027
-0.915916 2.30784
-0.90991 2.31295
-0.903904 2.31804
-0.897898 2.32309
-0.891892 2.32812
-0.885886 2.33312
-0.87988 2.3381
-0.873874 2.34305
-0.867868 2.34797
-0.861862 2.35286
-0.855856 2.35772
-0.84985 2.36256
-0.843844 2.36736
-0.837838 2.37214
-0.831832 2.37689
-0.825826 2.38162
-0.81982 2.38631
-0.813814 2.39097
-0.807808 2.39561
-0.801802 2.40021
-0.795796 2.40479
-0.78979 2.40934
-0.783784 2.41386
-0.777778 2.41835
-0.771772 2.42281
-0.765766 2.42724
-0.75976 2.43163
-0.753754 2.436
-0.747748 2.44034
-0.741742 2.44465
-0.735736 2.44893
-0.72973 2.45318
-0.723724 2.4574
-0.717718 2.46158
-0.711712 2.46574
-0.705706 2.46987
-0.6997 2.47396
-0.693694 2.47802
-0.687688 2.48206
-0.681682 2.48606
-0.675676 2.49003
-0.66967 2.49397
-0.663664 2.49787
-0.657658 2.50175
-0.651652 2.50559
-0.645646 2.5094
-0.63964 2.51318
-0.633634 2.51693
-0.627628 2.52065
-0.621622 2.52433
-0.615616 2.52798
-0.60961 2.5316
-0.603604 2.53518
-0.597598 2.53874
-0.591592 2.54226
-0.585586 2.54575
-0.57958 2.5492
-0.573574 2.55262
-0.567568 2.55601
-0.561562 2.55937
-0.555556 2.56269
-0.54955 2.56598
-0.543544 2.56924
-0.537538 2.57246
-0.531532 2.57565
-0.525526 2.57881
-0.51952 2.58193
-0.513514 2.58502
-0.507508 2.58807
-0.501502 2.59109
-0.495495 2.59408
-0.489489 2.59703
-0.483483 2.59995
-0.477477 2.60284
-0.471471 2.60569
-0.465465 2.6085
-0.459459 2.61129
-0.453453 2.61403
-0.447447 2.61675
-0.441441 2.61943
-0.435435 2.62207
-0.429429 2.62468
-0.423423 2.62725
-0.417417 2.62979
-0.411411 2.6323
-0.405405 2.63477
-0.399399 2.6372
-0.393393 2.6396
-0.387387 2.64196
-0.381381 2.64429
-0.375375 2.64659
-0.369369 2.64885
-0.363363 2.65107
-0.357357 2.65326
-0.351351 2.65541
-0.345345 2.65753
-0.339339 2.65961
-0.333333 2.66166
-0.327327 2.66367
-0.321321 2.66564
-0.315315 2.66758
-0.309309 2.66948
-0.303303 2.67135
-0.297297 2.67318
-0.291291 2.67498
-0.285285 2.67674
-0.279279 2.67846
-0.273273 2.68015
-0.267267 2.6818
-0.261261 2.68341
-0.255255 2.68499
-0.249249 2.68654
-0.243243 2.68804
-0.237237 2.68951
-0.231231 2.69095
-0.225225 2.69234
-0.219219 2.69371
-0.213213 2.69503
-0.207207 2.69632
-0.201201 2.69757
-0.195195 2.69879
-0.189189 2.69997
-0.183183 2.70111
-0.177177 2.70221
-0.171171 2.70328
-0.165165 2.70432
-0.159159 2.70531
-0.153153 2.70627
-0.147147 2.70719
-0.141141 2.70808
-0.135135 2.70893
-0.129129 2.70974
-0.123123 2.71052
-0.117117 2.71125
-0.111111 2.71196
-0.105105 2.71262
-0.0990991 2.71325
-0.0930931 2.71384
-0.0870871 2.71439
-0.0810811 2.71491
-0.0750751 2.71539
-0.0690691 2.71584
-0.0630631 2.71624
-0.0570571 2.71661
-0.0510511 2.71695
-0.045045 2.71724
-0.039039 2.7175
-0.033033 2.71772
-0.027027 2.71791
-0.021021 2.71806
-0.015015 2.71817
-0.00900901 2.71824
-0.003003 2.71828
0.003003 2.71828
0.00900901 2.71824
0.015015 2.71817
0.021021 2.71806
0.027027 2.71791
0.033033 2.71772
0.039039 2.7175
0.045045 2.71724
0.0510511 2.71695
0.0570571 2.71661
0.0630631 2.71624
0.0690691 2.71584
0.0750751 2.71539
0.0810811 2.71491
0.0870871 2.71439
0.0930931 2.71384
0.0990991 2.71325
0.105105 2.71262
0.111111 2.71196
0.117117 2.71125
0.123123 2.71052
0.129129 2.70974
0.135135 2.70893
0.141141 2.70808
0.147147 2.70719
0.153153 2.70627
0.159159 2.70531
0.165165 2.70432
0.171171 2.70328
0.177177 2.70221
0.183183 2.70111
0.189189 2.69997
0.195195 2.69879
0.201201 2.69757
0.207207 2.69632
0.213213 2.69503
0.219219 2.69371
0.225225 2.69234
0.231231 2.69095
0.237237 2.68951
0.243243 2.68804
0.249249 2.68654
0.255255 2.68499
0.261261 2.68341
0.267267 2.6818
0.273273 2.68015
0.279279 2.67846
0.285285 2.67674
0.291291 2.67498
0.297297 2.67318
0.303303 2.67135
0.309309 2.66948
0.315315 2.66758
0.321321 2.66564
0.327327 2.66367
0.333333 2.66166
0.339339 2.65961
0.345345 2.65753
0.351351 2.65541
0.357357 2.65326
0.363363 2.65107
0.369369 2.64885
0.375375 2.64659
0.381381 2.64429
0.387387 2.64196
0.393393 2.6396
0.399399 2.6372
0.405405 2.63477
0.411411 2.6323
0.417417 2.62979
0.423423 2.62725
0.429429 2.62468
0.435435 2.62207
0.441441 2.61943
0.447447 2.61675
0.453453 2.61403
0.459459 2.61129
0.465465 2.6085
0.471471 2.60569
0.477477 2.60284
0.483483 2.59995
0.489489 2.59703
0.495495 2.59408
0.501502 2.59109
0.507508 2.58807
0.513514 2.58502
0.51952 2.58193
0.525526 2.57881
0.531532 2.57565
0.537538 2.57246
0.543544 2.56924
0.54955 2.56598
0.555556 2.56269
0.561562 2.55937
0.567568 2.55601
0.573574 2.55262
0.57958 2.5492
0.585586 2.54575
0.591592 2.54226
0.597598 2.53874
0.603604 2.53518
0.60961 2.5316
0.615616 2.52798
0.621622 2.52433
0.627628 2.52065
0.633634 2.51693
0.63964 2.51318
0.645646 2.5094
0.651652 2.50559
0.657658 2.50175
0.663664 2.49787
0.66967 2.49397
0.675676 2.49003
0.681682 2.48606
0.687688 2.48206
0.693694 2.47802
0.6997 2.47396
0.705706 2.46987
0.711712 2.46574
0.717718 2.46158
0.723724 2.4574
0.72973 2.45318
0.735736 2.44893
0.741742 2.44465
0.747748 2.44034
0.753754 2.436
0.75976 2.43163
0.765766 2.42724
0.771772 2.42281
0.777778 2.41835
0.783784 2.41386
0.78979 2.40934
0.795796 2.40479
0.801802 2.40021
0.807808 2.39561
0.813814 2.39097
0.81982 2.38631
0.825826 2.38162
0.831832 2.37689
0.837838 2.37214
0.843844 2.36736
0.84985 2.36256
0.855856 2.35772
0.861862 2.35286
0.867868 2.34797
0.873874 2.34305
0.87988 2.3381
0.885886 2.33312
0.891892 2.32812
0.897898 2.32309
0.903904 2.31804
0.90991 2.31295
0.915916 2.30784
0.921922 2.3027
0.927928 2.29754
0.933934 2.29235
0.93994 2.28713
0.945946 2.28189
0.951952 2.27662
0.957958 2.27132
0.963964 2.266
0.96997 2.26065
0.975976 2.25528
0.981982 2.24988
0.987988 2.24446
0.993994 2.23901
1 2.23353
1.00601 2.22803
1.01201 2.22251
1.01802 2.21696
1.02402 2.21139
1.03003 2.20579
1.03604 2.20017
1.04204 2.19453
1.04805 2.18886
1.05405 2.18316
1.06006 2.17745
1.06607 2.17171
1.07207 2.16595
1.07808 2.16016
1.08408 2.15435
1.09009 2.14852
1.0961 2.14267
1.1021 2.13679
1.10811 2.13089
1.11411 2.12497
1.12012 2.11903
1.12613 2.11306
1.13213 2.10708
1.13814 2.10107
1.14414 2.09504
1.15015 2.08899
1.15616 2.08292
1.16216 2.07683
1.16817 2.07072
1.17417 2.06458
1.18018 2.05843
1.18619 2.05226
1.19219 2.04606
1.1982 2.03985
1.2042 2.03362
1.21021 2.02737
1.21622 2.0211
1.22222 2.01481
1.22823 2.0085
1.23423 2.00217
1.24024 1.99582
1.24625 1.98946
1.25225 1.98308
1.25826 1.97667
1.26426 1.97026
1.27027 1.96382
1.27628 1.95737
1.28228 1.95089
1.28829 1.94441
1.29429 1.9379
1.3003 1.93138
1.30631 1.92484
1.31231 1.91829
1.31832 1.91172
1.32432 1.90513
1.33033 1.89853
1.33634 1.89191
1.34234 1.88528
1.34835 1.87863
1.35435 1.87197
1.36036 1.86529
1.36637 1.8586
1.37237 1.85189
1.37838 1.84517
1.38438 1.83843
1.39039 1.83169
1.3964 1.82492
1.4024 1.81815
1.40841 1.81136
1.41441 1.80456
1.42042 1.79774
1.42643 1.79092
1.43243 1.78408
1.43844 1.77722
1.44444 1.77036
1.45045 1.76349
1.45646 1.7566
1.46246 1.7497
1.46847 1.74279
1.47447 1.73587
1.48048 1.72894
1.48649 1.722
1.49249 1.71505
1.4985 1.70809
1.5045 1.70112
1.51051 1.69414
1.51652 1.68715
1.52252 1.68015
1.52853 1.67314
1.53453 1.66613
1.54054 1.6591
1.54655 1.65207
1.55255 1.64503
1.55856 1.63798
1.56456 1.63092
1.57057 1.62386
1.57658 1.61679
1.58258 1.60971
1.58859 1.60262
1.59459 1.59553
1.6006 1.58844
1.60661 1.58133
1.61261 1.57423
1.61862 1.56711
1.62462 1.55999
1.63063 1.55287
1.63664 1.54574
1.64264 1.53861
1.64865 1.53147
1.65465 1.52433
1.66066 1.51718
1.66667 1.51003
1.67267 1.50288
1.67868 1.49572
1.68468 1.48856
1.69069 1.4814
1.6967 1.47424
1.7027 1.46707
1.70871 1.45991
1.71471 1.45274
1.72072 1.44557
1.72673 1.4384
1.73273 1.43122
1.73874 1.42405
1.74474 1.41688
1.75075 1.4097
1.75676 1.40253
1.76276 1.39536
1.76877 1.38819
1.77477 1.38101
1.78078 1.37384
1.78679 1.36668
1.79279 1.35951
1.7988 1.35234
1.8048 1.34518
1.81081 1.33802
1.81682 1.33086
1.82282 1.32371
1.82883 1.31656
1.83483 1.30941
1.84084 1.30227
1.84685 1.29513
1.85285 1.28799
1.85886 1.28086
1.86486 1.27374
1.87087 1.26661
1.87688 1.2595
1.88288 1.25239
1.88889 1.24529
1.89489 1.23819
1.9009 1.2311
1.90691 1.22401
1.91291 1.21694
1.91892 1.20987
1.92492 1.20281
1.93093 1.19575
1.93694 1.18871
1.94294 1.18167
1.94895 1.17464
1.95495 1.16762
1.96096 1.16061
1.96697 1.15361
1.97297 1.14662
1.97898 1.13964
1.98498 1.13267
1.99099 1.12571
1.997 1.11876
2.003 1.11182
2.00901 1.1049
2.01502 1.09799
2.02102 1.09109
2.02703 1.0842
2.03303 1.07732
2.03904 1.07046
2.04505 1.06361
2.05105 1.05677
2.05706 1.04995
2.06306 1.04314
2.06907 1.03635
2.07508 1.02957
2.08108 1.02281
2.08709 1.01607
2.09309 1.00933
2.0991 1.00262
2.10511 0.99592
2.11111 0.989238
2.11712 0.982573
2.12312 0.975926
2.12913 0.969296
2.13514 0.962684
2.14114 0.95609
2.14715 0.949515
2.15315 0.942958
2.15916 0.936421
2.16517 0.929904
2.17117 0.923406
2.17718 0.916928
2.18318 0.910471
2.18919 0.904035
2.1952 0.89762
2.2012 0.891226
2.20721 0.884854
2.21321 0.878503
2.21922 0.872176
2.22523 0.865871
2.23123 0.859589
2.23724 0.85333
2.24324 0.847095
2.24925 0.840884
2.25526 0.834698
2.26126 0.828536
2.26727 0.822399
2.27327 0.816287
2.27928 0.810201
2.28529 0.804141
2.29129 0.798107
2.2973 0.7921
2.3033 0.78612
2.30931 0.780167
2.31532 0.774242
2.32132 0.768345
2.32733 0.762476
2.33333 0.756636
2.33934 0.750825
2.34535 0.745043
2.35135 0.739291
2.35736 0.733569
2.36336 0.727877
2.36937 0.722216
2.37538 0.716586
2.38138 0.710987
2.38739 0.70542
2.39339 0.699885
2.3994 0.694383
2.40541 0.688913
2.41141 0.683477
2.41742 0.678074
2.42342 0.672705
2.42943 0.66737
2.43544 0.662069
2.44144 0.656804
2.44745 0.651574
2.45345 0.646379
2.45946 0.64122
2.46547 0.636098
2.47147 0.631012
2.47748 0.625964
2.48348 0.620953
2.48949 0.615979
2.4955 0.611044
2.5015 0.606147
2.50751 0.601289
2.51351 0.59647
2.51952 0.591691
2.52553 0.586952
2.53153 0.582253
2.53754 0.577595
2.54354 0.572978
2.54955 0.568402
2.55556 0.563868
2.56156 0.559376
2.56757 0.554927
2.57357 0.55052
2.57958 0.546157
2.58559 0.541838
2.59159 0.537563
2.5976 0.533332
2.6036 0.529145
2.60961 0.525004
2.61562 0.520909
2.62162 0.51686
2.62763 0.512856
2.63363 0.5089
2.63964 0.50499
2.64565 0.501128
2.65165 0.497314
2.65766 0.493548
2.66366 0.489831
2.66967 0.486163
2.67568 0.482544
2.68168 0.478975
2.68769 0.475456
2.69369 0.471988
2.6997 0.46857
2.70571 0.465204
2.71171 0.46189
2.71772 0.458628
2.72372 0.455418
2.72973 0.452261
2.73574 0.449158
2.74174 0.446108
2.74775 0.443112
2.75375 0.440171
2.75976 0.437285
2.76577 0.434454
2.77177 0.431679
2.77778 0.42896
2.78378 0.426298
2.78979 0.423692
2.7958 0.421144
2.8018 0.418654
2.80781 0.416222
2.81381 0.413848
2.81982 0.411533
2.82583 0.409278
2.83183 0.407082
2.83784 0.404947
2.84384 0.402872
2.84985 0.400859
2.85586 0.398906
2.86186 0.397016
2.86787 0.395188
2.87387 0.393422
2.87988 0.39172
2.88589 0.390081
2.89189 0.388507
2.8979 0.386996
2.9039 0.385551
2.90991 0.38417
2.91592 0.382855
2.92192 0.381607
2.92793 0.380424
2.93393 0.379309
2.93994 0.378261
2.94595 0.377281
2.95195 0.376369
2.95796 0.375525
2.96396 0.374751
2.96997 0.374046
2.97598 0.373411
2.98198 0.372847
2.98799 0.372353
2.99399 0.37193
3 0.371579
