-3 0.371579
-2.99399 0.377047
-2.98799 0.382069
-2.98198 0.386673
-2.97598 0.390882
-2.96997 0.394722
-2.96396 0.398214
-2.95796 0.401381
-2.95195 0.404244
-2.94595 0.406821
-2.93994 0.409133
-2.93393 0.411197
-2.92793 0.413031
-2.92192 0.41465
-2.91592 0.416072
-2.90991 0.41731
-2.9039 0.418378
-2.8979 0.419291
-2.89189 0.420061
-2.88589 0.420701
-2.87988 0.421221
-2.87387 0.421633
-2.86787 0.421948
-2.86186 0.422174
-2.85586 0.422322
-2.84985 0.4224
-2.84384 0.422417
-2.83784 0.422379
-2.83183 0.422296
-2.82583 0.422174
-2.81982 0.422019
-2.81381 0.421838
-2.80781 0.421636
-2.8018 0.421418
-2.7958 0.421191
-2.78979 0.420959
-2.78378 0.420726
-2.77778 0.420496
-2.77177 0.420274
-2.76577 0.420063
-2.75976 0.419866
-2.75375 0.419686
-2.74775 0.419527
-2.74174 0.419391
-2.73574 0.41928
-2.72973 0.419197
-2.72372 0.419143
-2.71772 0.419122
-2.71171 0.419133
-2.70571 0.419179
-2.6997 0.419262
-2.69369 0.419382
-2.68769 0.419541
-2.68168 0.419739
-2.67568 0.419977
-2.66967 0.420257
-2.66366 0.420578
-2.65766 0.420942
-2.65165 0.421348
-2.64565 0.421798
-2.63964 0.42229
-2.63363 0.422826
-2.62763 0.423406
-2.62162 0.42403
-2.61562 0.424697
-2.60961 0.425407
-2.6036 0.426161
-2.5976 0.426958
-2.59159 0.427798
-2.58559 0.428681
-2.57958 0.429606
-2.57357 0.430573
-2.56757 0.431582
-2.56156 0.432632
-2.55556 0.433723
-2.54955 0.434855
-2.54354 0.436026
-2.53754 0.437237
-2.53153 0.438487
-2.52553 0.439775
-2.51952 0.441102
-2.51351 0.442465
-2.50751 0.443866
-2.5015 0.445303
-2.4955 0.446776
-2.48949 0.448284
-2.48348 0.449827
-2.47748 0.451404
-2.47147 0.453015
-2.46547 0.454659
-2.45946 0.456336
-2.45345 0.458045
-2.44745 0.459785
-2.44144 0.461557
-2.43544 0.463359
-2.42943 0.465192
-2.42342 0.467054
-2.41742 0.468946
-2.41141 0.470866
-2.40541 0.472815
-2.3994 0.474792
-2.39339 0.476797
-2.38739 0.478828
-2.38138 0.480887
-2.37538 0.482972
-2.36937 0.485083
-2.36336 0.487221
-2.35736 0.489383
-2.35135 0.491571
-2.34535 0.493784
-2.33934 0.496022
-2.33333 0.498284
-2.32733 0.50057
-2.32132 0.50288
-2.31532 0.505214
-2.30931 0.507572
-2.3033 0.509952
-2.2973 0.512357
-2.29129 0.514784
-2.28529 0.517234
-2.27928 0.519707
-2.27327 0.522203
-2.26727 0.524722
-2.26126 0.527263
-2.25526 0.529826
-2.24925 0.532412
-2.24324 0.535021
-2.23724 0.537652
-2.23123 0.540305
-2.22523 0.542981
-2.21922 0.545679
-2.21321 0.548399
-2.20721 0.551142
-2.2012 0.553907
-2.1952 0.556695
-2.18919 0.559505
-2.18318 0.562338
-2.17718 0.565194
-2.17117 0.568072
-2.16517 0.570974
-2.15916 0.573898
-2.15315 0.576846
-2.14715 0.579817
-2.14114 0.582811
-2.13514 0.585828
-2.12913 0.58887
-2.12312 0.591935
-2.11712 0.595024
-2.11111 0.598137
-2.10511 0.601274
-2.0991 0.604435
-2.09309 0.607622
-2.08709 0.610833
-2.08108 0.614069
-2.07508 0.61733
-2.06907 0.620616
-2.06306 0.623928
-2.05706 0.627265
-2.05105 0.630629
-2.04505 0.634018
-2.03904 0.637434
-2.03303 0.640876
-2.02703 0.644345
-2.02102 0.647841
-2.01502 0.651364
-2.00901 0.654914
-2.003 0.658491
-1.997 0.662097
-1.99099 0.66573
-1.98498 0.669391
-1.97898 0.673081
-1.97297 0.676799
-1.96697 0.680546
-1.96096 0.684322
-1.95495 0.688128
-1.94895 0.691962
-1.94294 0.695826
-1.93694 0.69972
-1.93093 0.703644
-1.92492 0.707598
-1.91892 0.711582
-1.91291 0.715597
-1.90691 0.719643
-1.9009 0.72372
-1.89489 0.727828
-1.88889 0.731967
-1.88288 0.736137
-1.87688 0.74034
-1.87087 0.744574
-1.86486 0.748841
-1.85886 0.753139
-1.85285 0.757471
-1.84685 0.761834
-1.84084 0.766231
-1.83483 0.77066
-1.82883 0.775123
-1.82282 0.779619
-1.81682 0.784148
-1.81081 0.78871
-1.8048 0.793307
-1.7988 0.797937
-1.79279 0.802602
-1.78679 0.8073
-1.78078 0.812033
-1.77477 0.8168
-1.76877 0.821601
-1.76276 0.826438
-1.75676 0.831309
-1.75075 0.836215
-1.74474 0.841156
-1.73874 0.846132
-1.73273 0.851143
-1.72673 0.85619
-1.72072 0.861272
-1.71471 0.866389
-1.70871 0.871542
-1.7027 0.876731
-1.6967 0.881956
-1.69069 0.887216
-1.68468 0.892513
-1.67868 0.897845
-1.67267 0.903214
-1.66667 0.908618
-1.66066 0.914059
-1.65465 0.919536
-1.64865 0.925049
-1.64264 0.930599
-1.63664 0.936185
-1.63063 0.941807
-1.62462 0.947466
-1.61862 0.953161
-1.61261 0.958893
-1.60661 0.964661
-1.6006 0.970466
-1.59459 0.976307
-1.58859 0.982185
-1.58258 0.988099
-1.57658 0.99405
-1.57057 1.00004
-1.56456 1.00606
-1.55856 1.01212
-1.55255 1.01822
-1.54655 1.02435
-1.54054 1.03052
-1.53453 1.03673
-1.52853 1.04297
-1.52252 1.04925
-1.51652 1.05557
-1.51051 1.06192
-1.5045 1.06831
-1.4985 1.07473
-1.49249 1.08119
-1.48649 1.08769
-1.48048 1.09422
-1.47447 1.10079
-1.46847 1.10739
-1.46246 1.11403
-1.45646 1.1207
-1.45045 1.12741
-1.44444 1.13416
-1.43844 1.14094
-1.43243 1.14776
-1.42643 1.15461
-1.42042 1.16149
-1.41441 1.16841
-1.40841 1.17537
-1.4024 1.18236
-1.3964 1.18938
-1.39039 1.19644
-1.38438 1.20353
-1.37838 1.21066
-1.37237 1.21782
-1.36637 1.22501
-1.36036 1.23224
-1.35435 1.2395
-1.34835 1.24679
-1.34234 1.25412
-1.33634 1.26148
-1.33033 1.26887
-1.32432 1.27629
-1.31832 1.28375
-1.31231 1.29123
-1.30631 1.29875
-1.3003 1.3063
-1.29429 1.31388
-1.28829 1.32149
-1.28228 1.32914
-1.27628 1.33681
-1.27027 1.34451
-1.26426 1.35224
-1.25826 1.36001
-1.25225 1.3678
-1.24625 1.37562
-1.24024 1.38346
-1.23423 1.39134
-1.22823 1.39925
-1.22222 1.40718
-1.21622 1.41514
-1.21021 1.42312
-1.2042 1.43114
-1.1982 1.43918
-1.19219 1.44724
-1.18619 1.45533
-1.18018 1.46345
-1.17417 1.47159
-1.16817 1.47976
-1.16216 1.48795
-1.15616 1.49616
-1.15015 1.5044
-1.14414 1.51266
-1.13814 1.52094
-1.13213 1.52924
-1.12613 1.53757
-1.12012 1.54592
-1.11411 1.55428
-1.10811 1.56267
-1.1021 1.57108
-1.0961 1.57951
-1.09009 1.58795
-1.08408 1.59642
-1.07808 1.6049
-1.07207 1.6134
-1.06607 1.62192
-1.06006 1.63045
-1.05405 1.639
-1.04805 1.64757
-1.04204 1.65615
-1.03604 1.66474
-1.03003 1.67335
-1.02402 1.68197
-1.01802 1.6906
-1.01201 1.69925
-1.00601 1.7079
-1 1.71657
-0.993994 1.72525
-0.987988 1.73394
-0.981982 1.74264
-0.975976 1.75134
-0.96997 1.76006
-0.963964 1.76878
-0.957958 1.7775
-0.951952 1.78624
-0.945946 1.79498
-0.93994 1.80372
-0.933934 1.81247
-0.927928 1.82122
-0.921922 1.82997
-0.915916 1.83873
-0.90991 1.84749
-0.903904 1.85624
-0.897898 1.865
-0.891892 1.87376
-0.885886 1.88251
-0.87988 1.89127
-0.873874 1.90002
-0.867868 1.90876
-0.861862 1.91751
-0.855856 1.92624
-0.84985 1.93498
-0.843844 1.9437
-0.837838 1.95242
-0.831832 1.96113
-0.825826 1.96983
-0.81982 1.97852
-0.813814 1.9872
-0.807808 1.99587
-0.801802 2.00452
-0.795796 2.01317
-0.78979 2.0218
-0.783784 2.03041
-0.777778 2.03901
-0.771772 2.0476
-0.765766 2.05616
-0.75976 2.06471
-0.753754 2.07324
-0.747748 2.08176
-0.741742 2.09025
-0.735736 2.09872
-0.72973 2.10716
-0.723724 2.11559
-0.717718 2.12399
-0.711712 2.13237
-0.705706 2.14072
-0.6997 2.14905
-0.693694 2.15734
-0.687688 2.16561
-0.681682 2.17386
-0.675676 2.18207
-0.66967 2.19025
-0.663664 2.1984
-0.657658 2.20652
-0.651652 2.2146
-0.645646 2.22265
-0.63964 2.23067
-0.633634 2.23865
-0.627628 2.24659
-0.621622 2.25449
-0.615616 2.26236
-0.60961 2.27019
-0.603604 2.27797
-0.597598 2.28572
-0.591592 2.29342
-0.585586 2.30108
-0.57958 2.3087
-0.573574 2.31627
-0.567568 2.3238
-0.561562 2.33128
-0.555556 2.33871
-0.54955 2.3461
-0.543544 2.35343
-0.537538 2.36072
-0.531532 2.36795
-0.525526 2.37514
-0.51952 2.38227
-0.513514 2.38935
-0.507508 2.39637
-0.501502 2.40334
-0.495495 2.41025
-0.489489 2.4171
-0.483483 2.4239
-0.477477 2.43064
-0.471471 2.43732
-0.465465 2.44394
-0.459459 2.4505
-0.453453 2.45699
-0.447447 2.46343
-0.441441 2.4698
-0.435435 2.4761
-0.429429 2.48234
-0.423423 2.48852
-0.417417 2.49463
-0.411411 2.50067
-0.405405 2.50664
-0.399399 2.51254
-0.393393 2.51838
-0.387387 2.52414
-0.381381 2.52983
-0.375375 2.53545
-0.369369 2.541
-0.363363 2.54647
-0.357357 2.55187
-0.351351 2.55719
-0.345345 2.56244
-0.339339 2.56761
-0.333333 2.57271
-0.327327 2.57773
-0.321321 2.58266
-0.315315 2.58752
-0.309309 2.5923
-0.303303 2.597
-0.297297 2.60162
-0.291291 2.60616
-0.285285 2.61061
-0.279279 2.61498
-0.273273 2.61927
-0.267267 2.62347
-0.261261 2.62759
-0.255255 2.63163
-0.249249 2.63557
-0.243243 2.63943
-0.237237 2.64321
-0.231231 2.6469
-0.225225 2.6505
-0.219219 2.65401
-0.213213 2.65743
-0.207207 2.66076
-0.201201 2.664
-0.195195 2.66715
-0.189189 2.67022
-0.183183 2.67319
-0.177177 2.67606
-0.171171 2.67885
-0.165165 2.68154
-0.159159 2.68415
-0.153153 2.68665
-0.147147 2.68907
-0.141141 2.69139
-0.135135 2.69362
-0.129129 2.69575
-0.123123 2.69778
-0.117117 2.69973
-0.111111 2.70157
-0.105105 2.70332
-0.0990991 2.70498
-0.0930931 2.70654
-0.0870871 2.708
-0.0810811 2.70937
-0.0750751 2.71064
-0.0690691 2.71181
-0.0630631 2.71288
-0.0570571 2.71386
-0.0510511 2.71474
-0.045045 2.71553
-0.039039 2.71621
-0.033033 2.7168
-0.027027 2.71729
-0.021021 2.71768
-0.015015 2.71798
-0.00900901 2.71817
-0.003003 2.71827
0.003003 2.71827
0.00900901 2.71817
0.015015 2.71798
0.021021 2.71768
0.027027 2.71729
0.033033 2.7168
0.039039 2.71621
0.045045 2.71553
0.0510511 2.71474
0.0570571 2.71386
0.0630631 2.71288
0.0690691 2.71181
0.0750751 2.71064
0.0810811 2.70937
0.0870871 2.708
0.0930931 2.70654
0.0990991 2.70498
0.105105 2.70332
0.111111 2.70157
0.117117 2.69973
0.123123 2.69778
0.129129 2.69575
0.135135 2.69362
0.141141 2.69139
0.147147 2.68907
0.153153 2.68665
0.159159 2.68415
0.165165 2.68154
0.171171 2.67885
0.177177 2.67606
0.183183 2.67319
0.189189 2.67022
0.195195 2.66715
0.201201 2.664
0.207207 2.66076
0.213213 2.65743
0.219219 2.65401
0.225225 2.6505
0.231231 2.6469
0.237237 2.64321
0.243243 2.63943
0.249249 2.63557
0.255255 2.63163
0.261261 2.62759
0.267267 2.62347
0.273273 2.61927
0.279279 2.61498
0.285285 2.61061
0.291291 2.60616
0.297297 2.60162
0.303303 2.597
0.309309 2.5923
0.315315 2.58752
0.321321 2.58266
0.327327 2.57773
0.333333 2.57271
0.339339 2.56761
0.345345 2.56244
0.351351 2.55719
0.357357 2.55187
0.363363 2.54647
0.369369 2.541
0.375375 2.53545
0.381381 2.52983
0.387387 2.52414
0.393393 2.51838
0.399399 2.51254
0.405405 2.50664
0.411411 2.50067
0.417417 2.49463
0.423423 2.48852
0.429429 2.48234
0.435435 2.4761
0.441441 2.4698
0.447447 2.46343
0.453453 2.45699
0.459459 2.4505
0.465465 2.44394
0.471471 2.43732
0.477477 2.43064
0.483483 2.4239
0.489489 2.4171
0.495495 2.41025
0.501502 2.40334
0.507508 2.39637
0.513514 2.38935
0.51952 2.38227
0.525526 2.37514
0.531532 2.36795
0.537538 2.36072
0.543544 2.35343
0.54955 2.3461
0.555556 2.33871
0.561562 2.33128
0.567568 2.3238
0.573574 2.31627
0.57958 2.3087
0.585586 2.30108
0.591592 2.29342
0.597598 2.28572
0.603604 2.27797
0.60961 2.27019
0.615616 2.26236
0.621622 2.25449
0.627628 2.24659
0.633634 2.23865
0.63964 2.23067
0.645646 2.22265
0.651652 2.2146
0.657658 2.20652
0.663664 2.1984
0.66967 2.19025
0.675676 2.18207
0.681682 2.17386
0.687688 2.16561
0.693694 2.15734
0.6997 2.14905
0.705706 2.14072
0.711712 2.13237
0.717718 2.12399
0.723724 2.11559
0.72973 2.10716
0.735736 2.09872
0.741742 2.09025
0.747748 2.08176
0.753754 2.07324
0.75976 2.06471
0.765766 2.05616
0.771772 2.0476
0.777778 2.03901
0.783784 2.03041
0.78979 2.0218
0.795796 2.01317
0.801802 2.00452
0.807808 1.99587
0.813814 1.9872
0.81982 1.97852
0.825826 1.96983
0.831832 1.96113
0.837838 1.95242
0.843844 1.9437
0.84985 1.93498
0.855856 1.92624
0.861862 1.91751
0.867868 1.90876
0.873874 1.90002
0.87988 1.89127
0.885886 1.88251
0.891892 1.87376
0.897898 1.865
0.903904 1.85624
0.90991 1.84749
0.915916 1.83873
0.921922 1.82997
0.927928 1.82122
0.933934 1.81247
0.93994 1.80372
0.945946 1.79498
0.951952 1.78624
0.957958 1.7775
0.963964 1.76878
0.96997 1.76006
0.975976 1.75134
0.981982 1.74264
0.987988 1.73394
0.993994 1.72525
1 1.71657
1.00601 1.7079
1.01201 1.69925
1.01802 1.6906
1.02402 1.68197
1.03003 1.67335
1.03604 1.66474
1.04204 1.65615
1.04805 1.64757
1.05405 1.639
1.06006 1.63045
1.06607 1.62192
1.07207 1.6134
1.07808 1.6049
1.08408 1.59642
1.09009 1.58795
1.0961 1.57951
1.1021 1.57108
1.10811 1.56267
1.11411 1.55428
1.12012 1.54592
1.12613 1.53757
1.13213 1.52924
1.13814 1.52094
1.14414 1.51266
1.15015 1.5044
1.15616 1.49616
1.16216 1.48795
1.16817 1.47976
1.17417 1.47159
1.18018 1.46345
1.18619 1.45533
1.19219 1.44724
1.1982 1.43918
1.2042 1.43114
1.21021 1.42312
1.21622 1.41514
1.22222 1.40718
1.22823 1.39925
1.23423 1.39134
1.24024 1.38346
1.24625 1.37562
1.25225 1.3678
1.25826 1.36001
1.26426 1.35224
1.27027 1.34451
1.27628 1.33681
1.28228 1.32914
1.28829 1.32149
1.29429 1.31388
1.3003 1.3063
1.30631 1.29875
1.31231 1.29123
1.31832 1.28375
1.32432 1.27629
1.33033 1.26887
1.33634 1.26148
1.34234 1.25412
1.34835 1.24679
1.35435 1.2395
1.36036 1.23224
1.36637 1.22501
1.37237 1.21782
1.37838 1.21066
1.38438 1.20353
1.39039 1.19644
1.3964 1.18938
1.4024 1.18236
1.40841 1.17537
1.41441 1.16841
1.42042 1.16149
1.42643 1.15461
1.43243 1.14776
1.43844 1.14094
1.44444 1.13416
1.45045 1.12741
1.45646 1.1207
1.46246 1.11403
1.46847 1.10739
1.47447 1.10079
1.48048 1.09422
1.48649 1.08769
1.49249 1.08119
1.4985 1.07473
1.5045 1.06831
1.51051 1.06192
1.51652 1.05557
1.52252 1.04925
1.52853 1.04297
1.53453 1.03673
1.54054 1.03052
1.54655 1.02435
1.55255 1.01822
1.55856 1.01212
1.56456 1.00606
1.57057 1.00004
1.57658 0.99405
1.58258 0.988099
1.58859 0.982185
1.59459 0.976307
1.6006 0.970466
1.60661 0.964661
1.61261 0.958893
1.61862 0.953161
1.62462 0.947466
1.63063 0.941807
1.63664 0.936185
1.64264 0.930599
1.64865 0.925049
1.65465 0.919536
1.66066 0.914059
1.66667 0.908618
1.67267 0.903214
1.67868 0.897845
1.68468 0.892513
1.69069 0.887216
1.6967 0.881956
1.7027 0.876731
1.70871 0.871542
1.71471 0.866389
1.72072 0.861272
1.72673 0.85619
1.73273 0.851143
1.73874 0.846132
1.74474 0.841156
1.75075 0.836215
1.75676 0.831309
1.76276 0.826438
1.76877 0.821601
1.77477 0.8168
1.78078 0.812033
1.78679 0.8073
1.79279 0.802602
1.7988 0.797937
1.8048 0.793307
1.81081 0.78871
1.81682 0.784148
1.82282 0.779619
1.82883 0.775123
1.83483 0.77066
1.84084 0.766231
1.84685 0.761834
1.85285 0.757471
1.85886 0.753139
1.86486 0.748841
1.87087 0.744574
1.87688 0.74034
1.88288 0.736137
1.88889 0.731967
1.89489 0.727828
1.9009 0.72372
1.90691 0.719643
1.91291 0.715597
1.91892 0.711582
1.92492 0.707598
1.93093 0.703644
1.93694 0.69972
1.94294 0.695826
1.94895 0.691962
1.95495 0.688128
1.96096 0.684322
1.96697 0.680546
1.97297 0.676799
1.97898 0.673081
1.98498 0.669391
1.99099 0.66573
1.997 0.662097
2.003 0.658491
2.00901 0.654914
2.01502 0.651364
2.02102 0.647841
2.02703 0.644345
2.03303 0.640876
2.03904 0.637434
2.04505 0.634018
2.05105 0.630629
2.05706 0.627265
2.06306 0.623928
2.06907 0.620616
2.07508 0.61733
2.08108 0.614069
2.08709 0.610833
2.09309 0.607622
2.0991 0.604435
2.10511 0.601274
2.11111 0.598137
2.11712 0.595024
2.12312 0.591935
2.12913 0.58887
2.13514 0.585828
2.14114 0.582811
2.14715 0.579817
2.15315 0.576846
2.15916 0.573898
2.16517 0.570974
2.17117 0.568072
2.17718 0.565194
2.18318 0.562338
2.18919 0.559505
2.1952 0.556695
2.2012 0.553907
2.20721 0.551142
2.21321 0.548399
2.21922 0.545679
2.22523 0.542981
2.23123 0.540305
2.23724 0.537652
2.24324 0.535021
2.24925 0.532412
2.25526 0.529826
2.26126 0.527263
2.26727 0.524722
2.27327 0.522203
2.27928 0.519707
2.28529 0.517234
2.29129 0.514784
2.2973 0.512357
2.3033 0.509952
2.30931 0.507572
2.31532 0.505214
2.32132 0.50288
2.32733 0.50057
2.33333 0.498284
2.33934 0.496022
2.34535 0.493784
2.35135 0.491571
2.35736 0.489383
2.36336 0.487221
2.36937 0.485083
2.37538 0.482972
2.38138 0.480887
2.38739 0.478828
2.39339 0.476797
2.3994 0.474792
2.40541 0.472815
2.41141 0.470866
2.41742 0.468946
2.42342 0.467054
2.42943 0.465192
2.43544 0.463359
2.44144 0.461557
2.44745 0.459785
2.45345 0.458045
2.45946 0.456336
2.46547 0.454659
2.47147 0.453015
2.47748 0.451404
2.48348 0.449827
2.48949 0.448284
2.4955 0.446776
2.5015 0.445303
2.50751 0.443866
2.51351 0.442465
2.51952 0.441102
2.52553 0.439775
2.53153 0.438487
2.53754 0.437237
2.54354 0.436026
2.54955 0.434855
2.55556 0.433723
2.56156 0.432632
2.56757 0.431582
2.57357 0.430573
2.57958 0.429606
2.58559 0.428681
2.59159 0.427798
2.5976 0.426958
2.6036 0.426161
2.60961 0.425407
2.61562 0.424697
2.62162 0.42403
2.62763 0.423406
2.63363 0.422826
2.63964 0.42229
2.64565 0.421798
2.65165 0.421348
2.65766 0.420942
2.66366 0.420578
2.66967 0.420257
2.67568 0.419977
2.68168 0.419739
2.68769 0.419541
2.69369 0.419382
2.6997 0.419262
2.70571 0.419179
2.71171 0.419133
2.71772 0.419122
2.72372 0.419143
2.72973 0.419197
2.73574 0.41928
2.74174 0.419391
2.74775 0.419527
2.75375 0.419686
2.75976 0.419866
2.76577 0.420063
2.77177 0.420274
2.77778 0.420496
2.78378 0.420726
2.78979 0.420959
2.7958 0.421191
2.8018 0.421418
2.80781 0.421636
2.81381 0.421838
2.81982 0.422019
2.82583 0.422174
2.83183 0.422296
2.83784 0.422379
2.84384 0.422417
2.84985 0.4224
2.85586 0.422322
2.86186 0.422174
2.86787 0.421948
2.87387 0.421633
2.87988 0.421221
2.88589 0.420701
2.89189 0.420061
2.8979 0.419291
2.9039 0.418378
2.90991 0.41731
2.91592 0.416072
2.92192 0.41465
2.92793 0.413031
2.93393 0.411197
2.93994 0.409133
2.94595 0.406821
2.95195 0.404244
2.95796 0.401381
2.96396 0.398214
2.96997 0.394722
2.97598 0.390882
2.98198 0.386673
2.98799 0.382069
2.99399 0.377047
3 0.371579
