-5 1.32798
-4.995 1.04132
-4.98999 0.785433
-4.98499 0.558047
-4.97999 0.357038
-4.97499 0.180401
-4.96998 0.0262552
-4.96498 -0.107167
-4.95998 -0.221525
-4.95498 -0.318374
-4.94997 -0.399171
-4.94497 -0.465282
-4.93997 -0.517985
-4.93497 -0.558475
-4.92996 -0.587867
-4.92496 -0.607204
-4.91996 -0.617459
-4.91496 -0.619535
-4.90995 -0.614277
-4.90495 -0.602468
-4.89995 -0.584836
-4.89495 -0.562057
-4.88994 -0.534757
-4.88494 -0.503515
-4.87994 -0.468866
-4.87494 -0.431305
-4.86993 -0.391285
-4.86493 -0.349226
-4.85993 -0.305512
-4.85493 -0.260495
-4.84992 -0.214496
-4.84492 -0.167809
-4.83992 -0.120702
-4.83492 -0.0734155
-4.82991 -0.0261697
-4.82491 0.0208383
-4.81991 0.0674312
-4.81491 0.11345
-4.8099 0.158755
-4.8049 0.203221
-4.7999 0.246737
-4.7949 0.28921
-4.78989 0.330555
-4.78489 0.370703
-4.77989 0.409594
-4.77489 0.447179
-4.76988 0.483417
-4.76488 0.518279
-4.75988 0.551741
-4.75488 0.583787
-4.74987 0.614407
-4.74487 0.643599
-4.73987 0.671364
-4.73487 0.69771
-4.72986 0.722648
-4.72486 0.746195
-4.71986 0.768369
-4.71486 0.789193
-4.70985 0.808693
-4.70485 0.826895
-4.69985 0.84383
-4.69485 0.85953
-4.68984 0.874027
-4.68484 0.887358
-4.67984 0.899556
-4.67484 0.91066
-4.66983 0.920707
-4.66483 0.929733
-4.65983 0.937778
-4.65483 0.944879
-4.64982 0.951076
-4.64482 0.956405
-4.63982 0.960906
-4.63482 0.964615
-4.62981 0.967571
-4.62481 0.969809
-4.61981 0.971366
-4.61481 0.972278
-4.6098 0.972579
-4.6048 0.972303
-4.5998 0.971484
-4.5948 0.970153
-4.58979 0.968343
-4.58479 0.966084
-4.57979 0.963405
-4.57479 0.960336
-4.56978 0.956904
-4.56478 0.953136
-4.55978 0.949057
-4.55478 0.944693
-4.54977 0.940068
-4.54477 0.935203
-4.53977 0.930122
-4.53477 0.924846
-4.52976 0.919394
-4.52476 0.913785
-4.51976 0.908038
-4.51476 0.90217
-4.50975 0.896197
-4.50475 0.890136
-4.49975 0.884
-4.49475 0.877804
-4.48974 0.871561
-4.48474 0.865283
-4.47974 0.858982
-4.47474 0.852669
-4.46973 0.846353
-4.46473 0.840045
-4.45973 0.833753
-4.45473 0.827485
-4.44972 0.821249
-4.44472 0.815052
-4.43972 0.808901
-4.43472 0.802801
-4.42971 0.796757
-4.42471 0.790774
-4.41971 0.784858
-4.41471 0.779011
-4.4097 0.773238
-4.4047 0.767541
-4.3997 0.761923
-4.3947 0.756387
-4.38969 0.750934
-4.38469 0.745567
-4.37969 0.740286
-4.37469 0.735093
-4.36968 0.729988
-4.36468 0.724972
-4.35968 0.720046
-4.35468 0.715209
-4.34967 0.710461
-4.34467 0.705802
-4.33967 0.701232
-4.33467 0.696749
-4.32966 0.692354
-4.32466 0.688045
-4.31966 0.683821
-4.31466 0.67968
-4.30965 0.675622
-4.30465 0.671645
-4.29965 0.667748
-4.29465 0.66393
-4.28964 0.660187
-4.28464 0.65652
-4.27964 0.652925
-4.27464 0.649402
-4.26963 0.645949
-4.26463 0.642563
-4.25963 0.639244
-4.25463 0.635988
-4.24962 0.632795
-4.24462 0.629662
-4.23962 0.626588
-4.23462 0.623571
-4.22961 0.620608
-4.22461 0.617699
-4.21961 0.61484
-4.21461 0.612032
-4.2096 0.609271
-4.2046 0.606556
-4.1996 0.603885
-4.1946 0.601257
-4.18959 0.598671
-4.18459 0.596123
-4.17959 0.593614
-4.17459 0.591141
-4.16958 0.588703
-4.16458 0.586298
-4.15958 0.583926
-4.15458 0.581585
-4.14957 0.579273
-4.14457 0.576989
-4.13957 0.574732
-4.13457 0.572502
-4.12956 0.570296
-4.12456 0.568114
-4.11956 0.565955
-4.11456 0.563817
-4.10955 0.5617
-4.10455 0.559603
-4.09955 0.557526
-4.09455 0.555466
-4.08954 0.553424
-4.08454 0.551399
-4.07954 0.549391
-4.07454 0.547397
-4.06953 0.545418
-4.06453 0.543454
-4.05953 0.541504
-4.05453 0.539567
-4.04952 0.537642
-4.04452 0.53573
-4.03952 0.53383
-4.03452 0.531942
-4.02951 0.530065
-4.02451 0.528199
-4.01951 0.526344
-4.01451 0.524499
-4.0095 0.522664
-4.0045 0.52084
-3.9995 0.519025
-3.9945 0.51722
-3.98949 0.515424
-3.98449 0.513638
-3.97949 0.511862
-3.97449 0.510094
-3.96948 0.508336
-3.96448 0.506587
-3.95948 0.504847
-3.95448 0.503116
-3.94947 0.501395
-3.94447 0.499682
-3.93947 0.497979
-3.93447 0.496284
-3.92946 0.494599
-3.92446 0.492923
-3.91946 0.491257
-3.91446 0.4896
-3.90945 0.487952
-3.90445 0.486314
-3.89945 0.484685
-3.89445 0.483067
-3.88944 0.481458
-3.88444 0.479858
-3.87944 0.478269
-3.87444 0.47669
-3.86943 0.475121
-3.86443 0.473562
-3.85943 0.472014
-3.85443 0.470476
-3.84942 0.468949
-3.84442 0.467433
-3.83942 0.465927
-3.83442 0.464432
-3.82941 0.462948
-3.82441 0.461476
-3.81941 0.460014
-3.81441 0.458564
-3.8094 0.457125
-3.8044 0.455698
-3.7994 0.454282
-3.7944 0.452878
-3.78939 0.451485
-3.78439 0.450105
-3.77939 0.448736
-3.77439 0.447379
-3.76938 0.446035
-3.76438 0.444702
-3.75938 0.443381
-3.75438 0.442073
-3.74937 0.440777
-3.74437 0.439493
-3.73937 0.438222
-3.73437 0.436963
-3.72936 0.435716
-3.72436 0.434482
-3.71936 0.43326
-3.71436 0.432051
-3.70935 0.430854
-3.70435 0.42967
-3.69935 0.428498
-3.69435 0.427339
-3.68934 0.426192
-3.68434 0.425058
-3.67934 0.423937
-3.67434 0.422828
-3.66933 0.421731
-3.66433 0.420648
-3.65933 0.419576
-3.65433 0.418517
-3.64932 0.417471
-3.64432 0.416437
-3.63932 0.415416
-3.63432 0.414406
-3.62931 0.41341
-3.62431 0.412425
-3.61931 0.411453
-3.61431 0.410493
-3.6093 0.409546
-3.6043 0.40861
-3.5993 0.407687
-3.5943 0.406775
-3.58929 0.405876
-3.58429 0.404989
-3.57929 0.404113
-3.57429 0.40325
-3.56928 0.402398
-3.56428 0.401558
-3.55928 0.40073
-3.55428 0.399914
-3.54927 0.399109
-3.54427 0.398316
-3.53927 0.397534
-3.53427 0.396763
-3.52926 0.396004
-3.52426 0.395257
-3.51926 0.39452
-3.51426 0.393795
-3.50925 0.393081
-3.50425 0.392378
-3.49925 0.391686
-3.49425 0.391005
-3.48924 0.390334
-3.48424 0.389675
-3.47924 0.389027
-3.47424 0.388389
-3.46923 0.387762
-3.46423 0.387145
-3.45923 0.386539
-3.45423 0.385944
-3.44922 0.385359
-3.44422 0.384784
-3.43922 0.38422
-3.43422 0.383666
-3.42921 0.383123
-3.42421 0.382589
-3.41921 0.382066
-3.41421 0.381553
-3.4092 0.381049
-3.4042 0.380556
-3.3992 0.380073
-3.3942 0.3796
-3.38919 0.379136
-3.38419 0.378683
-3.37919 0.378239
-3.37419 0.377805
-3.36918 0.377381
-3.36418 0.376966
-3.35918 0.376561
-3.35418 0.376166
-3.34917 0.37578
-3.34417 0.375403
-3.33917 0.375037
-3.33417 0.374679
-3.32916 0.374332
-3.32416 0.373993
-3.31916 0.373664
-3.31416 0.373345
-3.30915 0.373034
-3.30415 0.372733
-3.29915 0.372442
-3.29415 0.372159
-3.28914 0.371886
-3.28414 0.371622
-3.27914 0.371367
-3.27414 0.371122
-3.26913 0.370886
-3.26413 0.370658
-3.25913 0.370441
-3.25413 0.370232
-3.24912 0.370032
-3.24412 0.369841
-3.23912 0.36966
-3.23412 0.369488
-3.22911 0.369324
-3.22411 0.36917
-3.21911 0.369025
-3.21411 0.368889
-3.2091 0.368762
-3.2041 0.368644
-3.1991 0.368536
-3.1941 0.368436
-3.18909 0.368345
-3.18409 0.368263
-3.17909 0.368191
-3.17409 0.368127
-3.16908 0.368073
-3.16408 0.368027
-3.15908 0.367991
-3.15408 0.367964
-3.14907 0.367946
-3.14407 0.367936
-3.13907 0.367936
-3.13407 0.367945
-3.12906 0.367963
-3.12406 0.367991
-3.11906 0.368027
-3.11406 0.368072
-3.10905 0.368127
-3.10405 0.36819
-3.09905 0.368263
-3.09405 0.368345
-3.08904 0.368436
-3.08404 0.368536
-3.07904 0.368646
-3.07404 0.368764
-3.06903 0.368892
-3.06403 0.369029
-3.05903 0.369175
-3.05403 0.369331
-3.04902 0.369495
-3.04402 0.369669
-3.03902 0.369852
-3.03402 0.370045
-3.02901 0.370246
-3.02401 0.370457
-3.01901 0.370678
-3.01401 0.370907
-3.009 0.371147
-3.004 0.371395
-2.999 0.371653
-2.994 0.37192
-2.98899 0.372197
-2.98399 0.372483
-2.97899 0.372778
-2.97399 0.373083
-2.96898 0.373398
-2.96398 0.373722
-2.95898 0.374055
-2.95398 0.374398
-2.94897 0.374751
-2.94397 0.375113
-2.93897 0.375485
-2.93397 0.375867
-2.92896 0.376258
-2.92396 0.376658
-2.91896 0.377069
-2.91396 0.377489
-2.90895 0.377919
-2.90395 0.378359
-2.89895 0.378808
-2.89395 0.379267
-2.88894 0.379736
-2.88394 0.380215
-2.87894 0.380704
-2.87394 0.381203
-2.86893 0.381711
-2.86393 0.38223
-2.85893 0.382758
-2.85393 0.383297
-2.84892 0.383845
-2.84392 0.384404
-2.83892 0.384972
-2.83392 0.385551
-2.82891 0.38614
-2.82391 0.386739
-2.81891 0.387348
-2.81391 0.387968
-2.8089 0.388597
-2.8039 0.389237
-2.7989 0.389887
-2.7939 0.390548
-2.78889 0.391219
-2.78389 0.3919
-2.77889 0.392592
-2.77389 0.393294
-2.76888 0.394007
-2.76388 0.39473
-2.75888 0.395464
-2.75388 0.396208
-2.74887 0.396963
-2.74387 0.397729
-2.73887 0.398505
-2.73387 0.399292
-2.72886 0.40009
-2.72386 0.400899
-2.71886 0.401718
-2.71386 0.402548
-2.70885 0.40339
-2.70385 0.404242
-2.69885 0.405105
-2.69385 0.405979
-2.68884 0.406865
-2.68384 0.407761
-2.67884 0.408669
-2.67384 0.409588
-2.66883 0.410518
-2.66383 0.411459
-2.65883 0.412412
-2.65383 0.413376
-2.64882 0.414351
-2.64382 0.415338
-2.63882 0.416336
-2.63382 0.417346
-2.62881 0.418368
-2.62381 0.419401
-2.61881 0.420446
-2.61381 0.421502
-2.6088 0.42257
-2.6038 0.423651
-2.5988 0.424743
-2.5938 0.425847
-2.58879 0.426962
-2.58379 0.42809
-2.57879 0.42923
-2.57379 0.430383
-2.56878 0.431547
-2.56378 0.432724
-2.55878 0.433912
-2.55378 0.435114
-2.54877 0.436327
-2.54377 0.437553
-2.53877 0.438792
-2.53377 0.440043
-2.52876 0.441307
-2.52376 0.442583
-2.51876 0.443872
-2.51376 0.445174
-2.50875 0.446489
-2.50375 0.447817
-2.49875 0.449157
-2.49375 0.450511
-2.48874 0.451878
-2.48374 0.453257
-2.47874 0.454651
-2.47374 0.456057
-2.46873 0.457476
-2.46373 0.458909
-2.45873 0.460356
-2.45373 0.461816
-2.44872 0.463289
-2.44372 0.464777
-2.43872 0.466278
-2.43372 0.467792
-2.42871 0.469321
-2.42371 0.470863
-2.41871 0.472419
-2.41371 0.47399
-2.4087 0.475574
-2.4037 0.477173
-2.3987 0.478786
-2.3937 0.480413
-2.38869 0.482054
-2.38369 0.48371
-2.37869 0.485381
-2.37369 0.487066
-2.36868 0.488765
-2.36368 0.49048
-2.35868 0.492209
-2.35368 0.493953
-2.34867 0.495712
-2.34367 0.497486
-2.33867 0.499275
-2.33367 0.501079
-2.32866 0.502898
-2.32366 0.504733
-2.31866 0.506583
-2.31366 0.508448
-2.30865 0.510329
-2.30365 0.512226
-2.29865 0.514138
-2.29365 0.516066
-2.28864 0.51801
-2.28364 0.519969
-2.27864 0.521945
-2.27364 0.523936
-2.26863 0.525944
-2.26363 0.527968
-2.25863 0.530008
-2.25363 0.532065
-2.24862 0.534137
-2.24362 0.536227
-2.23862 0.538333
-2.23362 0.540455
-2.22861 0.542595
-2.22361 0.544751
-2.21861 0.546924
-2.21361 0.549114
-2.2086 0.551321
-2.2036 0.553545
-2.1986 0.555787
-2.1936 0.558045
-2.18859 0.560322
-2.18359 0.562615
-2.17859 0.564926
-2.17359 0.567255
-2.16858 0.569601
-2.16358 0.571965
-2.15858 0.574347
-2.15358 0.576747
-2.14857 0.579165
-2.14357 0.581601
-2.13857 0.584055
-2.13357 0.586527
-2.12856 0.589018
-2.12356 0.591527
-2.11856 0.594055
-2.11356 0.596601
-2.10855 0.599166
-2.10355 0.60175
-2.09855 0.604352
-2.09355 0.606974
-2.08854 0.609614
-2.08354 0.612274
-2.07854 0.614952
-2.07354 0.61765
-2.06853 0.620367
-2.06353 0.623104
-2.05853 0.62586
-2.05353 0.628636
-2.04852 0.631431
-2.04352 0.634246
-2.03852 0.637081
-2.03352 0.639935
-2.02851 0.64281
-2.02351 0.645705
-2.01851 0.64862
-2.01351 0.651555
-2.0085 0.65451
-2.0035 0.657486
-1.9985 0.660483
-1.9935 0.663499
-1.98849 0.666537
-1.98349 0.669595
-1.97849 0.672674
-1.97349 0.675774
-1.96848 0.678894
-1.96348 0.682036
-1.95848 0.685199
-1.95348 0.688383
-1.94847 0.691588
-1.94347 0.694815
-1.93847 0.698063
-1.93347 0.701332
-1.92846 0.704624
-1.92346 0.707936
-1.91846 0.711271
-1.91346 0.714627
-1.90845 0.718005
-1.90345 0.721405
-1.89845 0.724827
-1.89345 0.728272
-1.88844 0.731738
-1.88344 0.735227
-1.87844 0.738738
-1.87344 0.742271
-1.86843 0.745827
-1.86343 0.749405
-1.85843 0.753006
-1.85343 0.756629
-1.84842 0.760276
-1.84342 0.763945
-1.83842 0.767637
-1.83342 0.771352
-1.82841 0.77509
-1.82341 0.778851
-1.81841 0.782635
-1.81341 0.786442
-1.8084 0.790273
-1.8034 0.794127
-1.7984 0.798004
-1.7934 0.801905
-1.78839 0.80583
-1.78339 0.809777
-1.77839 0.813749
-1.77339 0.817744
-1.76838 0.821763
-1.76338 0.825806
-1.75838 0.829873
-1.75338 0.833963
-1.74837 0.838078
-1.74337 0.842216
-1.73837 0.846379
-1.73337 0.850566
-1.72836 0.854777
-1.72336 0.859012
-1.71836 0.863271
-1.71336 0.867555
-1.70835 0.871863
-1.70335 0.876196
-1.69835 0.880553
-1.69335 0.884934
-1.68834 0.88934
-1.68334 0.89377
-1.67834 0.898225
-1.67334 0.902705
-1.66833 0.907209
-1.66333 0.911738
-1.65833 0.916292
-1.65333 0.920871
-1.64832 0.925474
-1.64332 0.930102
-1.63832 0.934755
-1.63332 0.939433
-1.62831 0.944136
-1.62331 0.948863
-1.61831 0.953616
-1.61331 0.958393
-1.6083 0.963196
-1.6033 0.968023
-1.5983 0.972876
-1.5933 0.977753
-1.58829 0.982656
-1.58329 0.987583
-1.57829 0.992536
-1.57329 0.997513
-1.56828 1.00252
-1.56328 1.00754
-1.55828 1.0126
-1.55328 1.01767
-1.54827 1.02278
-1.54327 1.0279
-1.53827 1.03306
-1.53327 1.03823
-1.52826 1.04344
-1.52326 1.04866
-1.51826 1.05392
-1.51326 1.05919
-1.50825 1.0645
-1.50325 1.06982
-1.49825 1.07517
-1.49325 1.08055
-1.48824 1.08595
-1.48324 1.09138
-1.47824 1.09683
-1.47324 1.10231
-1.46823 1.10781
-1.46323 1.11333
-1.45823 1.11888
-1.45323 1.12445
-1.44822 1.13005
-1.44322 1.13568
-1.43822 1.14132
-1.43322 1.14699
-1.42821 1.15269
-1.42321 1.15841
-1.41821 1.16415
-1.41321 1.16992
-1.4082 1.17571
-1.4032 1.18153
-1.3982 1.18737
-1.3932 1.19323
-1.38819 1.19912
-1.38319 1.20503
-1.37819 1.21097
-1.37319 1.21692
-1.36818 1.2229
-1.36318 1.22891
-1.35818 1.23493
-1.35318 1.24099
-1.34817 1.24706
-1.34317 1.25315
-1.33817 1.25927
-1.33317 1.26541
-1.32816 1.27158
-1.32316 1.27776
-1.31816 1.28397
-1.31316 1.2902
-1.30815 1.29645
-1.30315 1.30273
-1.29815 1.30902
-1.29315 1.31534
-1.28814 1.32168
-1.28314 1.32804
-1.27814 1.33442
-1.27314 1.34082
-1.26813 1.34725
-1.26313 1.35369
-1.25813 1.36015
-1.25313 1.36664
-1.24812 1.37314
-1.24312 1.37967
-1.23812 1.38621
-1.23312 1.39278
-1.22811 1.39936
-1.22311 1.40596
-1.21811 1.41258
-1.21311 1.41923
-1.2081 1.42588
-1.2031 1.43256
-1.1981 1.43926
-1.1931 1.44597
-1.18809 1.45271
-1.18309 1.45946
-1.17809 1.46623
-1.17309 1.47301
-1.16808 1.47981
-1.16308 1.48663
-1.15808 1.49347
-1.15308 1.50032
-1.14807 1.50719
-1.14307 1.51407
-1.13807 1.52097
-1.13307 1.52789
-1.12806 1.53482
-1.12306 1.54176
-1.11806 1.54872
-1.11306 1.55569
-1.10805 1.56268
-1.10305 1.56968
-1.09805 1.5767
-1.09305 1.58373
-1.08804 1.59077
-1.08304 1.59783
-1.07804 1.60489
-1.07304 1.61197
-1.06803 1.61906
-1.06303 1.62617
-1.05803 1.63328
-1.05303 1.64041
-1.04802 1.64754
-1.04302 1.65469
-1.03802 1.66184
-1.03302 1.66901
-1.02801 1.67619
-1.02301 1.68337
-1.01801 1.69056
-1.01301 1.69776
-1.008 1.70497
-1.003 1.71219
-0.997999 1.71942
-0.992996 1.72665
-0.987994 1.73389
-0.982991 1.74113
-0.977989 1.74838
-0.972986 1.75564
-0.967984 1.7629
-0.962981 1.77017
-0.957979 1.77744
-0.952976 1.78472
-0.947974 1.792
-0.942971 1.79928
-0.937969 1.80656
-0.932966 1.81385
-0.927964 1.82114
-0.922961 1.82844
-0.917959 1.83573
-0.912956 1.84303
-0.907954 1.85032
-0.902951 1.85762
-0.897949 1.86491
-0.892946 1.87221
-0.887944 1.8795
-0.882941 1.8868
-0.877939 1.89409
-0.872936 1.90138
-0.867934 1.90867
-0.862931 1.91595
-0.857929 1.92323
-0.852926 1.93051
-0.847924 1.93778
-0.842921 1.94504
-0.837919 1.95231
-0.832916 1.95956
-0.827914 1.96681
-0.822911 1.97405
-0.817909 1.98129
-0.812906 1.98852
-0.807904 1.99574
-0.802901 2.00295
-0.797899 2.01016
-0.792896 2.01735
-0.787894 2.02453
-0.782891 2.03171
-0.777889 2.03887
-0.772886 2.04602
-0.767884 2.05316
-0.762881 2.06029
-0.757879 2.06741
-0.752876 2.07451
-0.747874 2.0816
-0.742871 2.08867
-0.737869 2.09573
-0.732866 2.10278
-0.727864 2.10981
-0.722861 2.11682
-0.717859 2.12382
-0.712856 2.1308
-0.707854 2.13776
-0.702851 2.1447
-0.697849 2.15163
-0.692846 2.15854
-0.687844 2.16542
-0.682841 2.17229
-0.677839 2.17914
-0.672836 2.18596
-0.667834 2.19277
-0.662831 2.19955
-0.657829 2.20631
-0.652826 2.21305
-0.647824 2.21976
-0.642821 2.22645
-0.637819 2.23311
-0.632816 2.23975
-0.627814 2.24636
-0.622811 2.25295
-0.617809 2.25951
-0.612806 2.26605
-0.607804 2.27255
-0.602801 2.27903
-0.597799 2.28548
-0.592796 2.2919
-0.587794 2.29829
-0.582791 2.30465
-0.577789 2.31098
-0.572786 2.31728
-0.567784 2.32355
-0.562781 2.32978
-0.557779 2.33598
-0.552776 2.34215
-0.547774 2.34829
-0.542771 2.35439
-0.537769 2.36045
-0.532766 2.36648
-0.527764 2.37248
-0.522761 2.37844
-0.517759 2.38436
-0.512756 2.39024
-0.507754 2.39609
-0.502751 2.4019
-0.497749 2.40767
-0.492746 2.4134
-0.487744 2.41909
-0.482741 2.42474
-0.477739 2.43035
-0.472736 2.43592
-0.467734 2.44145
-0.462731 2.44694
-0.457729 2.45238
-0.452726 2.45778
-0.447724 2.46313
-0.442721 2.46845
-0.437719 2.47371
-0.432716 2.47894
-0.427714 2.48412
-0.422711 2.48925
-0.417709 2.49433
-0.412706 2.49937
-0.407704 2.50436
-0.402701 2.5093
-0.397699 2.5142
-0.392696 2.51905
-0.387694 2.52384
-0.382691 2.52859
-0.377689 2.53329
-0.372686 2.53794
-0.367684 2.54254
-0.362681 2.54708
-0.357679 2.55158
-0.352676 2.55602
-0.347674 2.56041
-0.342671 2.56475
-0.337669 2.56903
-0.332666 2.57326
-0.327664 2.57744
-0.322661 2.58156
-0.317659 2.58563
-0.312656 2.58964
-0.307654 2.5936
-0.302651 2.5975
-0.297649 2.60135
-0.292646 2.60513
-0.287644 2.60886
-0.282641 2.61254
-0.277639 2.61615
-0.272636 2.61971
-0.267634 2.62321
-0.262631 2.62665
-0.257629 2.63003
-0.252626 2.63336
-0.247624 2.63662
-0.242621 2.63982
-0.237619 2.64296
-0.232616 2.64605
-0.227614 2.64907
-0.222611 2.65203
-0.217609 2.65493
-0.212606 2.65776
-0.207604 2.66054
-0.202601 2.66325
-0.197599 2.6659
-0.192596 2.66848
-0.187594 2.67101
-0.182591 2.67347
-0.177589 2.67586
-0.172586 2.6782
-0.167584 2.68047
-0.162581 2.68267
-0.157579 2.68481
-0.152576 2.68689
-0.147574 2.6889
-0.142571 2.69084
-0.137569 2.69272
-0.132566 2.69454
-0.127564 2.69628
-0.122561 2.69797
-0.117559 2.69958
-0.112556 2.70114
-0.107554 2.70262
-0.102551 2.70404
-0.0975488 2.70539
-0.0925463 2.70667
-0.0875438 2.70789
-0.0825413 2.70904
-0.0775388 2.71013
-0.0725363 2.71114
-0.0675338 2.71209
-0.0625313 2.71297
-0.0575288 2.71379
-0.0525263 2.71454
-0.0475238 2.71521
-0.0425213 2.71583
-0.0375188 2.71637
-0.0325163 2.71684
-0.0275138 2.71725
-0.0225113 2.71759
-0.0175088 2.71786
-0.0125063 2.71807
-0.00750375 2.7182
-0.00250125 2.71827
0.00250125 2.71827
0.00750375 2.7182
0.0125063 2.71807
0.0175088 2.71786
0.0225113 2.71759
0.0275138 2.71725
0.0325163 2.71684
0.0375188 2.71637
0.0425213 2.71583
0.0475238 2.71521
0.0525263 2.71454
0.0575288 2.71379
0.0625313 2.71297
0.0675338 2.71209
0.0725363 2.71114
0.0775388 2.71013
0.0825413 2.70904
0.0875438 2.70789
0.0925463 2.70667
0.0975488 2.70539
0.102551 2.70404
0.107554 2.70262
0.112556 2.70114
0.117559 2.69958
0.122561 2.69797
0.127564 2.69628
0.132566 2.69454
0.137569 2.69272
0.142571 2.69084
0.147574 2.6889
0.152576 2.68689
0.157579 2.68481
0.162581 2.68267
0.167584 2.68047
0.172586 2.6782
0.177589 2.67586
0.182591 2.67347
0.187594 2.67101
0.192596 2.66848
0.197599 2.6659
0.202601 2.66325
0.207604 2.66054
0.212606 2.65776
0.217609 2.65493
0.222611 2.65203
0.227614 2.64907
0.232616 2.64605
0.237619 2.64296
0.242621 2.63982
0.247624 2.63662
0.252626 2.63336
0.257629 2.63003
0.262631 2.62665
0.267634 2.62321
0.272636 2.61971
0.277639 2.61615
0.282641 2.61254
0.287644 2.60886
0.292646 2.60513
0.297649 2.60135
0.302651 2.5975
0.307654 2.5936
0.312656 2.58964
0.317659 2.58563
0.322661 2.58156
0.327664 2.57744
0.332666 2.57326
0.337669 2.56903
0.342671 2.56475
0.347674 2.56041
0.352676 2.55602
0.357679 2.55158
0.362681 2.54708
0.367684 2.54254
0.372686 2.53794
0.377689 2.53329
0.382691 2.52859
0.387694 2.52384
0.392696 2.51905
0.397699 2.5142
0.402701 2.5093
0.407704 2.50436
0.412706 2.49937
0.417709 2.49433
0.422711 2.48925
0.427714 2.48412
0.432716 2.47894
0.437719 2.47371
0.442721 2.46845
0.447724 2.46313
0.452726 2.45778
0.457729 2.45238
0.462731 2.44694
0.467734 2.44145
0.472736 2.43592
0.477739 2.43035
0.482741 2.42474
0.487744 2.41909
0.492746 2.4134
0.497749 2.40767
0.502751 2.4019
0.507754 2.39609
0.512756 2.39024
0.517759 2.38436
0.522761 2.37844
0.527764 2.37248
0.532766 2.36648
0.537769 2.36045
0.542771 2.35439
0.547774 2.34829
0.552776 2.34215
0.557779 2.33598
0.562781 2.32978
0.567784 2.32355
0.572786 2.31728
0.577789 2.31098
0.582791 2.30465
0.587794 2.29829
0.592796 2.2919
0.597799 2.28548
0.602801 2.27903
0.607804 2.27255
0.612806 2.26605
0.617809 2.25951
0.622811 2.25295
0.627814 2.24636
0.632816 2.23975
0.637819 2.23311
0.642821 2.22645
0.647824 2.21976
0.652826 2.21305
0.657829 2.20631
0.662831 2.19955
0.667834 2.19277
0.672836 2.18596
0.677839 2.17914
0.682841 2.17229
0.687844 2.16542
0.692846 2.15854
0.697849 2.15163
0.702851 2.1447
0.707854 2.13776
0.712856 2.1308
0.717859 2.12382
0.722861 2.11682
0.727864 2.10981
0.732866 2.10278
0.737869 2.09573
0.742871 2.08867
0.747874 2.0816
0.752876 2.07451
0.757879 2.06741
0.762881 2.06029
0.767884 2.05316
0.772886 2.04602
0.777889 2.03887
0.782891 2.03171
0.787894 2.02453
0.792896 2.01735
0.797899 2.01016
0.802901 2.00295
0.807904 1.99574
0.812906 1.98852
0.817909 1.98129
0.822911 1.97405
0.827914 1.96681
0.832916 1.95956
0.837919 1.95231
0.842921 1.94504
0.847924 1.93778
0.852926 1.93051
0.857929 1.92323
0.862931 1.91595
0.867934 1.90867
0.872936 1.90138
0.877939 1.89409
0.882941 1.8868
0.887944 1.8795
0.892946 1.87221
0.897949 1.86491
0.902951 1.85762
0.907954 1.85032
0.912956 1.84303
0.917959 1.83573
0.922961 1.82844
0.927964 1.82114
0.932966 1.81385
0.937969 1.80656
0.942971 1.79928
0.947974 1.792
0.952976 1.78472
0.957979 1.77744
0.962981 1.77017
0.967984 1.7629
0.972986 1.75564
0.977989 1.74838
0.982991 1.74113
0.987994 1.73389
0.992996 1.72665
0.997999 1.71942
1.003 1.71219
1.008 1.70497
1.01301 1.69776
1.01801 1.69056
1.02301 1.68337
1.02801 1.67619
1.03302 1.66901
1.03802 1.66184
1.04302 1.65469
1.04802 1.64754
1.05303 1.64041
1.05803 1.63328
1.06303 1.62617
1.06803 1.61906
1.07304 1.61197
1.07804 1.60489
1.08304 1.59783
1.08804 1.59077
1.09305 1.58373
1.09805 1.5767
1.10305 1.56968
1.10805 1.56268
1.11306 1.55569
1.11806 1.54872
1.12306 1.54176
1.12806 1.53482
1.13307 1.52789
1.13807 1.52097
1.14307 1.51407
1.14807 1.50719
1.15308 1.50032
1.15808 1.49347
1.16308 1.48663
1.16808 1.47981
1.17309 1.47301
1.17809 1.46623
1.18309 1.45946
1.18809 1.45271
1.1931 1.44597
1.1981 1.43926
1.2031 1.43256
1.2081 1.42588
1.21311 1.41923
1.21811 1.41258
1.22311 1.40596
1.22811 1.39936
1.23312 1.39278
1.23812 1.38621
1.24312 1.37967
1.24812 1.37314
1.25313 1.36664
1.25813 1.36015
1.26313 1.35369
1.26813 1.34725
1.27314 1.34082
1.27814 1.33442
1.28314 1.32804
1.28814 1.32168
1.29315 1.31534
1.29815 1.30902
1.30315 1.30273
1.30815 1.29645
1.31316 1.2902
1.31816 1.28397
1.32316 1.27776
1.32816 1.27158
1.33317 1.26541
1.33817 1.25927
1.34317 1.25315
1.34817 1.24706
1.35318 1.24099
1.35818 1.23493
1.36318 1.22891
1.36818 1.2229
1.37319 1.21692
1.37819 1.21097
1.38319 1.20503
1.38819 1.19912
1.3932 1.19323
1.3982 1.18737
1.4032 1.18153
1.4082 1.17571
1.41321 1.16992
1.41821 1.16415
1.42321 1.15841
1.42821 1.15269
1.43322 1.14699
1.43822 1.14132
1.44322 1.13568
1.44822 1.13005
1.45323 1.12445
1.45823 1.11888
1.46323 1.11333
1.46823 1.10781
1.47324 1.10231
1.47824 1.09683
1.48324 1.09138
1.48824 1.08595
1.49325 1.08055
1.49825 1.07517
1.50325 1.06982
1.50825 1.0645
1.51326 1.05919
1.51826 1.05392
1.52326 1.04866
1.52826 1.04344
1.53327 1.03823
1.53827 1.03306
1.54327 1.0279
1.54827 1.02278
1.55328 1.01767
1.55828 1.0126
1.56328 1.00754
1.56828 1.00252
1.57329 0.997513
1.57829 0.992536
1.58329 0.987583
1.58829 0.982656
1.5933 0.977753
1.5983 0.972876
1.6033 0.968023
1.6083 0.963196
1.61331 0.958393
1.61831 0.953616
1.62331 0.948863
1.62831 0.944136
1.63332 0.939433
1.63832 0.934755
1.64332 0.930102
1.64832 0.925474
1.65333 0.920871
1.65833 0.916292
1.66333 0.911738
1.66833 0.907209
1.67334 0.902705
1.67834 0.898225
1.68334 0.89377
1.68834 0.88934
1.69335 0.884934
1.69835 0.880553
1.70335 0.876196
1.70835 0.871863
1.71336 0.867555
1.71836 0.863271
1.72336 0.859012
1.72836 0.854777
1.73337 0.850566
1.73837 0.846379
1.74337 0.842216
1.74837 0.838078
1.75338 0.833963
1.75838 0.829873
1.76338 0.825806
1.76838 0.821763
1.77339 0.817744
1.77839 0.813749
1.78339 0.809777
1.78839 0.80583
1.7934 0.801905
1.7984 0.798004
1.8034 0.794127
1.8084 0.790273
1.81341 0.786442
1.81841 0.782635
1.82341 0.778851
1.82841 0.77509
1.83342 0.771352
1.83842 0.767637
1.84342 0.763945
1.84842 0.760276
1.85343 0.756629
1.85843 0.753006
1.86343 0.749405
1.86843 0.745827
1.87344 0.742271
1.87844 0.738738
1.88344 0.735227
1.88844 0.731738
1.89345 0.728272
1.89845 0.724827
1.90345 0.721405
1.90845 0.718005
1.91346 0.714627
1.91846 0.711271
1.92346 0.707936
1.92846 0.704624
1.93347 0.701332
1.93847 0.698063
1.94347 0.694815
1.94847 0.691588
1.95348 0.688383
1.95848 0.685199
1.96348 0.682036
1.96848 0.678894
1.97349 0.675774
1.97849 0.672674
1.98349 0.669595
1.98849 0.666537
1.9935 0.663499
1.9985 0.660483
2.0035 0.657486
2.0085 0.65451
2.01351 0.651555
2.01851 0.64862
2.02351 0.645705
2.02851 0.64281
2.03352 0.639935
2.03852 0.637081
2.04352 0.634246
2.04852 0.631431
2.05353 0.628636
2.05853 0.62586
2.06353 0.623104
2.06853 0.620367
2.07354 0.61765
2.07854 0.614952
2.08354 0.612274
2.08854 0.609614
2.09355 0.606974
2.09855 0.604352
2.10355 0.60175
2.10855 0.599166
2.11356 0.596601
2.11856 0.594055
2.12356 0.591527
2.12856 0.589018
2.13357 0.586527
2.13857 0.584055
2.14357 0.581601
2.14857 0.579165
2.15358 0.576747
2.15858 0.574347
2.16358 0.571965
2.16858 0.569601
2.17359 0.567255
2.17859 0.564926
2.18359 0.562615
2.18859 0.560322
2.1936 0.558045
2.1986 0.555787
2.2036 0.553545
2.2086 0.551321
2.21361 0.549114
2.21861 0.546924
2.22361 0.544751
2.22861 0.542595
2.23362 0.540455
2.23862 0.538333
2.24362 0.536227
2.24862 0.534137
2.25363 0.532065
2.25863 0.530008
2.26363 0.527968
2.26863 0.525944
2.27364 0.523936
2.27864 0.521945
2.28364 0.519969
2.28864 0.51801
2.29365 0.516066
2.29865 0.514138
2.30365 0.512226
2.30865 0.510329
2.31366 0.508448
2.31866 0.506583
2.32366 0.504733
2.32866 0.502898
2.33367 0.501079
2.33867 0.499275
2.34367 0.497486
2.34867 0.495712
2.35368 0.493953
2.35868 0.492209
2.36368 0.49048
2.36868 0.488765
2.37369 0.487066
2.37869 0.485381
2.38369 0.48371
2.38869 0.482054
2.3937 0.480413
2.3987 0.478786
2.4037 0.477173
2.4087 0.475574
2.41371 0.47399
2.41871 0.472419
2.42371 0.470863
2.42871 0.469321
2.43372 0.467792
2.43872 0.466278
2.44372 0.464777
2.44872 0.463289
2.45373 0.461816
2.45873 0.460356
2.46373 0.458909
2.46873 0.457476
2.47374 0.456057
2.47874 0.454651
2.48374 0.453257
2.48874 0.451878
2.49375 0.450511
2.49875 0.449157
2.50375 0.447817
2.50875 0.446489
2.51376 0.445174
2.51876 0.443872
2.52376 0.442583
2.52876 0.441307
2.53377 0.440043
2.53877 0.438792
2.54377 0.437553
2.54877 0.436327
2.55378 0.435114
2.55878 0.433912
2.56378 0.432724
2.56878 0.431547
2.57379 0.430383
2.57879 0.42923
2.58379 0.42809
2.58879 0.426962
2.5938 0.425847
2.5988 0.424743
2.6038 0.423651
2.6088 0.42257
2.61381 0.421502
2.61881 0.420446
2.62381 0.419401
2.62881 0.418368
2.63382 0.417346
2.63882 0.416336
2.64382 0.415338
2.64882 0.414351
2.65383 0.413376
2.65883 0.412412
2.66383 0.411459
2.66883 0.410518
2.67384 0.409588
2.67884 0.408669
2.68384 0.407761
2.68884 0.406865
2.69385 0.405979
2.69885 0.405105
2.70385 0.404242
2.70885 0.40339
2.71386 0.402548
2.71886 0.401718
2.72386 0.400899
2.72886 0.40009
2.73387 0.399292
2.73887 0.398505
2.74387 0.397729
2.74887 0.396963
2.75388 0.396208
2.75888 0.395464
2.76388 0.39473
2.76888 0.394007
2.77389 0.393294
2.77889 0.392592
2.78389 0.3919
2.78889 0.391219
2.7939 0.390548
2.7989 0.389887
2.8039 0.389237
2.8089 0.388597
2.81391 0.387968
2.81891 0.387348
2.82391 0.386739
2.82891 0.38614
2.83392 0.385551
2.83892 0.384972
2.84392 0.384404
2.84892 0.383845
2.85393 0.383297
2.85893 0.382758
2.86393 0.38223
2.86893 0.381711
2.87394 0.381203
2.87894 0.380704
2.88394 0.380215
2.88894 0.379736
2.89395 0.379267
2.89895 0.378808
2.90395 0.378359
2.90895 0.377919
2.91396 0.377489
2.91896 0.377069
2.92396 0.376658
2.92896 0.376258
2.93397 0.375867
2.93897 0.375485
2.94397 0.375113
2.94897 0.374751
2.95398 0.374398
2.95898 0.374055
2.96398 0.373722
2.96898 0.373398
2.97399 0.373083
2.97899 0.372778
2.98399 0.372483
2.98899 0.372197
2.994 0.37192
2.999 0.371653
3.004 0.371395
3.009 0.371147
3.01401 0.370907
3.01901 0.370678
3.02401 0.370457
3.02901 0.370246
3.03402 0.370045
3.03902 0.369852
3.04402 0.369669
3.04902 0.369495
3.05403 0.369331
3.05903 0.369175
3.06403 0.369029
3.06903 0.368892
3.07404 0.368764
3.07904 0.368646
3.08404 0.368536
3.08904 0.368436
3.09405 0.368345
3.09905 0.368263
3.10405 0.36819
3.10905 0.368127
3.11406 0.368072
3.11906 0.368027
3.12406 0.367991
3.12906 0.367963
3.13407 0.367945
3.13907 0.367936
3.14407 0.367936
3.14907 0.367946
3.15408 0.367964
3.15908 0.367991
3.16408 0.368027
3.16908 0.368073
3.17409 0.368127
3.17909 0.368191
3.18409 0.368263
3.18909 0.368345
3.1941 0.368436
3.1991 0.368536
3.2041 0.368644
3.2091 0.368762
3.21411 0.368889
3.21911 0.369025
3.22411 0.36917
3.22911 0.369324
3.23412 0.369488
3.23912 0.36966
3.24412 0.369841
3.24912 0.370032
3.25413 0.370232
3.25913 0.370441
3.26413 0.370658
3.26913 0.370886
3.27414 0.371122
3.27914 0.371367
3.28414 0.371622
3.28914 0.371886
3.29415 0.372159
3.29915 0.372442
3.30415 0.372733
3.30915 0.373034
3.31416 0.373345
3.31916 0.373664
3.32416 0.373993
3.32916 0.374332
3.33417 0.374679
3.33917 0.375037
3.34417 0.375403
3.34917 0.37578
3.35418 0.376166
3.35918 0.376561
3.36418 0.376966
3.36918 0.377381
3.37419 0.377805
3.37919 0.378239
3.38419 0.378683
3.38919 0.379136
3.3942 0.3796
3.3992 0.380073
3.4042 0.380556
3.4092 0.381049
3.41421 0.381553
3.41921 0.382066
3.42421 0.382589
3.42921 0.383123
3.43422 0.383666
3.43922 0.38422
3.44422 0.384784
3.44922 0.385359
3.45423 0.385944
3.45923 0.386539
3.46423 0.387145
3.46923 0.387762
3.47424 0.388389
3.47924 0.389027
3.48424 0.389675
3.48924 0.390334
3.49425 0.391005
3.49925 0.391686
3.50425 0.392378
3.50925 0.393081
3.51426 0.393795
3.51926 0.39452
3.52426 0.395257
3.52926 0.396004
3.53427 0.396763
3.53927 0.397534
3.54427 0.398316
3.54927 0.399109
3.55428 0.399914
3.55928 0.40073
3.56428 0.401558
3.56928 0.402398
3.57429 0.40325
3.57929 0.404113
3.58429 0.404989
3.58929 0.405876
3.5943 0.406775
3.5993 0.407687
3.6043 0.40861
3.6093 0.409546
3.61431 0.410493
3.61931 0.411453
3.62431 0.412425
3.62931 0.41341
3.63432 0.414406
3.63932 0.415416
3.64432 0.416437
3.64932 0.417471
3.65433 0.418517
3.65933 0.419576
3.66433 0.420648
3.66933 0.421731
3.67434 0.422828
3.67934 0.423937
3.68434 0.425058
3.68934 0.426192
3.69435 0.427339
3.69935 0.428498
3.70435 0.42967
3.70935 0.430854
3.71436 0.432051
3.71936 0.43326
3.72436 0.434482
3.72936 0.435716
3.73437 0.436963
3.73937 0.438222
3.74437 0.439493
3.74937 0.440777
3.75438 0.442073
3.75938 0.443381
3.76438 0.444702
3.76938 0.446035
3.77439 0.447379
3.77939 0.448736
3.78439 0.450105
3.78939 0.451485
3.7944 0.452878
3.7994 0.454282
3.8044 0.455698
3.8094 0.457125
3.81441 0.458564
3.81941 0.460014
3.82441 0.461476
3.82941 0.462948
3.83442 0.464432
3.83942 0.465927
3.84442 0.467433
3.84942 0.468949
3.85443 0.470476
3.85943 0.472014
3.86443 0.473562
3.86943 0.475121
3.87444 0.47669
3.87944 0.478269
3.88444 0.479858
3.88944 0.481458
3.89445 0.483067
3.89945 0.484685
3.90445 0.486314
3.90945 0.487952
3.91446 0.4896
3.91946 0.491257
3.92446 0.492923
3.92946 0.494599
3.93447 0.496284
3.93947 0.497979
3.94447 0.499682
3.94947 0.501395
3.95448 0.503116
3.95948 0.504847
3.96448 0.506587
3.96948 0.508336
3.97449 0.510094
3.97949 0.511862
3.98449 0.513638
3.98949 0.515424
3.9945 0.51722
3.9995 0.519025
4.0045 0.52084
4.0095 0.522664
4.01451 0.524499
4.01951 0.526344
4.02451 0.528199
4.02951 0.530065
4.03452 0.531942
4.03952 0.53383
4.04452 0.53573
4.04952 0.537642
4.05453 0.539567
4.05953 0.541504
4.06453 0.543454
4.06953 0.545418
4.07454 0.547397
4.07954 0.549391
4.08454 0.551399
4.08954 0.553424
4.09455 0.555466
4.09955 0.557526
4.10455 0.559603
4.10955 0.5617
4.11456 0.563817
4.11956 0.565955
4.12456 0.568114
4.12956 0.570296
4.13457 0.572502
4.13957 0.574732
4.14457 0.576989
4.14957 0.579273
4.15458 0.581585
4.15958 0.583926
4.16458 0.586298
4.16958 0.588703
4.17459 0.591141
4.17959 0.593614
4.18459 0.596123
4.18959 0.598671
4.1946 0.601257
4.1996 0.603885
4.2046 0.606556
4.2096 0.609271
4.21461 0.612032
4.21961 0.61484
4.22461 0.617699
4.22961 0.620608
4.23462 0.623571
4.23962 0.626588
4.24462 0.629662
4.24962 0.632795
4.25463 0.635988
4.25963 0.639244
4.26463 0.642563
4.26963 0.645949
4.27464 0.649402
4.27964 0.652925
4.28464 0.65652
4.28964 0.660187
4.29465 0.66393
4.29965 0.667748
4.30465 0.671645
4.30965 0.675622
4.31466 0.67968
4.31966 0.683821
4.32466 0.688045
4.32966 0.692354
4.33467 0.696749
4.33967 0.701232
4.34467 0.705802
4.34967 0.710461
4.35468 0.715209
4.35968 0.720046
4.36468 0.724972
4.36968 0.729988
4.37469 0.735093
4.37969 0.740286
4.38469 0.745567
4.38969 0.750934
4.3947 0.756387
4.3997 0.761923
4.4047 0.767541
4.4097 0.773238
4.41471 0.779011
4.41971 0.784858
4.42471 0.790774
4.42971 0.796757
4.43472 0.802801
4.43972 0.808901
4.44472 0.815052
4.44972 0.821249
4.45473 0.827485
4.45973 0.833753
4.46473 0.840045
4.46973 0.846353
4.47474 0.852669
4.47974 0.858982
4.48474 0.865283
4.48974 0.871561
4.49475 0.877804
4.49975 0.884
4.50475 0.890136
4.50975 0.896197
4.51476 0.90217
4.51976 0.908038
4.52476 0.913785
4.52976 0.919394
4.53477 0.924846
4.53977 0.930122
4.54477 0.935203
4.54977 0.940068
4.55478 0.944693
4.55978 0.949057
4.56478 0.953136
4.56978 0.956904
4.57479 0.960336
4.57979 0.963405
4.58479 0.966084
4.58979 0.968343
4.5948 0.970153
4.5998 0.971484
4.6048 0.972303
4.6098 0.972579
4.61481 0.972278
4.61981 0.971366
4.62481 0.969809
4.62981 0.967571
4.63482 0.964615
4.63982 0.960906
4.64482 0.956405
4.64982 0.951076
4.65483 0.944879
4.65983 0.937778
4.66483 0.929733
4.66983 0.920707
4.67484 0.91066
4.67984 0.899556
4.68484 0.887358
4.68984 0.874027
4.69485 0.85953
4.69985 0.84383
4.70485 0.826895
4.70985 0.808693
4.71486 0.789193
4.71986 0.768369
4.72486 0.746195
4.72986 0.722648
4.73487 0.69771
4.73987 0.671364
4.74487 0.643599
4.74987 0.614407
4.75488 0.583787
4.75988 0.551741
4.76488 0.518279
4.76988 0.483417
4.77489 0.447179
4.77989 0.409594
4.78489 0.370703
4.78989 0.330555
4.7949 0.28921
4.7999 0.246737
4.8049 0.203221
4.8099 0.158755
4.81491 0.11345
4.81991 0.0674312
4.82491 0.0208383
4.82991 -0.0261697
4.83492 -0.0734155
4.83992 -0.120702
4.84492 -0.167809
4.84992 -0.214496
4.85493 -0.260495
4.85993 -0.305512
4.86493 -0.349226
4.86993 -0.391285
4.87494 -0.431305
4.87994 -0.468866
4.88494 -0.503515
4.88994 -0.534757
4.89495 -0.562057
4.89995 -0.584836
4.90495 -0.602468
4.90995 -0.614277
4.91496 -0.619535
4.91996 -0.617459
4.92496 -0.607204
4.92996 -0.587867
4.93497 -0.558475
4.93997 -0.517985
4.94497 -0.465282
4.94997 -0.399171
4.95498 -0.318374
4.95998 -0.221525
4.96498 -0.107167
4.96998 0.0262552
4.97499 0.180401
4.97999 0.357038
4.98499 0.558047
4.98999 0.785433
4.995 1.04132
5 1.32798
