-3 0.552857
-2.99399 0.547297
-2.98799 0.541862
-2.98198 0.536552
-2.97598 0.531365
-2.96997 0.526301
-2.96396 0.52136
-2.95796 0.51654
-2.95195 0.511841
-2.94595 0.507262
-2.93994 0.502803
-2.93393 0.498463
-2.92793 0.494241
-2.92192 0.490136
-2.91592 0.486149
-2.90991 0.482278
-2.9039 0.478522
-2.8979 0.474881
-2.89189 0.471354
-2.88589 0.467941
-2.87988 0.464641
-2.87387 0.461453
-2.86787 0.458377
-2.86186 0.455412
-2.85586 0.452556
-2.84985 0.449811
-2.84384 0.447174
-2.83784 0.444646
-2.83183 0.442226
-2.82583 0.439912
-2.81982 0.437705
-2.81381 0.435603
-2.80781 0.433607
-2.8018 0.431715
-2.7958 0.429926
-2.78979 0.428241
-2.78378 0.426659
-2.77778 0.425178
-2.77177 0.423798
-2.76577 0.422519
-2.75976 0.42134
-2.75375 0.420261
-2.74775 0.41928
-2.74174 0.418397
-2.73574 0.417611
-2.72973 0.416922
-2.72372 0.41633
-2.71772 0.415833
-2.71171 0.415431
-2.70571 0.415123
-2.6997 0.414909
-2.69369 0.414788
-2.68769 0.414759
-2.68168 0.414823
-2.67568 0.414977
-2.66967 0.415222
-2.66366 0.415557
-2.65766 0.415982
-2.65165 0.416495
-2.64565 0.417096
-2.63964 0.417785
-2.63363 0.418561
-2.62763 0.419423
-2.62162 0.420371
-2.61562 0.421404
-2.60961 0.422522
-2.6036 0.423723
-2.5976 0.425008
-2.59159 0.426376
-2.58559 0.427825
-2.57958 0.429357
-2.57357 0.430969
-2.56757 0.432662
-2.56156 0.434434
-2.55556 0.436286
-2.54955 0.438216
-2.54354 0.440224
-2.53754 0.44231
-2.53153 0.444473
-2.52553 0.446711
-2.51952 0.449026
-2.51351 0.451416
-2.50751 0.45388
-2.5015 0.456418
-2.4955 0.45903
-2.48949 0.461714
-2.48348 0.464471
-2.47748 0.467299
-2.47147 0.470199
-2.46547 0.473169
-2.45946 0.476209
-2.45345 0.479318
-2.44745 0.482497
-2.44144 0.485743
-2.43544 0.489058
-2.42943 0.492439
-2.42342 0.495887
-2.41742 0.499401
-2.41141 0.502981
-2.40541 0.506626
-2.3994 0.510335
-2.39339 0.514108
-2.38739 0.517944
-2.38138 0.521843
-2.37538 0.525804
-2.36937 0.529827
-2.36336 0.533911
-2.35736 0.538055
-2.35135 0.54226
-2.34535 0.546524
-2.33934 0.550847
-2.33333 0.555229
-2.32733 0.559668
-2.32132 0.564165
-2.31532 0.568718
-2.30931 0.573328
-2.3033 0.577993
-2.2973 0.582714
-2.29129 0.58749
-2.28529 0.592319
-2.27928 0.597203
-2.27327 0.602139
-2.26727 0.607128
-2.26126 0.612169
-2.25526 0.617262
-2.24925 0.622406
-2.24324 0.6276
-2.23724 0.632845
-2.23123 0.638138
-2.22523 0.643481
-2.21922 0.648873
-2.21321 0.654312
-2.20721 0.659799
-2.2012 0.665333
-2.1952 0.670913
-2.18919 0.676539
-2.18318 0.68221
-2.17718 0.687927
-2.17117 0.693688
-2.16517 0.699493
-2.15916 0.705341
-2.15315 0.711233
-2.14715 0.717167
-2.14114 0.723142
-2.13514 0.72916
-2.12913 0.735218
-2.12312 0.741317
-2.11712 0.747456
-2.11111 0.753634
-2.10511 0.759851
-2.0991 0.766107
-2.09309 0.772401
-2.08709 0.778733
-2.08108 0.785102
-2.07508 0.791507
-2.06907 0.797949
-2.06306 0.804426
-2.05706 0.810939
-2.05105 0.817486
-2.04505 0.824067
-2.03904 0.830683
-2.03303 0.837331
-2.02703 0.844013
-2.02102 0.850727
-2.01502 0.857473
-2.00901 0.86425
-2.003 0.871058
-1.997 0.877897
-1.99099 0.884767
-1.98498 0.891665
-1.97898 0.898593
-1.97297 0.90555
-1.96697 0.912535
-1.96096 0.919547
-1.95495 0.926588
-1.94895 0.933655
-1.94294 0.940748
-1.93694 0.947868
-1.93093 0.955013
-1.92492 0.962183
-1.91892 0.969378
-1.91291 0.976598
-1.90691 0.983841
-1.9009 0.991108
-1.89489 0.998397
-1.88889 1.00571
-1.88288 1.01304
-1.87688 1.0204
-1.87087 1.02778
-1.86486 1.03517
-1.85886 1.04259
-1.85285 1.05003
-1.84685 1.05749
-1.84084 1.06496
-1.83483 1.07246
-1.82883 1.07997
-1.82282 1.08751
-1.81682 1.09505
-1.81081 1.10262
-1.8048 1.1102
-1.7988 1.1178
-1.79279 1.12542
-1.78679 1.13305
-1.78078 1.14069
-1.77477 1.14835
-1.76877 1.15602
-1.76276 1.16371
-1.75676 1.17141
-1.75075 1.17912
-1.74474 1.18685
-1.73874 1.19459
-1.73273 1.20234
-1.72673 1.2101
-1.72072 1.21787
-1.71471 1.22565
-1.70871 1.23344
-1.7027 1.24125
-1.6967 1.24906
-1.69069 1.25688
-1.68468 1.26471
-1.67868 1.27254
-1.67267 1.28039
-1.66667 1.28824
-1.66066 1.2961
-1.65465 1.30397
-1.64865 1.31184
-1.64264 1.31972
-1.63664 1.3276
-1.63063 1.33549
-1.62462 1.34338
-1.61862 1.35128
-1.61261 1.35918
-1.60661 1.36709
-1.6006 1.37499
-1.59459 1.38291
-1.58859 1.39082
-1.58258 1.39874
-1.57658 1.40666
-1.57057 1.41457
-1.56456 1.4225
-1.55856 1.43042
-1.55255 1.43834
-1.54655 1.44626
-1.54054 1.45418
-1.53453 1.4621
-1.52853 1.47002
-1.52252 1.47794
-1.51652 1.48586
-1.51051 1.49377
-1.5045 1.50168
-1.4985 1.50959
-1.49249 1.5175
-1.48649 1.5254
-1.48048 1.5333
-1.47447 1.54119
-1.46847 1.54908
-1.46246 1.55697
-1.45646 1.56485
-1.45045 1.57272
-1.44444 1.58059
-1.43844 1.58846
-1.43243 1.59631
-1.42643 1.60416
-1.42042 1.612
-1.41441 1.61984
-1.40841 1.62766
-1.4024 1.63548
-1.3964 1.64329
-1.39039 1.65109
-1.38438 1.65889
-1.37838 1.66667
-1.37237 1.67444
-1.36637 1.68221
-1.36036 1.68996
-1.35435 1.6977
-1.34835 1.70543
-1.34234 1.71315
-1.33634 1.72086
-1.33033 1.72856
-1.32432 1.73624
-1.31832 1.74391
-1.31231 1.75157
-1.30631 1.75922
-1.3003 1.76685
-1.29429 1.77447
-1.28829 1.78207
-1.28228 1.78966
-1.27628 1.79724
-1.27027 1.8048
-1.26426 1.81234
-1.25826 1.81987
-1.25225 1.82739
-1.24625 1.83488
-1.24024 1.84237
-1.23423 1.84983
-1.22823 1.85728
-1.22222 1.86471
-1.21622 1.87212
-1.21021 1.87952
-1.2042 1.8869
-1.1982 1.89426
-1.19219 1.9016
-1.18619 1.90892
-1.18018 1.91622
-1.17417 1.92351
-1.16817 1.93077
-1.16216 1.93802
-1.15616 1.94524
-1.15015 1.95244
-1.14414 1.95962
-1.13814 1.96679
-1.13213 1.97393
-1.12613 1.98105
-1.12012 1.98814
-1.11411 1.99522
-1.10811 2.00227
-1.1021 2.0093
-1.0961 2.01631
-1.09009 2.02329
-1.08408 2.03025
-1.07808 2.03719
-1.07207 2.0441
-1.06607 2.05099
-1.06006 2.05786
-1.05405 2.0647
-1.04805 2.07151
-1.04204 2.0783
-1.03604 2.08507
-1.03003 2.09181
-1.02402 2.09852
-1.01802 2.10521
-1.01201 2.11188
-1.00601 2.11851
-1 2.12512
-0.993994 2.1317
-0.987988 2.13826
-0.981982 2.14479
-0.975976 2.15129
-0.96997 2.15776
-0.963964 2.1642
-0.957958 2.17062
-0.951952 2.17701
-0.945946 2.18336
-0.93994 2.18969
-0.933934 2.196
-0.927928 2.20227
-0.921922 2.20851
-0.915916 2.21472
-0.90991 2.2209
-0.903904 2.22706
-0.897898 2.23318
-0.891892 2.23927
-0.885886 2.24533
-0.87988 2.25136
-0.873874 2.25736
-0.867868 2.26332
-0.861862 2.26926
-0.855856 2.27516
-0.84985 2.28103
-0.843844 2.28687
-0.837838 2.29268
-0.831832 2.29845
-0.825826 2.30419
-0.81982 2.3099
-0.813814 2.31558
-0.807808 2.32122
-0.801802 2.32683
-0.795796 2.3324
-0.78979 2.33794
-0.783784 2.34345
-0.777778 2.34892
-0.771772 2.35436
-0.765766 2.35977
-0.75976 2.36513
-0.753754 2.37047
-0.747748 2.37577
-0.741742 2.38103
-0.735736 2.38626
-0.72973 2.39145
-0.723724 2.39661
-0.717718 2.40173
-0.711712 2.40681
-0.705706 2.41186
-0.6997 2.41687
-0.693694 2.42184
-0.687688 2.42678
-0.681682 2.43168
-0.675676 2.43655
-0.66967 2.44137
-0.663664 2.44616
-0.657658 2.45091
-0.651652 2.45563
-0.645646 2.4603
-0.63964 2.46494
-0.633634 2.46954
-0.627628 2.4741
-0.621622 2.47863
-0.615616 2.48311
-0.60961 2.48756
-0.603604 2.49196
-0.597598 2.49633
-0.591592 2.50066
-0.585586 2.50495
-0.57958 2.5092
-0.573574 2.51341
-0.567568 2.51758
-0.561562 2.52171
-0.555556 2.5258
-0.54955 2.52985
-0.543544 2.53387
-0.537538 2.53784
-0.531532 2.54177
-0.525526 2.54565
-0.51952 2.5495
-0.513514 2.55331
-0.507508 2.55708
-0.501502 2.5608
-0.495495 2.56449
-0.489489 2.56813
-0.483483 2.57173
-0.477477 2.57529
-0.471471 2.57881
-0.465465 2.58229
-0.459459 2.58572
-0.453453 2.58912
-0.447447 2.59247
-0.441441 2.59578
-0.435435 2.59904
-0.429429 2.60227
-0.423423 2.60545
-0.417417 2.60859
-0.411411 2.61169
-0.405405 2.61474
-0.399399 2.61775
-0.393393 2.62072
-0.387387 2.62365
-0.381381 2.62653
-0.375375 2.62937
-0.369369 2.63216
-0.363363 2.63491
-0.357357 2.63762
-0.351351 2.64029
-0.345345 2.64291
-0.339339 2.64549
-0.333333 2.64802
-0.327327 2.65051
-0.321321 2.65296
-0.315315 2.65536
-0.309309 2.65772
-0.303303 2.66003
-0.297297 2.6623
-0.291291 2.66453
-0.285285 2.66671
-0.279279 2.66885
-0.273273 2.67094
-0.267267 2.67299
-0.261261 2.67499
-0.255255 2.67695
-0.249249 2.67886
-0.243243 2.68073
-0.237237 2.68256
-0.231231 2.68434
-0.225225 2.68607
-0.219219 2.68776
-0.213213 2.6894
-0.207207 2.691
-0.201201 2.69256
-0.195195 2.69407
-0.189189 2.69553
-0.183183 2.69695
-0.177177 2.69832
-0.171171 2.69965
-0.165165 2.70093
-0.159159 2.70217
-0.153153 2.70336
-0.147147 2.7045
-0.141141 2.70561
-0.135135 2.70666
-0.129129 2.70767
-0.123123 2.70863
-0.117117 2.70955
-0.111111 2.71042
-0.105105 2.71125
-0.0990991 2.71203
-0.0930931 2.71276
-0.0870871 2.71345
-0.0810811 2.71409
-0.0750751 2.71469
-0.0690691 2.71524
-0.0630631 2.71575
-0.0570571 2.71621
-0.0510511 2.71662
-0.045045 2.71699
-0.039039 2.71731
-0.033033 2.71759
-0.027027 2.71782
-0.021021 2.718
-0.015015 2.71814
-0.00900901 2.71823
-0.003003 2.71828
0.003003 2.71828
0.00900901 2.71823
0.015015 2.71814
0.021021 2.718
0.027027 2.71782
0.033033 2.71759
0.039039 2.71731
0.045045 2.71699
0.0510511 2.71662
0.0570571 2.71621
0.0630631 2.71575
0.0690691 2.71524
0.0750751 2.71469
0.0810811 2.71409
0.0870871 2.71345
0.0930931 2.71276
0.0990991 2.71203
0.105105 2.71125
0.111111 2.71042
0.117117 2.70955
0.123123 2.70863
0.129129 2.70767
0.135135 2.70666
0.141141 2.70561
0.147147 2.7045
0.153153 2.70336
0.159159 2.70217
0.165165 2.70093
0.171171 2.69965
0.177177 2.69832
0.183183 2.69695
0.189189 2.69553
0.195195 2.69407
0.201201 2.69256
0.207207 2.691
0.213213 2.6894
0.219219 2.68776
0.225225 2.68607
0.231231 2.68434
0.237237 2.68256
0.243243 2.68073
0.249249 2.67886
0.255255 2.67695
0.261261 2.67499
0.267267 2.67299
0.273273 2.67094
0.279279 2.66885
0.285285 2.66671
0.291291 2.66453
0.297297 2.6623
0.303303 2.66003
0.309309 2.65772
0.315315 2.65536
0.321321 2.65296
0.327327 2.65051
0.333333 2.64802
0.339339 2.64549
0.345345 2.64291
0.351351 2.64029
0.357357 2.63762
0.363363 2.63491
0.369369 2.63216
0.375375 2.62937
0.381381 2.62653
0.387387 2.62365
0.393393 2.62072
0.399399 2.61775
0.405405 2.61474
0.411411 2.61169
0.417417 2.60859
0.423423 2.60545
0.429429 2.60227
0.435435 2.59904
0.441441 2.59578
0.447447 2.59247
0.453453 2.58912
0.459459 2.58572
0.465465 2.58229
0.471471 2.57881
0.477477 2.57529
0.483483 2.57173
0.489489 2.56813
0.495495 2.56449
0.501502 2.5608
0.507508 2.55708
0.513514 2.55331
0.51952 2.5495
0.525526 2.54565
0.531532 2.54177
0.537538 2.53784
0.543544 2.53387
0.54955 2.52985
0.555556 2.5258
0.561562 2.52171
0.567568 2.51758
0.573574 2.51341
0.57958 2.5092
0.585586 2.50495
0.591592 2.50066
0.597598 2.49633
0.603604 2.49196
0.60961 2.48756
0.615616 2.48311
0.621622 2.47863
0.627628 2.4741
0.633634 2.46954
0.63964 2.46494
0.645646 2.4603
0.651652 2.45563
0.657658 2.45091
0.663664 2.44616
0.66967 2.44137
0.675676 2.43655
0.681682 2.43168
0.687688 2.42678
0.693694 2.42184
0.6997 2.41687
0.705706 2.41186
0.711712 2.40681
0.717718 2.40173
0.723724 2.39661
0.72973 2.39145
0.735736 2.38626
0.741742 2.38103
0.747748 2.37577
0.753754 2.37047
0.75976 2.36513
0.765766 2.35977
0.771772 2.35436
0.777778 2.34892
0.783784 2.34345
0.78979 2.33794
0.795796 2.3324
0.801802 2.32683
0.807808 2.32122
0.813814 2.31558
0.81982 2.3099
0.825826 2.30419
0.831832 2.29845
0.837838 2.29268
0.843844 2.28687
0.84985 2.28103
0.855856 2.27516
0.861862 2.26926
0.867868 2.26332
0.873874 2.25736
0.87988 2.25136
0.885886 2.24533
0.891892 2.23927
0.897898 2.23318
0.903904 2.22706
0.90991 2.2209
0.915916 2.21472
0.921922 2.20851
0.927928 2.20227
0.933934 2.196
0.93994 2.18969
0.945946 2.18336
0.951952 2.17701
0.957958 2.17062
0.963964 2.1642
0.96997 2.15776
0.975976 2.15129
0.981982 2.14479
0.987988 2.13826
0.993994 2.1317
1 2.12512
1.00601 2.11851
1.01201 2.11188
1.01802 2.10521
1.02402 2.09852
1.03003 2.09181
1.03604 2.08507
1.04204 2.0783
1.04805 2.07151
1.05405 2.0647
1.06006 2.05786
1.06607 2.05099
1.07207 2.0441
1.07808 2.03719
1.08408 2.03025
1.09009 2.02329
1.0961 2.01631
1.1021 2.0093
1.10811 2.00227
1.11411 1.99522
1.12012 1.98814
1.12613 1.98105
1.13213 1.97393
1.13814 1.96679
1.14414 1.95962
1.15015 1.95244
1.15616 1.94524
1.16216 1.93802
1.16817 1.93077
1.17417 1.92351
1.18018 1.91622
1.18619 1.90892
1.19219 1.9016
1.1982 1.89426
1.2042 1.8869
1.21021 1.87952
1.21622 1.87212
1.22222 1.86471
1.22823 1.85728
1.23423 1.84983
1.24024 1.84237
1.24625 1.83488
1.25225 1.82739
1.25826 1.81987
1.26426 1.81234
1.27027 1.8048
1.27628 1.79724
1.28228 1.78966
1.28829 1.78207
1.29429 1.77447
1.3003 1.76685
1.30631 1.75922
1.31231 1.75157
1.31832 1.74391
1.32432 1.73624
1.33033 1.72856
1.33634 1.72086
1.34234 1.71315
1.34835 1.70543
1.35435 1.6977
1.36036 1.68996
1.36637 1.68221
1.37237 1.67444
1.37838 1.66667
1.38438 1.65889
1.39039 1.65109
1.3964 1.64329
1.4024 1.63548
1.40841 1.62766
1.41441 1.61984
1.42042 1.612
1.42643 1.60416
1.43243 1.59631
1.43844 1.58846
1.44444 1.58059
1.45045 1.57272
1.45646 1.56485
1.46246 1.55697
1.46847 1.54908
1.47447 1.54119
1.48048 1.5333
1.48649 1.5254
1.49249 1.5175
1.4985 1.50959
1.5045 1.50168
1.51051 1.49377
1.51652 1.48586
1.52252 1.47794
1.52853 1.47002
1.53453 1.4621
1.54054 1.45418
1.54655 1.44626
1.55255 1.43834
1.55856 1.43042
1.56456 1.4225
1.57057 1.41457
1.57658 1.40666
1.58258 1.39874
1.58859 1.39082
1.59459 1.38291
1.6006 1.37499
1.60661 1.36709
1.61261 1.35918
1.61862 1.35128
1.62462 1.34338
1.63063 1.33549
1.63664 1.3276
1.64264 1.31972
1.64865 1.31184
1.65465 1.30397
1.66066 1.2961
1.66667 1.28824
1.67267 1.28039
1.67868 1.27254
1.68468 1.26471
1.69069 1.25688
1.6967 1.24906
1.7027 1.24125
1.70871 1.23344
1.71471 1.22565
1.72072 1.21787
1.72673 1.2101
1.73273 1.20234
1.73874 1.19459
1.74474 1.18685
1.75075 1.17912
1.75676 1.17141
1.76276 1.16371
1.76877 1.15602
1.77477 1.14835
1.78078 1.14069
1.78679 1.13305
1.79279 1.12542
1.7988 1.1178
1.8048 1.1102
1.81081 1.10262
1.81682 1.09505
1.82282 1.08751
1.82883 1.07997
1.83483 1.07246
1.84084 1.06496
1.84685 1.05749
1.85285 1.05003
1.85886 1.04259
1.86486 1.03517
1.87087 1.02778
1.87688 1.0204
1.88288 1.01304
1.88889 1.00571
1.89489 0.998397
1.9009 0.991108
1.90691 0.983841
1.91291 0.976598
1.91892 0.969378
1.92492 0.962183
1.93093 0.955013
1.93694 0.947868
1.94294 0.940748
1.94895 0.933655
1.95495 0.926588
1.96096 0.919547
1.96697 0.912535
1.97297 0.90555
1.97898 0.898593
1.98498 0.891665
1.99099 0.884767
1.997 0.877897
2.003 0.871058
2.00901 0.86425
2.01502 0.857473
2.02102 0.850727
2.02703 0.844013
2.03303 0.837331
2.03904 0.830683
2.04505 0.824067
2.05105 0.817486
2.05706 0.810939
2.06306 0.804426
2.06907 0.797949
2.07508 0.791507
2.08108 0.785102
2.08709 0.778733
2.09309 0.772401
2.0991 0.766107
2.10511 0.759851
2.11111 0.753634
2.11712 0.747456
2.12312 0.741317
2.12913 0.735218
2.13514 0.72916
2.14114 0.723142
2.14715 0.717167
2.15315 0.711233
2.15916 0.705341
2.16517 0.699493
2.17117 0.693688
2.17718 0.687927
2.18318 0.68221
2.18919 0.676539
2.1952 0.670913
2.2012 0.665333
2.20721 0.659799
2.21321 0.654312
2.21922 0.648873
2.22523 0.643481
2.23123 0.638138
2.23724 0.632845
2.24324 0.6276
2.24925 0.622406
2.25526 0.617262
2.26126 0.612169
2.26727 0.607128
2.27327 0.602139
2.27928 0.597203
2.28529 0.592319
2.29129 0.58749
2.2973 0.582714
2.3033 0.577993
2.30931 0.573328
2.31532 0.568718
2.32132 0.564165
2.32733 0.559668
2.33333 0.555229
2.33934 0.550847
2.34535 0.546524
2.35135 0.54226
2.35736 0.538055
2.36336 0.533911
2.36937 0.529827
2.37538 0.525804
2.38138 0.521843
2.38739 0.517944
2.39339 0.514108
2.3994 0.510335
2.40541 0.506626
2.41141 0.502981
2.41742 0.499401
2.42342 0.495887
2.42943 0.492439
2.43544 0.489058
2.44144 0.485743
2.44745 0.482497
2.45345 0.479318
2.45946 0.476209
2.46547 0.473169
2.47147 0.470199
2.47748 0.467299
2.48348 0.464471
2.48949 0.461714
2.4955 0.45903
2.5015 0.456418
2.50751 0.45388
2.51351 0.451416
2.51952 0.449026
2.52553 0.446711
2.53153 0.444473
2.53754 0.44231
2.54354 0.440224
2.54955 0.438216
2.55556 0.436286
2.56156 0.434434
2.56757 0.432662
2.57357 0.430969
2.57958 0.429357
2.58559 0.427825
2.59159 0.426376
2.5976 0.425008
2.6036 0.423723
2.60961 0.422522
2.61562 0.421404
2.62162 0.420371
2.62763 0.419423
2.63363 0.418561
2.63964 0.417785
2.64565 0.417096
2.65165 0.416495
2.65766 0.415982
2.66366 0.415557
2.66967 0.415222
2.67568 0.414977
2.68168 0.414823
2.68769 0.414759
2.69369 0.414788
2.6997 0.414909
2.70571 0.415123
2.71171 0.415431
2.71772 0.415833
2.72372 0.41633
2.72973 0.416922
2.73574 0.417611
2.74174 0.418397
2.74775 0.41928
2.75375 0.420261
2.75976 0.42134
2.76577 0.422519
2.77177 0.423798
2.77778 0.425178
2.78378 0.426659
2.78979 0.428241
2.7958 0.429926
2.8018 0.431715
2.80781 0.433607
2.81381 0.435603
2.81982 0.437705
2.82583 0.439912
2.83183 0.442226
2.83784 0.444646
2.84384 0.447174
2.84985 0.449811
2.85586 0.452556
2.86186 0.455412
2.86787 0.458377
2.87387 0.461453
2.87988 0.464641
2.88589 0.467941
2.89189 0.471354
2.8979 0.474881
2.9039 0.478522
2.90991 0.482278
2.91592 0.486149
2.92192 0.490136
2.92793 0.494241
2.93393 0.498463
2.93994 0.502803
2.94595 0.507262
2.95195 0.511841
2.95796 0.51654
2.96396 0.52136
2.96997 0.526301
2.97598 0.531365
2.98198 0.536552
2.98799 0.541862
2.99399 0.547297
3 0.552857
