-3 0.28126
-2.99399 0.290221
-2.98799 0.298934
-2.98198 0.307403
-2.97598 0.315631
-2.96997 0.323623
-2.96396 0.331383
-2.95796 0.338915
-2.95195 0.346223
-2.94595 0.353312
-2.93994 0.360184
-2.93393 0.366845
-2.92793 0.373297
-2.92192 0.379546
-2.91592 0.385594
-2.90991 0.391445
-2.9039 0.397104
-2.8979 0.402574
-2.89189 0.407859
-2.88589 0.412962
-2.87988 0.417887
-2.87387 0.422637
-2.86787 0.427217
-2.86186 0.43163
-2.85586 0.435878
-2.84985 0.439967
-2.84384 0.443898
-2.83784 0.447676
-2.83183 0.451304
-2.82583 0.454785
-2.81982 0.458122
-2.81381 0.461319
-2.80781 0.464379
-2.8018 0.467306
-2.7958 0.470101
-2.78979 0.47277
-2.78378 0.475313
-2.77778 0.477736
-2.77177 0.48004
-2.76577 0.482228
-2.75976 0.484305
-2.75375 0.486272
-2.74775 0.488132
-2.74174 0.489889
-2.73574 0.491546
-2.72973 0.493104
-2.72372 0.494567
-2.71772 0.495938
-2.71171 0.49722
-2.70571 0.498414
-2.6997 0.499524
-2.69369 0.500553
-2.68769 0.501503
-2.68168 0.502376
-2.67568 0.503175
-2.66967 0.503904
-2.66366 0.504563
-2.65766 0.505156
-2.65165 0.505685
-2.64565 0.506153
-2.63964 0.506562
-2.63363 0.506914
-2.62763 0.507212
-2.62162 0.507457
-2.61562 0.507653
-2.60961 0.507802
-2.6036 0.507905
-2.5976 0.507964
-2.59159 0.507983
-2.58559 0.507964
-2.57958 0.507907
-2.57357 0.507816
-2.56757 0.507692
-2.56156 0.507538
-2.55556 0.507356
-2.54955 0.507146
-2.54354 0.506913
-2.53754 0.506657
-2.53153 0.50638
-2.52553 0.506084
-2.51952 0.505771
-2.51351 0.505444
-2.50751 0.505103
-2.5015 0.50475
-2.4955 0.504388
-2.48949 0.504017
-2.48348 0.503641
-2.47748 0.50326
-2.47147 0.502875
-2.46547 0.50249
-2.45946 0.502105
-2.45345 0.501722
-2.44745 0.501342
-2.44144 0.500967
-2.43544 0.500599
-2.42943 0.500239
-2.42342 0.499888
-2.41742 0.499549
-2.41141 0.499222
-2.40541 0.498908
-2.3994 0.49861
-2.39339 0.498329
-2.38739 0.498065
-2.38138 0.497821
-2.37538 0.497597
-2.36937 0.497395
-2.36336 0.497217
-2.35736 0.497062
-2.35135 0.496933
-2.34535 0.496831
-2.33934 0.496757
-2.33333 0.496712
-2.32733 0.496697
-2.32132 0.496714
-2.31532 0.496763
-2.30931 0.496845
-2.3033 0.496963
-2.2973 0.497115
-2.29129 0.497305
-2.28529 0.497532
-2.27928 0.497797
-2.27327 0.498102
-2.26727 0.498448
-2.26126 0.498835
-2.25526 0.499264
-2.24925 0.499736
-2.24324 0.500253
-2.23724 0.500814
-2.23123 0.501421
-2.22523 0.502075
-2.21922 0.502776
-2.21321 0.503525
-2.20721 0.504323
-2.2012 0.50517
-2.1952 0.506068
-2.18919 0.507016
-2.18318 0.508017
-2.17718 0.509069
-2.17117 0.510175
-2.16517 0.511334
-2.15916 0.512548
-2.15315 0.513816
-2.14715 0.51514
-2.14114 0.516519
-2.13514 0.517955
-2.12913 0.519449
-2.12312 0.520999
-2.11712 0.522608
-2.11111 0.524276
-2.10511 0.526002
-2.0991 0.527788
-2.09309 0.529634
-2.08709 0.53154
-2.08108 0.533507
-2.07508 0.535535
-2.06907 0.537624
-2.06306 0.539776
-2.05706 0.541989
-2.05105 0.544266
-2.04505 0.546605
-2.03904 0.549007
-2.03303 0.551472
-2.02703 0.554002
-2.02102 0.556595
-2.01502 0.559253
-2.00901 0.561975
-2.003 0.564761
-1.997 0.567613
-1.99099 0.57053
-1.98498 0.573512
-1.97898 0.576559
-1.97297 0.579672
-1.96697 0.582851
-1.96096 0.586096
-1.95495 0.589406
-1.94895 0.592783
-1.94294 0.596226
-1.93694 0.599735
-1.93093 0.60331
-1.92492 0.606952
-1.91892 0.61066
-1.91291 0.614434
-1.90691 0.618275
-1.9009 0.622182
-1.89489 0.626156
-1.88889 0.630196
-1.88288 0.634303
-1.87688 0.638476
-1.87087 0.642715
-1.86486 0.64702
-1.85886 0.651392
-1.85285 0.655829
-1.84685 0.660333
-1.84084 0.664902
-1.83483 0.669537
-1.82883 0.674238
-1.82282 0.679004
-1.81682 0.683836
-1.81081 0.688732
-1.8048 0.693694
-1.7988 0.69872
-1.79279 0.703811
-1.78679 0.708967
-1.78078 0.714186
-1.77477 0.71947
-1.76877 0.724817
-1.76276 0.730228
-1.75676 0.735703
-1.75075 0.74124
-1.74474 0.74684
-1.73874 0.752502
-1.73273 0.758227
-1.72673 0.764013
-1.72072 0.769862
-1.71471 0.775771
-1.70871 0.781742
-1.7027 0.787773
-1.6967 0.793864
-1.69069 0.800016
-1.68468 0.806227
-1.67868 0.812497
-1.67267 0.818826
-1.66667 0.825214
-1.66066 0.83166
-1.65465 0.838164
-1.64865 0.844725
-1.64264 0.851343
-1.63664 0.858018
-1.63063 0.864749
-1.62462 0.871535
-1.61862 0.878377
-1.61261 0.885274
-1.60661 0.892225
-1.6006 0.89923
-1.59459 0.906288
-1.58859 0.9134
-1.58258 0.920564
-1.57658 0.927781
-1.57057 0.935048
-1.56456 0.942367
-1.55856 0.949737
-1.55255 0.957157
-1.54655 0.964626
-1.54054 0.972145
-1.53453 0.979712
-1.52853 0.987327
-1.52252 0.994989
-1.51652 1.0027
-1.51051 1.01046
-1.5045 1.01826
-1.4985 1.0261
-1.49249 1.034
-1.48649 1.04193
-1.48048 1.04991
-1.47447 1.05794
-1.46847 1.066
-1.46246 1.07411
-1.45646 1.08226
-1.45045 1.09045
-1.44444 1.09868
-1.43844 1.10695
-1.43243 1.11526
-1.42643 1.1236
-1.42042 1.13199
-1.41441 1.14041
-1.40841 1.14887
-1.4024 1.15736
-1.3964 1.16589
-1.39039 1.17446
-1.38438 1.18306
-1.37838 1.19169
-1.37237 1.20035
-1.36637 1.20905
-1.36036 1.21778
-1.35435 1.22653
-1.34835 1.23532
-1.34234 1.24414
-1.33634 1.25299
-1.33033 1.26186
-1.32432 1.27077
-1.31832 1.2797
-1.31231 1.28865
-1.30631 1.29764
-1.3003 1.30664
-1.29429 1.31567
-1.28829 1.32473
-1.28228 1.3338
-1.27628 1.3429
-1.27027 1.35202
-1.26426 1.36116
-1.25826 1.37033
-1.25225 1.37951
-1.24625 1.38871
-1.24024 1.39792
-1.23423 1.40716
-1.22823 1.41641
-1.22222 1.42568
-1.21622 1.43496
-1.21021 1.44426
-1.2042 1.45357
-1.1982 1.46289
-1.19219 1.47223
-1.18619 1.48158
-1.18018 1.49093
-1.17417 1.5003
-1.16817 1.50968
-1.16216 1.51907
-1.15616 1.52847
-1.15015 1.53787
-1.14414 1.54728
-1.13814 1.55669
-1.13213 1.56612
-1.12613 1.57554
-1.12012 1.58497
-1.11411 1.5944
-1.10811 1.60384
-1.1021 1.61328
-1.0961 1.62271
-1.09009 1.63215
-1.08408 1.64159
-1.07808 1.65103
-1.07207 1.66046
-1.06607 1.66989
-1.06006 1.67932
-1.05405 1.68875
-1.04805 1.69817
-1.04204 1.70758
-1.03604 1.71699
-1.03003 1.72639
-1.02402 1.73579
-1.01802 1.74517
-1.01201 1.75455
-1.00601 1.76392
-1 1.77327
-0.993994 1.78262
-0.987988 1.79195
-0.981982 1.80127
-0.975976 1.81058
-0.96997 1.81988
-0.963964 1.82916
-0.957958 1.83842
-0.951952 1.84767
-0.945946 1.8569
-0.93994 1.86612
-0.933934 1.87531
-0.927928 1.88449
-0.921922 1.89365
-0.915916 1.90279
-0.90991 1.91191
-0.903904 1.921
-0.897898 1.93007
-0.891892 1.93913
-0.885886 1.94815
-0.87988 1.95716
-0.873874 1.96613
-0.867868 1.97509
-0.861862 1.98401
-0.855856 1.99291
-0.84985 2.00178
-0.843844 2.01063
-0.837838 2.01944
-0.831832 2.02823
-0.825826 2.03698
-0.81982 2.0457
-0.813814 2.0544
-0.807808 2.06306
-0.801802 2.07168
-0.795796 2.08028
-0.78979 2.08884
-0.783784 2.09736
-0.777778 2.10585
-0.771772 2.1143
-0.765766 2.12272
-0.75976 2.1311
-0.753754 2.13944
-0.747748 2.14774
-0.741742 2.15601
-0.735736 2.16423
-0.72973 2.17242
-0.723724 2.18056
-0.717718 2.18866
-0.711712 2.19672
-0.705706 2.20474
-0.6997 2.21271
-0.693694 2.22064
-0.687688 2.22852
-0.681682 2.23636
-0.675676 2.24416
-0.66967 2.2519
-0.663664 2.2596
-0.657658 2.26726
-0.651652 2.27486
-0.645646 2.28242
-0.63964 2.28993
-0.633634 2.29738
-0.627628 2.30479
-0.621622 2.31215
-0.615616 2.31945
-0.60961 2.32671
-0.603604 2.33391
-0.597598 2.34106
-0.591592 2.34815
-0.585586 2.35519
-0.57958 2.36218
-0.573574 2.36911
-0.567568 2.37599
-0.561562 2.38281
-0.555556 2.38957
-0.54955 2.39628
-0.543544 2.40293
-0.537538 2.40952
-0.531532 2.41605
-0.525526 2.42252
-0.51952 2.42894
-0.513514 2.43529
-0.507508 2.44159
-0.501502 2.44782
-0.495495 2.45399
-0.489489 2.4601
-0.483483 2.46615
-0.477477 2.47213
-0.471471 2.47806
-0.465465 2.48392
-0.459459 2.48971
-0.453453 2.49544
-0.447447 2.50111
-0.441441 2.50671
-0.435435 2.51224
-0.429429 2.51771
-0.423423 2.52311
-0.417417 2.52845
-0.411411 2.53372
-0.405405 2.53892
-0.399399 2.54405
-0.393393 2.54912
-0.387387 2.55412
-0.381381 2.55904
-0.375375 2.5639
-0.369369 2.56869
-0.363363 2.57341
-0.357357 2.57806
-0.351351 2.58263
-0.345345 2.58714
-0.339339 2.59157
-0.333333 2.59594
-0.327327 2.60023
-0.321321 2.60444
-0.315315 2.60859
-0.309309 2.61266
-0.303303 2.61666
-0.297297 2.62059
-0.291291 2.62444
-0.285285 2.62822
-0.279279 2.63192
-0.273273 2.63555
-0.267267 2.6391
-0.261261 2.64258
-0.255255 2.64598
-0.249249 2.64931
-0.243243 2.65256
-0.237237 2.65574
-0.231231 2.65884
-0.225225 2.66186
-0.219219 2.6648
-0.213213 2.66767
-0.207207 2.67046
-0.201201 2.67318
-0.195195 2.67581
-0.189189 2.67837
-0.183183 2.68085
-0.177177 2.68325
-0.171171 2.68557
-0.165165 2.68782
-0.159159 2.68999
-0.153153 2.69207
-0.147147 2.69408
-0.141141 2.69601
-0.135135 2.69786
-0.129129 2.69963
-0.123123 2.70132
-0.117117 2.70293
-0.111111 2.70446
-0.105105 2.70591
-0.0990991 2.70728
-0.0930931 2.70857
-0.0870871 2.70978
-0.0810811 2.71092
-0.0750751 2.71197
-0.0690691 2.71293
-0.0630631 2.71382
-0.0570571 2.71463
-0.0510511 2.71536
-0.045045 2.71601
-0.039039 2.71657
-0.033033 2.71706
-0.027027 2.71746
-0.021021 2.71779
-0.015015 2.71803
-0.00900901 2.71819
-0.003003 2.71827
0.003003 2.71827
0.00900901 2.71819
0.015015 2.71803
0.021021 2.71779
0.027027 2.71746
0.033033 2.71706
0.039039 2.71657
0.045045 2.71601
0.0510511 2.71536
0.0570571 2.71463
0.0630631 2.71382
0.0690691 2.71293
0.0750751 2.71197
0.0810811 2.71092
0.0870871 2.70978
0.0930931 2.70857
0.0990991 2.70728
0.105105 2.70591
0.111111 2.70446
0.117117 2.70293
0.123123 2.70132
0.129129 2.69963
0.135135 2.69786
0.141141 2.69601
0.147147 2.69408
0.153153 2.69207
0.159159 2.68999
0.165165 2.68782
0.171171 2.68557
0.177177 2.68325
0.183183 2.68085
0.189189 2.67837
0.195195 2.67581
0.201201 2.67318
0.207207 2.67046
0.213213 2.66767
0.219219 2.6648
0.225225 2.66186
0.231231 2.65884
0.237237 2.65574
0.243243 2.65256
0.249249 2.64931
0.255255 2.64598
0.261261 2.64258
0.267267 2.6391
0.273273 2.63555
0.279279 2.63192
0.285285 2.62822
0.291291 2.62444
0.297297 2.62059
0.303303 2.61666
0.309309 2.61266
0.315315 2.60859
0.321321 2.60444
0.327327 2.60023
0.333333 2.59594
0.339339 2.59157
0.345345 2.58714
0.351351 2.58263
0.357357 2.57806
0.363363 2.57341
0.369369 2.56869
0.375375 2.5639
0.381381 2.55904
0.387387 2.55412
0.393393 2.54912
0.399399 2.54405
0.405405 2.53892
0.411411 2.53372
0.417417 2.52845
0.423423 2.52311
0.429429 2.51771
0.435435 2.51224
0.441441 2.50671
0.447447 2.50111
0.453453 2.49544
0.459459 2.48971
0.465465 2.48392
0.471471 2.47806
0.477477 2.47213
0.483483 2.46615
0.489489 2.4601
0.495495 2.45399
0.501502 2.44782
0.507508 2.44159
0.513514 2.43529
0.51952 2.42894
0.525526 2.42252
0.531532 2.41605
0.537538 2.40952
0.543544 2.40293
0.54955 2.39628
0.555556 2.38957
0.561562 2.38281
0.567568 2.37599
0.573574 2.36911
0.57958 2.36218
0.585586 2.35519
0.591592 2.34815
0.597598 2.34106
0.603604 2.33391
0.60961 2.32671
0.615616 2.31945
0.621622 2.31215
0.627628 2.30479
0.633634 2.29738
0.63964 2.28993
0.645646 2.28242
0.651652 2.27486
0.657658 2.26726
0.663664 2.2596
0.66967 2.2519
0.675676 2.24416
0.681682 2.23636
0.687688 2.22852
0.693694 2.22064
0.6997 2.21271
0.705706 2.20474
0.711712 2.19672
0.717718 2.18866
0.723724 2.18056
0.72973 2.17242
0.735736 2.16423
0.741742 2.15601
0.747748 2.14774
0.753754 2.13944
0.75976 2.1311
0.765766 2.12272
0.771772 2.1143
0.777778 2.10585
0.783784 2.09736
0.78979 2.08884
0.795796 2.08028
0.801802 2.07168
0.807808 2.06306
0.813814 2.0544
0.81982 2.0457
0.825826 2.03698
0.831832 2.02823
0.837838 2.01944
0.843844 2.01063
0.84985 2.00178
0.855856 1.99291
0.861862 1.98401
0.867868 1.97509
0.873874 1.96613
0.87988 1.95716
0.885886 1.94815
0.891892 1.93913
0.897898 1.93007
0.903904 1.921
0.90991 1.91191
0.915916 1.90279
0.921922 1.89365
0.927928 1.88449
0.933934 1.87531
0.93994 1.86612
0.945946 1.8569
0.951952 1.84767
0.957958 1.83842
0.963964 1.82916
0.96997 1.81988
0.975976 1.81058
0.981982 1.80127
0.987988 1.79195
0.993994 1.78262
1 1.77327
1.00601 1.76392
1.01201 1.75455
1.01802 1.74517
1.02402 1.73579
1.03003 1.72639
1.03604 1.71699
1.04204 1.70758
1.04805 1.69817
1.05405 1.68875
1.06006 1.67932
1.06607 1.66989
1.07207 1.66046
1.07808 1.65103
1.08408 1.64159
1.09009 1.63215
1.0961 1.62271
1.1021 1.61328
1.10811 1.60384
1.11411 1.5944
1.12012 1.58497
1.12613 1.57554
1.13213 1.56612
1.13814 1.55669
1.14414 1.54728
1.15015 1.53787
1.15616 1.52847
1.16216 1.51907
1.16817 1.50968
1.17417 1.5003
1.18018 1.49093
1.18619 1.48158
1.19219 1.47223
1.1982 1.46289
1.2042 1.45357
1.21021 1.44426
1.21622 1.43496
1.22222 1.42568
1.22823 1.41641
1.23423 1.40716
1.24024 1.39792
1.24625 1.38871
1.25225 1.37951
1.25826 1.37033
1.26426 1.36116
1.27027 1.35202
1.27628 1.3429
1.28228 1.3338
1.28829 1.32473
1.29429 1.31567
1.3003 1.30664
1.30631 1.29764
1.31231 1.28865
1.31832 1.2797
1.32432 1.27077
1.33033 1.26186
1.33634 1.25299
1.34234 1.24414
1.34835 1.23532
1.35435 1.22653
1.36036 1.21778
1.36637 1.20905
1.37237 1.20035
1.37838 1.19169
1.38438 1.18306
1.39039 1.17446
1.3964 1.16589
1.4024 1.15736
1.40841 1.14887
1.41441 1.14041
1.42042 1.13199
1.42643 1.1236
1.43243 1.11526
1.43844 1.10695
1.44444 1.09868
1.45045 1.09045
1.45646 1.08226
1.46246 1.07411
1.46847 1.066
1.47447 1.05794
1.48048 1.04991
1.48649 1.04193
1.49249 1.034
1.4985 1.0261
1.5045 1.01826
1.51051 1.01046
1.51652 1.0027
1.52252 0.994989
1.52853 0.987327
1.53453 0.979712
1.54054 0.972145
1.54655 0.964626
1.55255 0.957157
1.55856 0.949737
1.56456 0.942367
1.57057 0.935048
1.57658 0.927781
1.58258 0.920564
1.58859 0.9134
1.59459 0.906288
1.6006 0.89923
1.60661 0.892225
1.61261 0.885274
1.61862 0.878377
1.62462 0.871535
1.63063 0.864749
1.63664 0.858018
1.64264 0.851343
1.64865 0.844725
1.65465 0.838164
1.66066 0.83166
1.66667 0.825214
1.67267 0.818826
1.67868 0.812497
1.68468 0.806227
1.69069 0.800016
1.6967 0.793864
1.7027 0.787773
1.70871 0.781742
1.71471 0.775771
1.72072 0.769862
1.72673 0.764013
1.73273 0.758227
1.73874 0.752502
1.74474 0.74684
1.75075 0.74124
1.75676 0.735703
1.76276 0.730228
1.76877 0.724817
1.77477 0.71947
1.78078 0.714186
1.78679 0.708967
1.79279 0.703811
1.7988 0.69872
1.8048 0.693694
1.81081 0.688732
1.81682 0.683836
1.82282 0.679004
1.82883 0.674238
1.83483 0.669537
1.84084 0.664902
1.84685 0.660333
1.85285 0.655829
1.85886 0.651392
1.86486 0.64702
1.87087 0.642715
1.87688 0.638476
1.88288 0.634303
1.88889 0.630196
1.89489 0.626156
1.9009 0.622182
1.90691 0.618275
1.91291 0.614434
1.91892 0.61066
1.92492 0.606952
1.93093 0.60331
1.93694 0.599735
1.94294 0.596226
1.94895 0.592783
1.95495 0.589406
1.96096 0.586096
1.96697 0.582851
1.97297 0.579672
1.97898 0.576559
1.98498 0.573512
1.99099 0.57053
1.997 0.567613
2.003 0.564761
2.00901 0.561975
2.01502 0.559253
2.02102 0.556595
2.02703 0.554002
2.03303 0.551472
2.03904 0.549007
2.04505 0.546605
2.05105 0.544266
2.05706 0.541989
2.06306 0.539776
2.06907 0.537624
2.07508 0.535535
2.08108 0.533507
2.08709 0.53154
2.09309 0.529634
2.0991 0.527788
2.10511 0.526002
2.11111 0.524276
2.11712 0.522608
2.12312 0.520999
2.12913 0.519449
2.13514 0.517955
2.14114 0.516519
2.14715 0.51514
2.15315 0.513816
2.15916 0.512548
2.16517 0.511334
2.17117 0.510175
2.17718 0.509069
2.18318 0.508017
2.18919 0.507016
2.1952 0.506068
2.2012 0.50517
2.20721 0.504323
2.21321 0.503525
2.21922 0.502776
2.22523 0.502075
2.23123 0.501421
2.23724 0.500814
2.24324 0.500253
2.24925 0.499736
2.25526 0.499264
2.26126 0.498835
2.26727 0.498448
2.27327 0.498102
2.27928 0.497797
2.28529 0.497532
2.29129 0.497305
2.2973 0.497115
2.3033 0.496963
2.30931 0.496845
2.31532 0.496763
2.32132 0.496714
2.32733 0.496697
2.33333 0.496712
2.33934 0.496757
2.34535 0.496831
2.35135 0.496933
2.35736 0.497062
2.36336 0.497217
2.36937 0.497395
2.37538 0.497597
2.38138 0.497821
2.38739 0.498065
2.39339 0.498329
2.3994 0.49861
2.40541 0.498908
2.41141 0.499222
2.41742 0.499549
2.42342 0.499888
2.42943 0.500239
2.43544 0.500599
2.44144 0.500967
2.44745 0.501342
2.45345 0.501722
2.45946 0.502105
2.46547 0.50249
2.47147 0.502875
2.47748 0.50326
2.48348 0.503641
2.48949 0.504017
2.4955 0.504388
2.5015 0.50475
2.50751 0.505103
2.51351 0.505444
2.51952 0.505771
2.52553 0.506084
2.53153 0.50638
2.53754 0.506657
2.54354 0.506913
2.54955 0.507146
2.55556 0.507356
2.56156 0.507538
2.56757 0.507692
2.57357 0.507816
2.57958 0.507907
2.58559 0.507964
2.59159 0.507983
2.5976 0.507964
2.6036 0.507905
2.60961 0.507802
2.61562 0.507653
2.62162 0.507457
2.62763 0.507212
2.63363 0.506914
2.63964 0.506562
2.64565 0.506153
2.65165 0.505685
2.65766 0.505156
2.66366 0.504563
2.66967 0.503904
2.67568 0.503175
2.68168 0.502376
2.68769 0.501503
2.69369 0.500553
2.6997 0.499524
2.70571 0.498414
2.71171 0.49722
2.71772 0.495938
2.72372 0.494567
2.72973 0.493104
2.73574 0.491546
2.74174 0.489889
2.74775 0.488132
2.75375 0.486272
2.75976 0.484305
2.76577 0.482228
2.77177 0.48004
2.77778 0.477736
2.78378 0.475313
2.78979 0.47277
2.7958 0.470101
2.8018 0.467306
2.80781 0.464379
2.81381 0.461319
2.81982 0.458122
2.82583 0.454785
2.83183 0.451304
2.83784 0.447676
2.84384 0.443898
2.84985 0.439967
2.85586 0.435878
2.86186 0.43163
2.86787 0.427217
2.87387 0.422637
2.87988 0.417887
2.88589 0.412962
2.89189 0.407859
2.8979 0.402574
2.9039 0.397104
2.90991 0.391445
2.91592 0.385594
2.92192 0.379546
2.92793 0.373297
2.93393 0.366845
2.93994 0.360184
2.94595 0.353312
2.95195 0.346223
2.95796 0.338915
2.96396 0.331383
2.96997 0.323623
2.97598 0.315631
2.98198 0.307403
2.98799 0.298934
2.99399 0.290221
3 0.28126
