-5 1.32798
-4.995 1.32162
-4.98999 1.31529
-4.98499 1.30897
-4.97999 1.30268
-4.97499 1.2964
-4.96998 1.29015
-4.96498 1.28392
-4.95998 1.27771
-4.95498 1.27152
-4.94997 1.26536
-4.94497 1.25922
-4.93997 1.2531
-4.93497 1.247
-4.92996 1.24093
-4.92496 1.23488
-4.91996 1.22885
-4.91496 1.22285
-4.90995 1.21687
-4.90495 1.21091
-4.89995 1.20498
-4.89495 1.19907
-4.88994 1.19318
-4.88494 1.18732
-4.87994 1.18148
-4.87494 1.17566
-4.86993 1.16987
-4.86493 1.16411
-4.85993 1.15836
-4.85493 1.15264
-4.84992 1.14695
-4.84492 1.14128
-4.83992 1.13563
-4.83492 1.13001
-4.82991 1.12441
-4.82491 1.11884
-4.81991 1.11329
-4.81491 1.10776
-4.8099 1.10226
-4.8049 1.09679
-4.7999 1.09133
-4.7949 1.08591
-4.78989 1.08051
-4.78489 1.07513
-4.77989 1.06978
-4.77489 1.06445
-4.76988 1.05915
-4.76488 1.05387
-4.75988 1.04862
-4.75488 1.04339
-4.74987 1.03819
-4.74487 1.03301
-4.73987 1.02786
-4.73487 1.02273
-4.72986 1.01763
-4.72486 1.01255
-4.71986 1.0075
-4.71486 1.00247
-4.70985 0.997467
-4.70485 0.99249
-4.69985 0.987538
-4.69485 0.98261
-4.68984 0.977708
-4.68484 0.972831
-4.67984 0.967978
-4.67484 0.963151
-4.66983 0.958349
-4.66483 0.953572
-4.65983 0.948819
-4.65483 0.944092
-4.64982 0.939389
-4.64482 0.934712
-4.63982 0.930059
-4.63482 0.925431
-4.62981 0.920828
-4.62481 0.91625
-4.61981 0.911697
-4.61481 0.907168
-4.6098 0.902664
-4.6048 0.898185
-4.5998 0.89373
-4.5948 0.8893
-4.58979 0.884894
-4.58479 0.880513
-4.57979 0.876157
-4.57479 0.871825
-4.56978 0.867517
-4.56478 0.863234
-4.55978 0.858975
-4.55478 0.85474
-4.54977 0.850529
-4.54477 0.846343
-4.53977 0.842181
-4.53477 0.838042
-4.52976 0.833928
-4.52476 0.829838
-4.51976 0.825771
-4.51476 0.821729
-4.50975 0.81771
-4.50475 0.813715
-4.49975 0.809744
-4.49475 0.805796
-4.48974 0.801872
-4.48474 0.797971
-4.47974 0.794094
-4.47474 0.79024
-4.46973 0.78641
-4.46473 0.782602
-4.45973 0.778818
-4.45473 0.775058
-4.44972 0.77132
-4.44472 0.767605
-4.43972 0.763913
-4.43472 0.760244
-4.42971 0.756598
-4.42471 0.752974
-4.41971 0.749374
-4.41471 0.745795
-4.4097 0.74224
-4.4047 0.738706
-4.3997 0.735196
-4.3947 0.731707
-4.38969 0.728241
-4.38469 0.724797
-4.37969 0.721375
-4.37469 0.717975
-4.36968 0.714597
-4.36468 0.711241
-4.35968 0.707906
-4.35468 0.704594
-4.34967 0.701303
-4.34467 0.698034
-4.33967 0.694786
-4.33467 0.691559
-4.32966 0.688354
-4.32466 0.68517
-4.31966 0.682008
-4.31466 0.678866
-4.30965 0.675746
-4.30465 0.672646
-4.29965 0.669567
-4.29465 0.66651
-4.28964 0.663472
-4.28464 0.660456
-4.27964 0.65746
-4.27464 0.654484
-4.26963 0.651529
-4.26463 0.648594
-4.25963 0.64568
-4.25463 0.642785
-4.24962 0.639911
-4.24462 0.637057
-4.23962 0.634222
-4.23462 0.631407
-4.22961 0.628612
-4.22461 0.625837
-4.21961 0.623081
-4.21461 0.620345
-4.2096 0.617628
-4.2046 0.614931
-4.1996 0.612252
-4.1946 0.609593
-4.18959 0.606953
-4.18459 0.604332
-4.17959 0.60173
-4.17459 0.599146
-4.16958 0.596582
-4.16458 0.594036
-4.15958 0.591508
-4.15458 0.588999
-4.14957 0.586509
-4.14457 0.584037
-4.13957 0.581583
-4.13457 0.579147
-4.12956 0.576729
-4.12456 0.57433
-4.11956 0.571948
-4.11456 0.569584
-4.10955 0.567238
-4.10455 0.564909
-4.09955 0.562599
-4.09455 0.560305
-4.08954 0.558029
-4.08454 0.555771
-4.07954 0.553529
-4.07454 0.551305
-4.06953 0.549098
-4.06453 0.546908
-4.05953 0.544735
-4.05453 0.542579
-4.04952 0.540439
-4.04452 0.538317
-4.03952 0.536211
-4.03452 0.534121
-4.02951 0.532048
-4.02451 0.529992
-4.01951 0.527951
-4.01451 0.525928
-4.0095 0.52392
-4.0045 0.521928
-3.9995 0.519952
-3.9945 0.517993
-3.98949 0.516049
-3.98449 0.514121
-3.97949 0.512208
-3.97449 0.510312
-3.96948 0.50843
-3.96448 0.506565
-3.95948 0.504715
-3.95448 0.50288
-3.94947 0.50106
-3.94447 0.499256
-3.93947 0.497467
-3.93447 0.495693
-3.92946 0.493934
-3.92446 0.492189
-3.91946 0.49046
-3.91446 0.488746
-3.90945 0.487046
-3.90445 0.485361
-3.89945 0.48369
-3.89445 0.482034
-3.88944 0.480392
-3.88444 0.478765
-3.87944 0.477152
-3.87444 0.475553
-3.86943 0.473969
-3.86443 0.472398
-3.85943 0.470842
-3.85443 0.4693
-3.84942 0.467771
-3.84442 0.466256
-3.83942 0.464755
-3.83442 0.463268
-3.82941 0.461795
-3.82441 0.460335
-3.81941 0.458889
-3.81441 0.457456
-3.8094 0.456036
-3.8044 0.45463
-3.7994 0.453237
-3.7944 0.451857
-3.78939 0.450491
-3.78439 0.449138
-3.77939 0.447797
-3.77439 0.44647
-3.76938 0.445155
-3.76438 0.443854
-3.75938 0.442565
-3.75438 0.441289
-3.74937 0.440026
-3.74437 0.438775
-3.73937 0.437537
-3.73437 0.436311
-3.72936 0.435098
-3.72436 0.433898
-3.71936 0.432709
-3.71436 0.431533
-3.70935 0.430369
-3.70435 0.429218
-3.69935 0.428078
-3.69435 0.426951
-3.68934 0.425836
-3.68434 0.424733
-3.67934 0.423641
-3.67434 0.422562
-3.66933 0.421494
-3.66433 0.420438
-3.65933 0.419394
-3.65433 0.418362
-3.64932 0.417341
-3.64432 0.416332
-3.63932 0.415334
-3.63432 0.414348
-3.62931 0.413374
-3.62431 0.41241
-3.61931 0.411458
-3.61431 0.410518
-3.6093 0.409589
-3.6043 0.408671
-3.5993 0.407764
-3.5943 0.406868
-3.58929 0.405983
-3.58429 0.40511
-3.57929 0.404247
-3.57429 0.403396
-3.56928 0.402555
-3.56428 0.401726
-3.55928 0.400907
-3.55428 0.400099
-3.54927 0.399301
-3.54427 0.398515
-3.53927 0.397739
-3.53427 0.396974
-3.52926 0.396219
-3.52426 0.395476
-3.51926 0.394742
-3.51426 0.394019
-3.50925 0.393307
-3.50425 0.392605
-3.49925 0.391914
-3.49425 0.391232
-3.48924 0.390562
-3.48424 0.389901
-3.47924 0.389251
-3.47424 0.388611
-3.46923 0.387982
-3.46423 0.387362
-3.45923 0.386753
-3.45423 0.386154
-3.44922 0.385564
-3.44422 0.384985
-3.43922 0.384416
-3.43422 0.383858
-3.42921 0.383309
-3.42421 0.38277
-3.41921 0.382241
-3.41421 0.381721
-3.4092 0.381212
-3.4042 0.380713
-3.3992 0.380223
-3.3942 0.379743
-3.38919 0.379274
-3.38419 0.378813
-3.37919 0.378363
-3.37419 0.377922
-3.36918 0.377491
-3.36418 0.37707
-3.35918 0.376658
-3.35418 0.376256
-3.34917 0.375864
-3.34417 0.375481
-3.33917 0.375108
-3.33417 0.374744
-3.32916 0.37439
-3.32416 0.374045
-3.31916 0.37371
-3.31416 0.373385
-3.30915 0.373069
-3.30415 0.372762
-3.29915 0.372465
-3.29415 0.372177
-3.28914 0.371899
-3.28414 0.37163
-3.27914 0.37137
-3.27414 0.37112
-3.26913 0.370879
-3.26413 0.370648
-3.25913 0.370426
-3.25413 0.370213
-3.24912 0.37001
-3.24412 0.369815
-3.23912 0.369631
-3.23412 0.369455
-3.22911 0.369289
-3.22411 0.369132
-3.21911 0.368984
-3.21411 0.368846
-3.2091 0.368717
-3.2041 0.368597
-3.1991 0.368486
-3.1941 0.368385
-3.18909 0.368293
-3.18409 0.36821
-3.17909 0.368136
-3.17409 0.368071
-3.16908 0.368016
-3.16408 0.36797
-3.15908 0.367933
-3.15408 0.367906
-3.14907 0.367887
-3.14407 0.367878
-3.13907 0.367878
-3.13407 0.367887
-3.12906 0.367906
-3.12406 0.367933
-3.11906 0.36797
-3.11406 0.368016
-3.10905 0.368072
-3.10405 0.368136
-3.09905 0.36821
-3.09405 0.368293
-3.08904 0.368385
-3.08404 0.368487
-3.07904 0.368597
-3.07404 0.368717
-3.06903 0.368846
-3.06403 0.368985
-3.05903 0.369133
-3.05403 0.369289
-3.04902 0.369456
-3.04402 0.369631
-3.03902 0.369816
-3.03402 0.37001
-3.02901 0.370214
-3.02401 0.370427
-3.01901 0.370649
-3.01401 0.37088
-3.009 0.371121
-3.004 0.371371
-2.999 0.371631
-2.994 0.3719
-2.98899 0.372178
-2.98399 0.372466
-2.97899 0.372763
-2.97399 0.37307
-2.96898 0.373386
-2.96398 0.373712
-2.95898 0.374047
-2.95398 0.374392
-2.94897 0.374746
-2.94397 0.37511
-2.93897 0.375483
-2.93397 0.375866
-2.92896 0.376258
-2.92396 0.376661
-2.91896 0.377072
-2.91396 0.377494
-2.90895 0.377925
-2.90395 0.378366
-2.89895 0.378816
-2.89395 0.379277
-2.88894 0.379747
-2.88394 0.380226
-2.87894 0.380716
-2.87394 0.381216
-2.86893 0.381725
-2.86393 0.382244
-2.85893 0.382774
-2.85393 0.383313
-2.84892 0.383862
-2.84392 0.384421
-2.83892 0.38499
-2.83392 0.385569
-2.82891 0.386158
-2.82391 0.386758
-2.81891 0.387367
-2.81391 0.387987
-2.8089 0.388617
-2.8039 0.389257
-2.7989 0.389907
-2.7939 0.390568
-2.78889 0.391239
-2.78389 0.39192
-2.77889 0.392611
-2.77389 0.393314
-2.76888 0.394026
-2.76388 0.394749
-2.75888 0.395483
-2.75388 0.396227
-2.74887 0.396981
-2.74387 0.397747
-2.73887 0.398523
-2.73387 0.399309
-2.72886 0.400107
-2.72386 0.400915
-2.71886 0.401734
-2.71386 0.402564
-2.70885 0.403405
-2.70385 0.404256
-2.69885 0.405119
-2.69385 0.405993
-2.68884 0.406878
-2.68384 0.407773
-2.67884 0.40868
-2.67384 0.409599
-2.66883 0.410528
-2.66383 0.411469
-2.65883 0.412421
-2.65383 0.413384
-2.64882 0.414359
-2.64382 0.415345
-2.63882 0.416343
-2.63382 0.417352
-2.62881 0.418373
-2.62381 0.419406
-2.61881 0.42045
-2.61381 0.421506
-2.6088 0.422573
-2.6038 0.423653
-2.5988 0.424744
-2.5938 0.425848
-2.58879 0.426963
-2.58379 0.428091
-2.57879 0.42923
-2.57379 0.430382
-2.56878 0.431546
-2.56378 0.432722
-2.55878 0.43391
-2.55378 0.435111
-2.54877 0.436324
-2.54377 0.43755
-2.53877 0.438788
-2.53377 0.440038
-2.52876 0.441302
-2.52376 0.442578
-2.51876 0.443867
-2.51376 0.445168
-2.50875 0.446483
-2.50375 0.44781
-2.49875 0.44915
-2.49375 0.450504
-2.48874 0.45187
-2.48374 0.45325
-2.47874 0.454643
-2.47374 0.456049
-2.46873 0.457468
-2.46373 0.458901
-2.45873 0.460348
-2.45373 0.461808
-2.44872 0.463281
-2.44372 0.464768
-2.43872 0.466269
-2.43372 0.467784
-2.42871 0.469312
-2.42371 0.470854
-2.41871 0.472411
-2.41371 0.473981
-2.4087 0.475566
-2.4037 0.477164
-2.3987 0.478777
-2.3937 0.480405
-2.38869 0.482046
-2.38369 0.483702
-2.37869 0.485373
-2.37369 0.487058
-2.36868 0.488758
-2.36368 0.490472
-2.35868 0.492202
-2.35368 0.493946
-2.34867 0.495705
-2.34367 0.497479
-2.33867 0.499268
-2.33367 0.501073
-2.32866 0.502892
-2.32366 0.504727
-2.31866 0.506577
-2.31366 0.508443
-2.30865 0.510324
-2.30365 0.512221
-2.29865 0.514133
-2.29365 0.516062
-2.28864 0.518006
-2.28364 0.519965
-2.27864 0.521941
-2.27364 0.523933
-2.26863 0.525941
-2.26363 0.527965
-2.25863 0.530006
-2.25363 0.532063
-2.24862 0.534136
-2.24362 0.536225
-2.23862 0.538332
-2.23362 0.540455
-2.22861 0.542594
-2.22361 0.544751
-2.21861 0.546924
-2.21361 0.549114
-2.2086 0.551321
-2.2036 0.553546
-2.1986 0.555788
-2.1936 0.558047
-2.18859 0.560323
-2.18359 0.562617
-2.17859 0.564928
-2.17359 0.567257
-2.16858 0.569603
-2.16358 0.571967
-2.15858 0.57435
-2.15358 0.57675
-2.14857 0.579168
-2.14357 0.581604
-2.13857 0.584058
-2.13357 0.586531
-2.12856 0.589022
-2.12356 0.591531
-2.11856 0.594059
-2.11356 0.596605
-2.10855 0.59917
-2.10355 0.601754
-2.09855 0.604356
-2.09355 0.606978
-2.08854 0.609618
-2.08354 0.612278
-2.07854 0.614957
-2.07354 0.617655
-2.06853 0.620372
-2.06353 0.623108
-2.05853 0.625864
-2.05353 0.62864
-2.04852 0.631435
-2.04352 0.63425
-2.03852 0.637085
-2.03352 0.63994
-2.02851 0.642815
-2.02351 0.645709
-2.01851 0.648624
-2.01351 0.651559
-2.0085 0.654515
-2.0035 0.657491
-1.9985 0.660487
-1.9935 0.663504
-1.98849 0.666541
-1.98349 0.669599
-1.97849 0.672678
-1.97349 0.675778
-1.96848 0.678898
-1.96348 0.68204
-1.95848 0.685203
-1.95348 0.688387
-1.94847 0.691592
-1.94347 0.694818
-1.93847 0.698066
-1.93347 0.701336
-1.92846 0.704627
-1.92346 0.707939
-1.91846 0.711273
-1.91346 0.71463
-1.90845 0.718008
-1.90345 0.721408
-1.89845 0.72483
-1.89345 0.728274
-1.88844 0.73174
-1.88344 0.735228
-1.87844 0.738739
-1.87344 0.742272
-1.86843 0.745828
-1.86343 0.749406
-1.85843 0.753007
-1.85343 0.75663
-1.84842 0.760276
-1.84342 0.763945
-1.83842 0.767637
-1.83342 0.771352
-1.82841 0.77509
-1.82341 0.778851
-1.81841 0.782635
-1.81341 0.786442
-1.8084 0.790273
-1.8034 0.794127
-1.7984 0.798004
-1.7934 0.801904
-1.78839 0.805829
-1.78339 0.809777
-1.77839 0.813748
-1.77339 0.817743
-1.76838 0.821762
-1.76338 0.825805
-1.75838 0.829871
-1.75338 0.833962
-1.74837 0.838076
-1.74337 0.842215
-1.73837 0.846377
-1.73337 0.850564
-1.72836 0.854775
-1.72336 0.85901
-1.71836 0.863269
-1.71336 0.867553
-1.70835 0.871861
-1.70335 0.876193
-1.69835 0.88055
-1.69335 0.884932
-1.68834 0.889337
-1.68334 0.893768
-1.67834 0.898223
-1.67334 0.902703
-1.66833 0.907207
-1.66333 0.911736
-1.65833 0.91629
-1.65333 0.920868
-1.64832 0.925471
-1.64332 0.9301
-1.63832 0.934753
-1.63332 0.93943
-1.62831 0.944133
-1.62331 0.948861
-1.61831 0.953613
-1.61331 0.958391
-1.6083 0.963193
-1.6033 0.968021
-1.5983 0.972873
-1.5933 0.977751
-1.58829 0.982653
-1.58329 0.987581
-1.57829 0.992533
-1.57329 0.997511
-1.56828 1.00251
-1.56328 1.00754
-1.55828 1.01259
-1.55328 1.01767
-1.54827 1.02277
-1.54327 1.0279
-1.53827 1.03305
-1.53327 1.03823
-1.52826 1.04343
-1.52326 1.04866
-1.51826 1.05391
-1.51326 1.05919
-1.50825 1.06449
-1.50325 1.06982
-1.49825 1.07517
-1.49325 1.08055
-1.48824 1.08595
-1.48324 1.09138
-1.47824 1.09683
-1.47324 1.1023
-1.46823 1.10781
-1.46323 1.11333
-1.45823 1.11888
-1.45323 1.12445
-1.44822 1.13005
-1.44322 1.13568
-1.43822 1.14132
-1.43322 1.14699
-1.42821 1.15269
-1.42321 1.15841
-1.41821 1.16415
-1.41321 1.16992
-1.4082 1.17571
-1.4032 1.18153
-1.3982 1.18737
-1.3932 1.19323
-1.38819 1.19912
-1.38319 1.20503
-1.37819 1.21097
-1.37319 1.21692
-1.36818 1.2229
-1.36318 1.22891
-1.35818 1.23494
-1.35318 1.24099
-1.34817 1.24706
-1.34317 1.25315
-1.33817 1.25927
-1.33317 1.26541
-1.32816 1.27158
-1.32316 1.27776
-1.31816 1.28397
-1.31316 1.2902
-1.30815 1.29645
-1.30315 1.30273
-1.29815 1.30902
-1.29315 1.31534
-1.28814 1.32168
-1.28314 1.32804
-1.27814 1.33442
-1.27314 1.34082
-1.26813 1.34725
-1.26313 1.35369
-1.25813 1.36015
-1.25313 1.36664
-1.24812 1.37314
-1.24312 1.37967
-1.23812 1.38621
-1.23312 1.39278
-1.22811 1.39936
-1.22311 1.40596
-1.21811 1.41259
-1.21311 1.41923
-1.2081 1.42589
-1.2031 1.43256
-1.1981 1.43926
-1.1931 1.44598
-1.18809 1.45271
-1.18309 1.45946
-1.17809 1.46623
-1.17309 1.47301
-1.16808 1.47981
-1.16308 1.48663
-1.15808 1.49347
-1.15308 1.50032
-1.14807 1.50719
-1.14307 1.51407
-1.13807 1.52097
-1.13307 1.52789
-1.12806 1.53482
-1.12306 1.54176
-1.11806 1.54872
-1.11306 1.5557
-1.10805 1.56268
-1.10305 1.56969
-1.09805 1.5767
-1.09305 1.58373
-1.08804 1.59077
-1.08304 1.59783
-1.07804 1.60489
-1.07304 1.61197
-1.06803 1.61907
-1.06303 1.62617
-1.05803 1.63328
-1.05303 1.64041
-1.04802 1.64754
-1.04302 1.65469
-1.03802 1.66185
-1.03302 1.66901
-1.02801 1.67619
-1.02301 1.68337
-1.01801 1.69056
-1.01301 1.69777
-1.008 1.70498
-1.003 1.71219
-0.997999 1.71942
-0.992996 1.72665
-0.987994 1.73389
-0.982991 1.74113
-0.977989 1.74838
-0.972986 1.75564
-0.967984 1.7629
-0.962981 1.77017
-0.957979 1.77744
-0.952976 1.78472
-0.947974 1.792
-0.942971 1.79928
-0.937969 1.80656
-0.932966 1.81385
-0.927964 1.82114
-0.922961 1.82844
-0.917959 1.83573
-0.912956 1.84303
-0.907954 1.85032
-0.902951 1.85762
-0.897949 1.86491
-0.892946 1.87221
-0.887944 1.8795
-0.882941 1.8868
-0.877939 1.89409
-0.872936 1.90138
-0.867934 1.90867
-0.862931 1.91595
-0.857929 1.92323
-0.852926 1.9305
-0.847924 1.93778
-0.842921 1.94504
-0.837919 1.95231
-0.832916 1.95956
-0.827914 1.96681
-0.822911 1.97405
-0.817909 1.98129
-0.812906 1.98852
-0.807904 1.99574
-0.802901 2.00295
-0.797899 2.01016
-0.792896 2.01735
-0.787894 2.02453
-0.782891 2.03171
-0.777889 2.03887
-0.772886 2.04602
-0.767884 2.05316
-0.762881 2.06029
-0.757879 2.06741
-0.752876 2.07451
-0.747874 2.0816
-0.742871 2.08867
-0.737869 2.09573
-0.732866 2.10278
-0.727864 2.10981
-0.722861 2.11682
-0.717859 2.12382
-0.712856 2.1308
-0.707854 2.13776
-0.702851 2.1447
-0.697849 2.15163
-0.692846 2.15854
-0.687844 2.16542
-0.682841 2.17229
-0.677839 2.17914
-0.672836 2.18596
-0.667834 2.19277
-0.662831 2.19955
-0.657829 2.20631
-0.652826 2.21305
-0.647824 2.21976
-0.642821 2.22645
-0.637819 2.23311
-0.632816 2.23975
-0.627814 2.24636
-0.622811 2.25295
-0.617809 2.25951
-0.612806 2.26605
-0.607804 2.27255
-0.602801 2.27903
-0.597799 2.28548
-0.592796 2.2919
-0.587794 2.29829
-0.582791 2.30465
-0.577789 2.31098
-0.572786 2.31728
-0.567784 2.32355
-0.562781 2.32978
-0.557779 2.33598
-0.552776 2.34215
-0.547774 2.34829
-0.542771 2.35439
-0.537769 2.36045
-0.532766 2.36648
-0.527764 2.37248
-0.522761 2.37844
-0.517759 2.38436
-0.512756 2.39024
-0.507754 2.39609
-0.502751 2.4019
-0.497749 2.40767
-0.492746 2.4134
-0.487744 2.41909
-0.482741 2.42474
-0.477739 2.43035
-0.472736 2.43592
-0.467734 2.44145
-0.462731 2.44694
-0.457729 2.45238
-0.452726 2.45778
-0.447724 2.46313
-0.442721 2.46845
-0.437719 2.47371
-0.432716 2.47894
-0.427714 2.48411
-0.422711 2.48925
-0.417709 2.49433
-0.412706 2.49937
-0.407704 2.50436
-0.402701 2.5093
-0.397699 2.5142
-0.392696 2.51905
-0.387694 2.52384
-0.382691 2.52859
-0.377689 2.53329
-0.372686 2.53794
-0.367684 2.54254
-0.362681 2.54708
-0.357679 2.55158
-0.352676 2.55602
-0.347674 2.56041
-0.342671 2.56475
-0.337669 2.56903
-0.332666 2.57326
-0.327664 2.57744
-0.322661 2.58156
-0.317659 2.58563
-0.312656 2.58964
-0.307654 2.5936
-0.302651 2.5975
-0.297649 2.60135
-0.292646 2.60513
-0.287644 2.60886
-0.282641 2.61254
-0.277639 2.61615
-0.272636 2.61971
-0.267634 2.62321
-0.262631 2.62665
-0.257629 2.63003
-0.252626 2.63336
-0.247624 2.63662
-0.242621 2.63982
-0.237619 2.64297
-0.232616 2.64605
-0.227614 2.64907
-0.222611 2.65203
-0.217609 2.65493
-0.212606 2.65776
-0.207604 2.66054
-0.202601 2.66325
-0.197599 2.6659
-0.192596 2.66848
-0.187594 2.67101
-0.182591 2.67347
-0.177589 2.67586
-0.172586 2.6782
-0.167584 2.68047
-0.162581 2.68267
-0.157579 2.68481
-0.152576 2.68689
-0.147574 2.6889
-0.142571 2.69084
-0.137569 2.69272
-0.132566 2.69454
-0.127564 2.69628
-0.122561 2.69797
-0.117559 2.69958
-0.112556 2.70114
-0.107554 2.70262
-0.102551 2.70404
-0.0975488 2.70539
-0.0925463 2.70667
-0.0875438 2.70789
-0.0825413 2.70904
-0.0775388 2.71013
-0.0725363 2.71114
-0.0675338 2.71209
-0.0625313 2.71297
-0.0575288 2.71379
-0.0525263 2.71454
-0.0475238 2.71521
-0.0425213 2.71583
-0.0375188 2.71637
-0.0325163 2.71685
-0.0275138 2.71725
-0.0225113 2.71759
-0.0175088 2.71787
-0.0125063 2.71807
-0.00750375 2.71821
-0.00250125 2.71827
0.00250125 2.71827
0.00750375 2.71821
0.0125063 2.71807
0.0175088 2.71787
0.0225113 2.71759
0.0275138 2.71725
0.0325163 2.71685
0.0375188 2.71637
0.0425213 2.71583
0.0475238 2.71521
0.0525263 2.71454
0.0575288 2.71379
0.0625313 2.71297
0.0675338 2.71209
0.0725363 2.71114
0.0775388 2.71013
0.0825413 2.70904
0.0875438 2.70789
0.0925463 2.70667
0.0975488 2.70539
0.102551 2.70404
0.107554 2.70262
0.112556 2.70114
0.117559 2.69958
0.122561 2.69797
0.127564 2.69628
0.132566 2.69454
0.137569 2.69272
0.142571 2.69084
0.147574 2.6889
0.152576 2.68689
0.157579 2.68481
0.162581 2.68267
0.167584 2.68047
0.172586 2.6782
0.177589 2.67586
0.182591 2.67347
0.187594 2.67101
0.192596 2.66848
0.197599 2.6659
0.202601 2.66325
0.207604 2.66054
0.212606 2.65776
0.217609 2.65493
0.222611 2.65203
0.227614 2.64907
0.232616 2.64605
0.237619 2.64297
0.242621 2.63982
0.247624 2.63662
0.252626 2.63336
0.257629 2.63003
0.262631 2.62665
0.267634 2.62321
0.272636 2.61971
0.277639 2.61615
0.282641 2.61254
0.287644 2.60886
0.292646 2.60513
0.297649 2.60135
0.302651 2.5975
0.307654 2.5936
0.312656 2.58964
0.317659 2.58563
0.322661 2.58156
0.327664 2.57744
0.332666 2.57326
0.337669 2.56903
0.342671 2.56475
0.347674 2.56041
0.352676 2.55602
0.357679 2.55158
0.362681 2.54708
0.367684 2.54254
0.372686 2.53794
0.377689 2.53329
0.382691 2.52859
0.387694 2.52384
0.392696 2.51905
0.397699 2.5142
0.402701 2.5093
0.407704 2.50436
0.412706 2.49937
0.417709 2.49433
0.422711 2.48925
0.427714 2.48411
0.432716 2.47894
0.437719 2.47371
0.442721 2.46845
0.447724 2.46313
0.452726 2.45778
0.457729 2.45238
0.462731 2.44694
0.467734 2.44145
0.472736 2.43592
0.477739 2.43035
0.482741 2.42474
0.487744 2.41909
0.492746 2.4134
0.497749 2.40767
0.502751 2.4019
0.507754 2.39609
0.512756 2.39024
0.517759 2.38436
0.522761 2.37844
0.527764 2.37248
0.532766 2.36648
0.537769 2.36045
0.542771 2.35439
0.547774 2.34829
0.552776 2.34215
0.557779 2.33598
0.562781 2.32978
0.567784 2.32355
0.572786 2.31728
0.577789 2.31098
0.582791 2.30465
0.587794 2.29829
0.592796 2.2919
0.597799 2.28548
0.602801 2.27903
0.607804 2.27255
0.612806 2.26605
0.617809 2.25951
0.622811 2.25295
0.627814 2.24636
0.632816 2.23975
0.637819 2.23311
0.642821 2.22645
0.647824 2.21976
0.652826 2.21305
0.657829 2.20631
0.662831 2.19955
0.667834 2.19277
0.672836 2.18596
0.677839 2.17914
0.682841 2.17229
0.687844 2.16542
0.692846 2.15854
0.697849 2.15163
0.702851 2.1447
0.707854 2.13776
0.712856 2.1308
0.717859 2.12382
0.722861 2.11682
0.727864 2.10981
0.732866 2.10278
0.737869 2.09573
0.742871 2.08867
0.747874 2.0816
0.752876 2.07451
0.757879 2.06741
0.762881 2.06029
0.767884 2.05316
0.772886 2.04602
0.777889 2.03887
0.782891 2.03171
0.787894 2.02453
0.792896 2.01735
0.797899 2.01016
0.802901 2.00295
0.807904 1.99574
0.812906 1.98852
0.817909 1.98129
0.822911 1.97405
0.827914 1.96681
0.832916 1.95956
0.837919 1.95231
0.842921 1.94504
0.847924 1.93778
0.852926 1.9305
0.857929 1.92323
0.862931 1.91595
0.867934 1.90867
0.872936 1.90138
0.877939 1.89409
0.882941 1.8868
0.887944 1.8795
0.892946 1.87221
0.897949 1.86491
0.902951 1.85762
0.907954 1.85032
0.912956 1.84303
0.917959 1.83573
0.922961 1.82844
0.927964 1.82114
0.932966 1.81385
0.937969 1.80656
0.942971 1.79928
0.947974 1.792
0.952976 1.78472
0.957979 1.77744
0.962981 1.77017
0.967984 1.7629
0.972986 1.75564
0.977989 1.74838
0.982991 1.74113
0.987994 1.73389
0.992996 1.72665
0.997999 1.71942
1.003 1.71219
1.008 1.70498
1.01301 1.69777
1.01801 1.69056
1.02301 1.68337
1.02801 1.67619
1.03302 1.66901
1.03802 1.66185
1.04302 1.65469
1.04802 1.64754
1.05303 1.64041
1.05803 1.63328
1.06303 1.62617
1.06803 1.61907
1.07304 1.61197
1.07804 1.60489
1.08304 1.59783
1.08804 1.59077
1.09305 1.58373
1.09805 1.5767
1.10305 1.56969
1.10805 1.56268
1.11306 1.5557
1.11806 1.54872
1.12306 1.54176
1.12806 1.53482
1.13307 1.52789
1.13807 1.52097
1.14307 1.51407
1.14807 1.50719
1.15308 1.50032
1.15808 1.49347
1.16308 1.48663
1.16808 1.47981
1.17309 1.47301
1.17809 1.46623
1.18309 1.45946
1.18809 1.45271
1.1931 1.44598
1.1981 1.43926
1.2031 1.43256
1.2081 1.42589
1.21311 1.41923
1.21811 1.41259
1.22311 1.40596
1.22811 1.39936
1.23312 1.39278
1.23812 1.38621
1.24312 1.37967
1.24812 1.37314
1.25313 1.36664
1.25813 1.36015
1.26313 1.35369
1.26813 1.34725
1.27314 1.34082
1.27814 1.33442
1.28314 1.32804
1.28814 1.32168
1.29315 1.31534
1.29815 1.30902
1.30315 1.30273
1.30815 1.29645
1.31316 1.2902
1.31816 1.28397
1.32316 1.27776
1.32816 1.27158
1.33317 1.26541
1.33817 1.25927
1.34317 1.25315
1.34817 1.24706
1.35318 1.24099
1.35818 1.23494
1.36318 1.22891
1.36818 1.2229
1.37319 1.21692
1.37819 1.21097
1.38319 1.20503
1.38819 1.19912
1.3932 1.19323
1.3982 1.18737
1.4032 1.18153
1.4082 1.17571
1.41321 1.16992
1.41821 1.16415
1.42321 1.15841
1.42821 1.15269
1.43322 1.14699
1.43822 1.14132
1.44322 1.13568
1.44822 1.13005
1.45323 1.12445
1.45823 1.11888
1.46323 1.11333
1.46823 1.10781
1.47324 1.1023
1.47824 1.09683
1.48324 1.09138
1.48824 1.08595
1.49325 1.08055
1.49825 1.07517
1.50325 1.06982
1.50825 1.06449
1.51326 1.05919
1.51826 1.05391
1.52326 1.04866
1.52826 1.04343
1.53327 1.03823
1.53827 1.03305
1.54327 1.0279
1.54827 1.02277
1.55328 1.01767
1.55828 1.01259
1.56328 1.00754
1.56828 1.00251
1.57329 0.997511
1.57829 0.992533
1.58329 0.987581
1.58829 0.982653
1.5933 0.977751
1.5983 0.972873
1.6033 0.968021
1.6083 0.963193
1.61331 0.958391
1.61831 0.953613
1.62331 0.948861
1.62831 0.944133
1.63332 0.93943
1.63832 0.934753
1.64332 0.9301
1.64832 0.925471
1.65333 0.920868
1.65833 0.91629
1.66333 0.911736
1.66833 0.907207
1.67334 0.902703
1.67834 0.898223
1.68334 0.893768
1.68834 0.889337
1.69335 0.884932
1.69835 0.88055
1.70335 0.876193
1.70835 0.871861
1.71336 0.867553
1.71836 0.863269
1.72336 0.85901
1.72836 0.854775
1.73337 0.850564
1.73837 0.846377
1.74337 0.842215
1.74837 0.838076
1.75338 0.833962
1.75838 0.829871
1.76338 0.825805
1.76838 0.821762
1.77339 0.817743
1.77839 0.813748
1.78339 0.809777
1.78839 0.805829
1.7934 0.801904
1.7984 0.798004
1.8034 0.794127
1.8084 0.790273
1.81341 0.786442
1.81841 0.782635
1.82341 0.778851
1.82841 0.77509
1.83342 0.771352
1.83842 0.767637
1.84342 0.763945
1.84842 0.760276
1.85343 0.75663
1.85843 0.753007
1.86343 0.749406
1.86843 0.745828
1.87344 0.742272
1.87844 0.738739
1.88344 0.735228
1.88844 0.73174
1.89345 0.728274
1.89845 0.72483
1.90345 0.721408
1.90845 0.718008
1.91346 0.71463
1.91846 0.711273
1.92346 0.707939
1.92846 0.704627
1.93347 0.701336
1.93847 0.698066
1.94347 0.694818
1.94847 0.691592
1.95348 0.688387
1.95848 0.685203
1.96348 0.68204
1.96848 0.678898
1.97349 0.675778
1.97849 0.672678
1.98349 0.669599
1.98849 0.666541
1.9935 0.663504
1.9985 0.660487
2.0035 0.657491
2.0085 0.654515
2.01351 0.651559
2.01851 0.648624
2.02351 0.645709
2.02851 0.642815
2.03352 0.63994
2.03852 0.637085
2.04352 0.63425
2.04852 0.631435
2.05353 0.62864
2.05853 0.625864
2.06353 0.623108
2.06853 0.620372
2.07354 0.617655
2.07854 0.614957
2.08354 0.612278
2.08854 0.609618
2.09355 0.606978
2.09855 0.604356
2.10355 0.601754
2.10855 0.59917
2.11356 0.596605
2.11856 0.594059
2.12356 0.591531
2.12856 0.589022
2.13357 0.586531
2.13857 0.584058
2.14357 0.581604
2.14857 0.579168
2.15358 0.57675
2.15858 0.57435
2.16358 0.571967
2.16858 0.569603
2.17359 0.567257
2.17859 0.564928
2.18359 0.562617
2.18859 0.560323
2.1936 0.558047
2.1986 0.555788
2.2036 0.553546
2.2086 0.551321
2.21361 0.549114
2.21861 0.546924
2.22361 0.544751
2.22861 0.542594
2.23362 0.540455
2.23862 0.538332
2.24362 0.536225
2.24862 0.534136
2.25363 0.532063
2.25863 0.530006
2.26363 0.527965
2.26863 0.525941
2.27364 0.523933
2.27864 0.521941
2.28364 0.519965
2.28864 0.518006
2.29365 0.516062
2.29865 0.514133
2.30365 0.512221
2.30865 0.510324
2.31366 0.508443
2.31866 0.506577
2.32366 0.504727
2.32866 0.502892
2.33367 0.501073
2.33867 0.499268
2.34367 0.497479
2.34867 0.495705
2.35368 0.493946
2.35868 0.492202
2.36368 0.490472
2.36868 0.488758
2.37369 0.487058
2.37869 0.485373
2.38369 0.483702
2.38869 0.482046
2.3937 0.480405
2.3987 0.478777
2.4037 0.477164
2.4087 0.475566
2.41371 0.473981
2.41871 0.472411
2.42371 0.470854
2.42871 0.469312
2.43372 0.467784
2.43872 0.466269
2.44372 0.464768
2.44872 0.463281
2.45373 0.461808
2.45873 0.460348
2.46373 0.458901
2.46873 0.457468
2.47374 0.456049
2.47874 0.454643
2.48374 0.45325
2.48874 0.45187
2.49375 0.450504
2.49875 0.44915
2.50375 0.44781
2.50875 0.446483
2.51376 0.445168
2.51876 0.443867
2.52376 0.442578
2.52876 0.441302
2.53377 0.440038
2.53877 0.438788
2.54377 0.43755
2.54877 0.436324
2.55378 0.435111
2.55878 0.43391
2.56378 0.432722
2.56878 0.431546
2.57379 0.430382
2.57879 0.42923
2.58379 0.428091
2.58879 0.426963
2.5938 0.425848
2.5988 0.424744
2.6038 0.423653
2.6088 0.422573
2.61381 0.421506
2.61881 0.42045
2.62381 0.419406
2.62881 0.418373
2.63382 0.417352
2.63882 0.416343
2.64382 0.415345
2.64882 0.414359
2.65383 0.413384
2.65883 0.412421
2.66383 0.411469
2.66883 0.410528
2.67384 0.409599
2.67884 0.40868
2.68384 0.407773
2.68884 0.406878
2.69385 0.405993
2.69885 0.405119
2.70385 0.404256
2.70885 0.403405
2.71386 0.402564
2.71886 0.401734
2.72386 0.400915
2.72886 0.400107
2.73387 0.399309
2.73887 0.398523
2.74387 0.397747
2.74887 0.396981
2.75388 0.396227
2.75888 0.395483
2.76388 0.394749
2.76888 0.394026
2.77389 0.393314
2.77889 0.392611
2.78389 0.39192
2.78889 0.391239
2.7939 0.390568
2.7989 0.389907
2.8039 0.389257
2.8089 0.388617
2.81391 0.387987
2.81891 0.387367
2.82391 0.386758
2.82891 0.386158
2.83392 0.385569
2.83892 0.38499
2.84392 0.384421
2.84892 0.383862
2.85393 0.383313
2.85893 0.382774
2.86393 0.382244
2.86893 0.381725
2.87394 0.381216
2.87894 0.380716
2.88394 0.380226
2.88894 0.379747
2.89395 0.379277
2.89895 0.378816
2.90395 0.378366
2.90895 0.377925
2.91396 0.377494
2.91896 0.377072
2.92396 0.376661
2.92896 0.376258
2.93397 0.375866
2.93897 0.375483
2.94397 0.37511
2.94897 0.374746
2.95398 0.374392
2.95898 0.374047
2.96398 0.373712
2.96898 0.373386
2.97399 0.37307
2.97899 0.372763
2.98399 0.372466
2.98899 0.372178
2.994 0.3719
2.999 0.371631
3.004 0.371371
3.009 0.371121
3.01401 0.37088
3.01901 0.370649
3.02401 0.370427
3.02901 0.370214
3.03402 0.37001
3.03902 0.369816
3.04402 0.369631
3.04902 0.369456
3.05403 0.369289
3.05903 0.369133
3.06403 0.368985
3.06903 0.368846
3.07404 0.368717
3.07904 0.368597
3.08404 0.368487
3.08904 0.368385
3.09405 0.368293
3.09905 0.36821
3.10405 0.368136
3.10905 0.368072
3.11406 0.368016
3.11906 0.36797
3.12406 0.367933
3.12906 0.367906
3.13407 0.367887
3.13907 0.367878
3.14407 0.367878
3.14907 0.367887
3.15408 0.367906
3.15908 0.367933
3.16408 0.36797
3.16908 0.368016
3.17409 0.368071
3.17909 0.368136
3.18409 0.36821
3.18909 0.368293
3.1941 0.368385
3.1991 0.368486
3.2041 0.368597
3.2091 0.368717
3.21411 0.368846
3.21911 0.368984
3.22411 0.369132
3.22911 0.369289
3.23412 0.369455
3.23912 0.369631
3.24412 0.369815
3.24912 0.37001
3.25413 0.370213
3.25913 0.370426
3.26413 0.370648
3.26913 0.370879
3.27414 0.37112
3.27914 0.37137
3.28414 0.37163
3.28914 0.371899
3.29415 0.372177
3.29915 0.372465
3.30415 0.372762
3.30915 0.373069
3.31416 0.373385
3.31916 0.37371
3.32416 0.374045
3.32916 0.37439
3.33417 0.374744
3.33917 0.375108
3.34417 0.375481
3.34917 0.375864
3.35418 0.376256
3.35918 0.376658
3.36418 0.37707
3.36918 0.377491
3.37419 0.377922
3.37919 0.378363
3.38419 0.378813
3.38919 0.379274
3.3942 0.379743
3.3992 0.380223
3.4042 0.380713
3.4092 0.381212
3.41421 0.381721
3.41921 0.382241
3.42421 0.38277
3.42921 0.383309
3.43422 0.383858
3.43922 0.384416
3.44422 0.384985
3.44922 0.385564
3.45423 0.386154
3.45923 0.386753
3.46423 0.387362
3.46923 0.387982
3.47424 0.388611
3.47924 0.389251
3.48424 0.389901
3.48924 0.390562
3.49425 0.391232
3.49925 0.391914
3.50425 0.392605
3.50925 0.393307
3.51426 0.394019
3.51926 0.394742
3.52426 0.395476
3.52926 0.396219
3.53427 0.396974
3.53927 0.397739
3.54427 0.398515
3.54927 0.399301
3.55428 0.400099
3.55928 0.400907
3.56428 0.401726
3.56928 0.402555
3.57429 0.403396
3.57929 0.404247
3.58429 0.40511
3.58929 0.405983
3.5943 0.406868
3.5993 0.407764
3.6043 0.408671
3.6093 0.409589
3.61431 0.410518
3.61931 0.411458
3.62431 0.41241
3.62931 0.413374
3.63432 0.414348
3.63932 0.415334
3.64432 0.416332
3.64932 0.417341
3.65433 0.418362
3.65933 0.419394
3.66433 0.420438
3.66933 0.421494
3.67434 0.422562
3.67934 0.423641
3.68434 0.424733
3.68934 0.425836
3.69435 0.426951
3.69935 0.428078
3.70435 0.429218
3.70935 0.430369
3.71436 0.431533
3.71936 0.432709
3.72436 0.433898
3.72936 0.435098
3.73437 0.436311
3.73937 0.437537
3.74437 0.438775
3.74937 0.440026
3.75438 0.441289
3.75938 0.442565
3.76438 0.443854
3.76938 0.445155
3.77439 0.44647
3.77939 0.447797
3.78439 0.449138
3.78939 0.450491
3.7944 0.451857
3.7994 0.453237
3.8044 0.45463
3.8094 0.456036
3.81441 0.457456
3.81941 0.458889
3.82441 0.460335
3.82941 0.461795
3.83442 0.463268
3.83942 0.464755
3.84442 0.466256
3.84942 0.467771
3.85443 0.4693
3.85943 0.470842
3.86443 0.472398
3.86943 0.473969
3.87444 0.475553
3.87944 0.477152
3.88444 0.478765
3.88944 0.480392
3.89445 0.482034
3.89945 0.48369
3.90445 0.485361
3.90945 0.487046
3.91446 0.488746
3.91946 0.49046
3.92446 0.492189
3.92946 0.493934
3.93447 0.495693
3.93947 0.497467
3.94447 0.499256
3.94947 0.50106
3.95448 0.50288
3.95948 0.504715
3.96448 0.506565
3.96948 0.50843
3.97449 0.510312
3.97949 0.512208
3.98449 0.514121
3.98949 0.516049
3.9945 0.517993
3.9995 0.519952
4.0045 0.521928
4.0095 0.52392
4.01451 0.525928
4.01951 0.527951
4.02451 0.529992
4.02951 0.532048
4.03452 0.534121
4.03952 0.536211
4.04452 0.538317
4.04952 0.540439
4.05453 0.542579
4.05953 0.544735
4.06453 0.546908
4.06953 0.549098
4.07454 0.551305
4.07954 0.553529
4.08454 0.555771
4.08954 0.558029
4.09455 0.560305
4.09955 0.562599
4.10455 0.564909
4.10955 0.567238
4.11456 0.569584
4.11956 0.571948
4.12456 0.57433
4.12956 0.576729
4.13457 0.579147
4.13957 0.581583
4.14457 0.584037
4.14957 0.586509
4.15458 0.588999
4.15958 0.591508
4.16458 0.594036
4.16958 0.596582
4.17459 0.599146
4.17959 0.60173
4.18459 0.604332
4.18959 0.606953
4.1946 0.609593
4.1996 0.612252
4.2046 0.614931
4.2096 0.617628
4.21461 0.620345
4.21961 0.623081
4.22461 0.625837
4.22961 0.628612
4.23462 0.631407
4.23962 0.634222
4.24462 0.637057
4.24962 0.639911
4.25463 0.642785
4.25963 0.64568
4.26463 0.648594
4.26963 0.651529
4.27464 0.654484
4.27964 0.65746
4.28464 0.660456
4.28964 0.663472
4.29465 0.66651
4.29965 0.669567
4.30465 0.672646
4.30965 0.675746
4.31466 0.678866
4.31966 0.682008
4.32466 0.68517
4.32966 0.688354
4.33467 0.691559
4.33967 0.694786
4.34467 0.698034
4.34967 0.701303
4.35468 0.704594
4.35968 0.707906
4.36468 0.711241
4.36968 0.714597
4.37469 0.717975
4.37969 0.721375
4.38469 0.724797
4.38969 0.728241
4.3947 0.731707
4.3997 0.735196
4.4047 0.738706
4.4097 0.74224
4.41471 0.745795
4.41971 0.749374
4.42471 0.752974
4.42971 0.756598
4.43472 0.760244
4.43972 0.763913
4.44472 0.767605
4.44972 0.77132
4.45473 0.775058
4.45973 0.778818
4.46473 0.782602
4.46973 0.78641
4.47474 0.79024
4.47974 0.794094
4.48474 0.797971
4.48974 0.801872
4.49475 0.805796
4.49975 0.809744
4.50475 0.813715
4.50975 0.81771
4.51476 0.821729
4.51976 0.825771
4.52476 0.829838
4.52976 0.833928
4.53477 0.838042
4.53977 0.842181
4.54477 0.846343
4.54977 0.850529
4.55478 0.85474
4.55978 0.858975
4.56478 0.863234
4.56978 0.867517
4.57479 0.871825
4.57979 0.876157
4.58479 0.880513
4.58979 0.884894
4.5948 0.8893
4.5998 0.89373
4.6048 0.898185
4.6098 0.902664
4.61481 0.907168
4.61981 0.911697
4.62481 0.91625
4.62981 0.920828
4.63482 0.925431
4.63982 0.930059
4.64482 0.934712
4.64982 0.939389
4.65483 0.944092
4.65983 0.948819
4.66483 0.953572
4.66983 0.958349
4.67484 0.963151
4.67984 0.967978
4.68484 0.972831
4.68984 0.977708
4.69485 0.98261
4.69985 0.987538
4.70485 0.99249
4.70985 0.997467
4.71486 1.00247
4.71986 1.0075
4.72486 1.01255
4.72986 1.01763
4.73487 1.02273
4.73987 1.02786
4.74487 1.03301
4.74987 1.03819
4.75488 1.04339
4.75988 1.04862
4.76488 1.05387
4.76988 1.05915
4.77489 1.06445
4.77989 1.06978
4.78489 1.07513
4.78989 1.08051
4.7949 1.08591
4.7999 1.09133
4.8049 1.09679
4.8099 1.10226
4.81491 1.10776
4.81991 1.11329
4.82491 1.11884
4.82991 1.12441
4.83492 1.13001
4.83992 1.13563
4.84492 1.14128
4.84992 1.14695
4.85493 1.15264
4.85993 1.15836
4.86493 1.16411
4.86993 1.16987
4.87494 1.17566
4.87994 1.18148
4.88494 1.18732
4.88994 1.19318
4.89495 1.19907
4.89995 1.20498
4.90495 1.21091
4.90995 1.21687
4.91496 1.22285
4.91996 1.22885
4.92496 1.23488
4.92996 1.24093
4.93497 1.247
4.93997 1.2531
4.94497 1.25922
4.94997 1.26536
4.95498 1.27152
4.95998 1.27771
4.96498 1.28392
4.96998 1.29015
4.97499 1.2964
4.97999 1.30268
4.98499 1.30897
4.98999 1.31529
4.995 1.32162
5 1.32798
