-3 0.631621
-2.99399 0.619327
-2.98799 0.607223
-2.98198 0.595308
-2.97598 0.583581
-2.96997 0.572041
-2.96396 0.560686
-2.95796 0.549517
-2.95195 0.538532
-2.94595 0.52773
-2.93994 0.51711
-2.93393 0.50667
-2.92793 0.496411
-2.92192 0.486331
-2.91592 0.476429
-2.90991 0.466705
-2.9039 0.457156
-2.8979 0.447783
-2.89189 0.438584
-2.88589 0.429558
-2.87988 0.420705
-2.87387 0.412023
-2.86787 0.403511
-2.86186 0.395169
-2.85586 0.386995
-2.84985 0.378989
-2.84384 0.371149
-2.83784 0.363475
-2.83183 0.355966
-2.82583 0.348621
-2.81982 0.341438
-2.81381 0.334418
-2.80781 0.327558
-2.8018 0.320858
-2.7958 0.314317
-2.78979 0.307935
-2.78378 0.30171
-2.77778 0.295641
-2.77177 0.289727
-2.76577 0.283968
-2.75976 0.278362
-2.75375 0.27291
-2.74775 0.267608
-2.74174 0.262458
-2.73574 0.257457
-2.72973 0.252605
-2.72372 0.247902
-2.71772 0.243345
-2.71171 0.238935
-2.70571 0.23467
-2.6997 0.23055
-2.69369 0.226573
-2.68769 0.222738
-2.68168 0.219046
-2.67568 0.215494
-2.66967 0.212082
-2.66366 0.20881
-2.65766 0.205675
-2.65165 0.202678
-2.64565 0.199817
-2.63964 0.197092
-2.63363 0.194501
-2.62763 0.192044
-2.62162 0.18972
-2.61562 0.187528
-2.60961 0.185468
-2.6036 0.183537
-2.5976 0.181736
-2.59159 0.180064
-2.58559 0.178519
-2.57958 0.177101
-2.57357 0.175809
-2.56757 0.174642
-2.56156 0.1736
-2.55556 0.172681
-2.54955 0.171884
-2.54354 0.171209
-2.53754 0.170655
-2.53153 0.170221
-2.52553 0.169906
-2.51952 0.16971
-2.51351 0.169631
-2.50751 0.169668
-2.5015 0.169822
-2.4955 0.17009
-2.48949 0.170473
-2.48348 0.170969
-2.47748 0.171577
-2.47147 0.172298
-2.46547 0.173129
-2.45946 0.17407
-2.45345 0.17512
-2.44745 0.176279
-2.44144 0.177545
-2.43544 0.178918
-2.42943 0.180397
-2.42342 0.181981
-2.41742 0.18367
-2.41141 0.185462
-2.40541 0.187357
-2.3994 0.189353
-2.39339 0.191451
-2.38739 0.193649
-2.38138 0.195947
-2.37538 0.198344
-2.36937 0.200838
-2.36336 0.20343
-2.35736 0.206118
-2.35135 0.208901
-2.34535 0.21178
-2.33934 0.214752
-2.33333 0.217818
-2.32733 0.220976
-2.32132 0.224226
-2.31532 0.227567
-2.30931 0.230998
-2.3033 0.234518
-2.2973 0.238127
-2.29129 0.241824
-2.28529 0.245608
-2.27928 0.249479
-2.27327 0.253435
-2.26727 0.257475
-2.26126 0.2616
-2.25526 0.265808
-2.24925 0.270099
-2.24324 0.274471
-2.23724 0.278925
-2.23123 0.283459
-2.22523 0.288072
-2.21922 0.292765
-2.21321 0.297535
-2.20721 0.302383
-2.2012 0.307307
-2.1952 0.312308
-2.18919 0.317383
-2.18318 0.322533
-2.17718 0.327756
-2.17117 0.333053
-2.16517 0.338422
-2.15916 0.343862
-2.15315 0.349373
-2.14715 0.354955
-2.14114 0.360605
-2.13514 0.366325
-2.12913 0.372112
-2.12312 0.377966
-2.11712 0.383888
-2.11111 0.389874
-2.10511 0.395927
-2.0991 0.402043
-2.09309 0.408223
-2.08709 0.414467
-2.08108 0.420772
-2.07508 0.427139
-2.06907 0.433568
-2.06306 0.440056
-2.05706 0.446604
-2.05105 0.453211
-2.04505 0.459876
-2.03904 0.466599
-2.03303 0.473379
-2.02703 0.480215
-2.02102 0.487106
-2.01502 0.494052
-2.00901 0.501052
-2.003 0.508106
-1.997 0.515213
-1.99099 0.522371
-1.98498 0.529581
-1.97898 0.536843
-1.97297 0.544154
-1.96697 0.551515
-1.96096 0.558924
-1.95495 0.566382
-1.94895 0.573887
-1.94294 0.58144
-1.93694 0.589038
-1.93093 0.596682
-1.92492 0.604372
-1.91892 0.612105
-1.91291 0.619882
-1.90691 0.627702
-1.9009 0.635565
-1.89489 0.643469
-1.88889 0.651415
-1.88288 0.659401
-1.87688 0.667427
-1.87087 0.675492
-1.86486 0.683596
-1.85886 0.691738
-1.85285 0.699918
-1.84685 0.708134
-1.84084 0.716386
-1.83483 0.724674
-1.82883 0.732997
-1.82282 0.741354
-1.81682 0.749745
-1.81081 0.758169
-1.8048 0.766626
-1.7988 0.775114
-1.79279 0.783634
-1.78679 0.792185
-1.78078 0.800766
-1.77477 0.809376
-1.76877 0.818015
-1.76276 0.826683
-1.75676 0.835378
-1.75075 0.844101
-1.74474 0.85285
-1.73874 0.861625
-1.73273 0.870426
-1.72673 0.879251
-1.72072 0.888101
-1.71471 0.896974
-1.70871 0.905871
-1.7027 0.91479
-1.6967 0.923731
-1.69069 0.932694
-1.68468 0.941678
-1.67868 0.950682
-1.67267 0.959705
-1.66667 0.968748
-1.66066 0.97781
-1.65465 0.986889
-1.64865 0.995987
-1.64264 1.0051
-1.63664 1.01423
-1.63063 1.02338
-1.62462 1.03254
-1.61862 1.04172
-1.61261 1.05091
-1.60661 1.06011
-1.6006 1.06933
-1.59459 1.07856
-1.58859 1.0878
-1.58258 1.09706
-1.57658 1.10632
-1.57057 1.1156
-1.56456 1.12489
-1.55856 1.13418
-1.55255 1.14349
-1.54655 1.1528
-1.54054 1.16212
-1.53453 1.17145
-1.52853 1.18078
-1.52252 1.19013
-1.51652 1.19947
-1.51051 1.20883
-1.5045 1.21818
-1.4985 1.22755
-1.49249 1.23691
-1.48649 1.24628
-1.48048 1.25566
-1.47447 1.26503
-1.46847 1.27441
-1.46246 1.28379
-1.45646 1.29317
-1.45045 1.30255
-1.44444 1.31193
-1.43844 1.32131
-1.43243 1.33068
-1.42643 1.34006
-1.42042 1.34944
-1.41441 1.35881
-1.40841 1.36818
-1.4024 1.37755
-1.3964 1.38691
-1.39039 1.39627
-1.38438 1.40562
-1.37838 1.41497
-1.37237 1.42431
-1.36637 1.43365
-1.36036 1.44298
-1.35435 1.4523
-1.34835 1.46162
-1.34234 1.47093
-1.33634 1.48023
-1.33033 1.48952
-1.32432 1.4988
-1.31832 1.50807
-1.31231 1.51733
-1.30631 1.52658
-1.3003 1.53582
-1.29429 1.54505
-1.28829 1.55427
-1.28228 1.56347
-1.27628 1.57266
-1.27027 1.58184
-1.26426 1.59101
-1.25826 1.60016
-1.25225 1.60929
-1.24625 1.61841
-1.24024 1.62752
-1.23423 1.63661
-1.22823 1.64569
-1.22222 1.65474
-1.21622 1.66379
-1.21021 1.67281
-1.2042 1.68182
-1.1982 1.6908
-1.19219 1.69977
-1.18619 1.70872
-1.18018 1.71765
-1.17417 1.72657
-1.16817 1.73546
-1.16216 1.74433
-1.15616 1.75318
-1.15015 1.76201
-1.14414 1.77082
-1.13814 1.7796
-1.13213 1.78836
-1.12613 1.7971
-1.12012 1.80582
-1.11411 1.81451
-1.10811 1.82318
-1.1021 1.83183
-1.0961 1.84045
-1.09009 1.84905
-1.08408 1.85762
-1.07808 1.86616
-1.07207 1.87468
-1.06607 1.88317
-1.06006 1.89164
-1.05405 1.90008
-1.04805 1.90849
-1.04204 1.91687
-1.03604 1.92522
-1.03003 1.93355
-1.02402 1.94185
-1.01802 1.95012
-1.01201 1.95835
-1.00601 1.96656
-1 1.97474
-0.993994 1.98289
-0.987988 1.99101
-0.981982 1.99909
-0.975976 2.00715
-0.96997 2.01517
-0.963964 2.02316
-0.957958 2.03111
-0.951952 2.03904
-0.945946 2.04693
-0.93994 2.05479
-0.933934 2.06261
-0.927928 2.0704
-0.921922 2.07816
-0.915916 2.08588
-0.90991 2.09357
-0.903904 2.10122
-0.897898 2.10883
-0.891892 2.11641
-0.885886 2.12395
-0.87988 2.13146
-0.873874 2.13893
-0.867868 2.14636
-0.861862 2.15376
-0.855856 2.16111
-0.84985 2.16843
-0.843844 2.17571
-0.837838 2.18296
-0.831832 2.19016
-0.825826 2.19732
-0.81982 2.20445
-0.813814 2.21153
-0.807808 2.21858
-0.801802 2.22559
-0.795796 2.23255
-0.78979 2.23947
-0.783784 2.24636
-0.777778 2.2532
-0.771772 2.26
-0.765766 2.26676
-0.75976 2.27348
-0.753754 2.28015
-0.747748 2.28678
-0.741742 2.29337
-0.735736 2.29992
-0.72973 2.30642
-0.723724 2.31288
-0.717718 2.31929
-0.711712 2.32567
-0.705706 2.33199
-0.6997 2.33828
-0.693694 2.34451
-0.687688 2.35071
-0.681682 2.35686
-0.675676 2.36296
-0.66967 2.36901
-0.663664 2.37503
-0.657658 2.38099
-0.651652 2.38691
-0.645646 2.39278
-0.63964 2.39861
-0.633634 2.40439
-0.627628 2.41012
-0.621622 2.4158
-0.615616 2.42144
-0.60961 2.42703
-0.603604 2.43257
-0.597598 2.43806
-0.591592 2.44351
-0.585586 2.4489
-0.57958 2.45425
-0.573574 2.45955
-0.567568 2.4648
-0.561562 2.47
-0.555556 2.47515
-0.54955 2.48025
-0.543544 2.4853
-0.537538 2.4903
-0.531532 2.49525
-0.525526 2.50015
-0.51952 2.505
-0.513514 2.50979
-0.507508 2.51454
-0.501502 2.51924
-0.495495 2.52388
-0.489489 2.52848
-0.483483 2.53302
-0.477477 2.53751
-0.471471 2.54195
-0.465465 2.54633
-0.459459 2.55067
-0.453453 2.55495
-0.447447 2.55918
-0.441441 2.56335
-0.435435 2.56748
-0.429429 2.57155
-0.423423 2.57556
-0.417417 2.57953
-0.411411 2.58344
-0.405405 2.58729
-0.399399 2.5911
-0.393393 2.59485
-0.387387 2.59854
-0.381381 2.60218
-0.375375 2.60577
-0.369369 2.6093
-0.363363 2.61278
-0.357357 2.6162
-0.351351 2.61957
-0.345345 2.62289
-0.339339 2.62615
-0.333333 2.62935
-0.327327 2.6325
-0.321321 2.63559
-0.315315 2.63863
-0.309309 2.64161
-0.303303 2.64454
-0.297297 2.64741
-0.291291 2.65023
-0.285285 2.65298
-0.279279 2.65569
-0.273273 2.65834
-0.267267 2.66093
-0.261261 2.66346
-0.255255 2.66594
-0.249249 2.66836
-0.243243 2.67073
-0.237237 2.67304
-0.231231 2.67529
-0.225225 2.67748
-0.219219 2.67962
-0.213213 2.68171
-0.207207 2.68373
-0.201201 2.6857
-0.195195 2.68761
-0.189189 2.68946
-0.183183 2.69126
-0.177177 2.693
-0.171171 2.69468
-0.165165 2.6963
-0.159159 2.69787
-0.153153 2.69938
-0.147147 2.70083
-0.141141 2.70222
-0.135135 2.70356
-0.129129 2.70484
-0.123123 2.70606
-0.117117 2.70722
-0.111111 2.70832
-0.105105 2.70937
-0.0990991 2.71036
-0.0930931 2.71129
-0.0870871 2.71216
-0.0810811 2.71298
-0.0750751 2.71373
-0.0690691 2.71443
-0.0630631 2.71507
-0.0570571 2.71565
-0.0510511 2.71618
-0.045045 2.71664
-0.039039 2.71705
-0.033033 2.7174
-0.027027 2.71769
-0.021021 2.71793
-0.015015 2.7181
-0.00900901 2.71822
-0.003003 2.71827
0.003003 2.71827
0.00900901 2.71822
0.015015 2.7181
0.021021 2.71793
0.027027 2.71769
0.033033 2.7174
0.039039 2.71705
0.045045 2.71664
0.0510511 2.71618
0.0570571 2.71565
0.0630631 2.71507
0.0690691 2.71443
0.0750751 2.71373
0.0810811 2.71298
0.0870871 2.71216
0.0930931 2.71129
0.0990991 2.71036
0.105105 2.70937
0.111111 2.70832
0.117117 2.70722
0.123123 2.70606
0.129129 2.70484
0.135135 2.70356
0.141141 2.70222
0.147147 2.70083
0.153153 2.69938
0.159159 2.69787
0.165165 2.6963
0.171171 2.69468
0.177177 2.693
0.183183 2.69126
0.189189 2.68946
0.195195 2.68761
0.201201 2.6857
0.207207 2.68373
0.213213 2.68171
0.219219 2.67962
0.225225 2.67748
0.231231 2.67529
0.237237 2.67304
0.243243 2.67073
0.249249 2.66836
0.255255 2.66594
0.261261 2.66346
0.267267 2.66093
0.273273 2.65834
0.279279 2.65569
0.285285 2.65298
0.291291 2.65023
0.297297 2.64741
0.303303 2.64454
0.309309 2.64161
0.315315 2.63863
0.321321 2.63559
0.327327 2.6325
0.333333 2.62935
0.339339 2.62615
0.345345 2.62289
0.351351 2.61957
0.357357 2.6162
0.363363 2.61278
0.369369 2.6093
0.375375 2.60577
0.381381 2.60218
0.387387 2.59854
0.393393 2.59485
0.399399 2.5911
0.405405 2.58729
0.411411 2.58344
0.417417 2.57953
0.423423 2.57556
0.429429 2.57155
0.435435 2.56748
0.441441 2.56335
0.447447 2.55918
0.453453 2.55495
0.459459 2.55067
0.465465 2.54633
0.471471 2.54195
0.477477 2.53751
0.483483 2.53302
0.489489 2.52848
0.495495 2.52388
0.501502 2.51924
0.507508 2.51454
0.513514 2.50979
0.51952 2.505
0.525526 2.50015
0.531532 2.49525
0.537538 2.4903
0.543544 2.4853
0.54955 2.48025
0.555556 2.47515
0.561562 2.47
0.567568 2.4648
0.573574 2.45955
0.57958 2.45425
0.585586 2.4489
0.591592 2.44351
0.597598 2.43806
0.603604 2.43257
0.60961 2.42703
0.615616 2.42144
0.621622 2.4158
0.627628 2.41012
0.633634 2.40439
0.63964 2.39861
0.645646 2.39278
0.651652 2.38691
0.657658 2.38099
0.663664 2.37503
0.66967 2.36901
0.675676 2.36296
0.681682 2.35686
0.687688 2.35071
0.693694 2.34451
0.6997 2.33828
0.705706 2.33199
0.711712 2.32567
0.717718 2.31929
0.723724 2.31288
0.72973 2.30642
0.735736 2.29992
0.741742 2.29337
0.747748 2.28678
0.753754 2.28015
0.75976 2.27348
0.765766 2.26676
0.771772 2.26
0.777778 2.2532
0.783784 2.24636
0.78979 2.23947
0.795796 2.23255
0.801802 2.22559
0.807808 2.21858
0.813814 2.21153
0.81982 2.20445
0.825826 2.19732
0.831832 2.19016
0.837838 2.18296
0.843844 2.17571
0.84985 2.16843
0.855856 2.16111
0.861862 2.15376
0.867868 2.14636
0.873874 2.13893
0.87988 2.13146
0.885886 2.12395
0.891892 2.11641
0.897898 2.10883
0.903904 2.10122
0.90991 2.09357
0.915916 2.08588
0.921922 2.07816
0.927928 2.0704
0.933934 2.06261
0.93994 2.05479
0.945946 2.04693
0.951952 2.03904
0.957958 2.03111
0.963964 2.02316
0.96997 2.01517
0.975976 2.00715
0.981982 1.99909
0.987988 1.99101
0.993994 1.98289
1 1.97474
1.00601 1.96656
1.01201 1.95835
1.01802 1.95012
1.02402 1.94185
1.03003 1.93355
1.03604 1.92522
1.04204 1.91687
1.04805 1.90849
1.05405 1.90008
1.06006 1.89164
1.06607 1.88317
1.07207 1.87468
1.07808 1.86616
1.08408 1.85762
1.09009 1.84905
1.0961 1.84045
1.1021 1.83183
1.10811 1.82318
1.11411 1.81451
1.12012 1.80582
1.12613 1.7971
1.13213 1.78836
1.13814 1.7796
1.14414 1.77082
1.15015 1.76201
1.15616 1.75318
1.16216 1.74433
1.16817 1.73546
1.17417 1.72657
1.18018 1.71765
1.18619 1.70872
1.19219 1.69977
1.1982 1.6908
1.2042 1.68182
1.21021 1.67281
1.21622 1.66379
1.22222 1.65474
1.22823 1.64569
1.23423 1.63661
1.24024 1.62752
1.24625 1.61841
1.25225 1.60929
1.25826 1.60016
1.26426 1.59101
1.27027 1.58184
1.27628 1.57266
1.28228 1.56347
1.28829 1.55427
1.29429 1.54505
1.3003 1.53582
1.30631 1.52658
1.31231 1.51733
1.31832 1.50807
1.32432 1.4988
1.33033 1.48952
1.33634 1.48023
1.34234 1.47093
1.34835 1.46162
1.35435 1.4523
1.36036 1.44298
1.36637 1.43365
1.37237 1.42431
1.37838 1.41497
1.38438 1.40562
1.39039 1.39627
1.3964 1.38691
1.4024 1.37755
1.40841 1.36818
1.41441 1.35881
1.42042 1.34944
1.42643 1.34006
1.43243 1.33068
1.43844 1.32131
1.44444 1.31193
1.45045 1.30255
1.45646 1.29317
1.46246 1.28379
1.46847 1.27441
1.47447 1.26503
1.48048 1.25566
1.48649 1.24628
1.49249 1.23691
1.4985 1.22755
1.5045 1.21818
1.51051 1.20883
1.51652 1.19947
1.52252 1.19013
1.52853 1.18078
1.53453 1.17145
1.54054 1.16212
1.54655 1.1528
1.55255 1.14349
1.55856 1.13418
1.56456 1.12489
1.57057 1.1156
1.57658 1.10632
1.58258 1.09706
1.58859 1.0878
1.59459 1.07856
1.6006 1.06933
1.60661 1.06011
1.61261 1.05091
1.61862 1.04172
1.62462 1.03254
1.63063 1.02338
1.63664 1.01423
1.64264 1.0051
1.64865 0.995987
1.65465 0.986889
1.66066 0.97781
1.66667 0.968748
1.67267 0.959705
1.67868 0.950682
1.68468 0.941678
1.69069 0.932694
1.6967 0.923731
1.7027 0.91479
1.70871 0.905871
1.71471 0.896974
1.72072 0.888101
1.72673 0.879251
1.73273 0.870426
1.73874 0.861625
1.74474 0.85285
1.75075 0.844101
1.75676 0.835378
1.76276 0.826683
1.76877 0.818015
1.77477 0.809376
1.78078 0.800766
1.78679 0.792185
1.79279 0.783634
1.7988 0.775114
1.8048 0.766626
1.81081 0.758169
1.81682 0.749745
1.82282 0.741354
1.82883 0.732997
1.83483 0.724674
1.84084 0.716386
1.84685 0.708134
1.85285 0.699918
1.85886 0.691738
1.86486 0.683596
1.87087 0.675492
1.87688 0.667427
1.88288 0.659401
1.88889 0.651415
1.89489 0.643469
1.9009 0.635565
1.90691 0.627702
1.91291 0.619882
1.91892 0.612105
1.92492 0.604372
1.93093 0.596682
1.93694 0.589038
1.94294 0.58144
1.94895 0.573887
1.95495 0.566382
1.96096 0.558924
1.96697 0.551515
1.97297 0.544154
1.97898 0.536843
1.98498 0.529581
1.99099 0.522371
1.997 0.515213
2.003 0.508106
2.00901 0.501052
2.01502 0.494052
2.02102 0.487106
2.02703 0.480215
2.03303 0.473379
2.03904 0.466599
2.04505 0.459876
2.05105 0.453211
2.05706 0.446604
2.06306 0.440056
2.06907 0.433568
2.07508 0.427139
2.08108 0.420772
2.08709 0.414467
2.09309 0.408223
2.0991 0.402043
2.10511 0.395927
2.11111 0.389874
2.11712 0.383888
2.12312 0.377966
2.12913 0.372112
2.13514 0.366325
2.14114 0.360605
2.14715 0.354955
2.15315 0.349373
2.15916 0.343862
2.16517 0.338422
2.17117 0.333053
2.17718 0.327756
2.18318 0.322533
2.18919 0.317383
2.1952 0.312308
2.2012 0.307307
2.20721 0.302383
2.21321 0.297535
2.21922 0.292765
2.22523 0.288072
2.23123 0.283459
2.23724 0.278925
2.24324 0.274471
2.24925 0.270099
2.25526 0.265808
2.26126 0.2616
2.26727 0.257475
2.27327 0.253435
2.27928 0.249479
2.28529 0.245608
2.29129 0.241824
2.2973 0.238127
2.3033 0.234518
2.30931 0.230998
2.31532 0.227567
2.32132 0.224226
2.32733 0.220976
2.33333 0.217818
2.33934 0.214752
2.34535 0.21178
2.35135 0.208901
2.35736 0.206118
2.36336 0.20343
2.36937 0.200838
2.37538 0.198344
2.38138 0.195947
2.38739 0.193649
2.39339 0.191451
2.3994 0.189353
2.40541 0.187357
2.41141 0.185462
2.41742 0.18367
2.42342 0.181981
2.42943 0.180397
2.43544 0.178918
2.44144 0.177545
2.44745 0.176279
2.45345 0.17512
2.45946 0.17407
2.46547 0.173129
2.47147 0.172298
2.47748 0.171577
2.48348 0.170969
2.48949 0.170473
2.4955 0.17009
2.5015 0.169822
2.50751 0.169668
2.51351 0.169631
2.51952 0.16971
2.52553 0.169906
2.53153 0.170221
2.53754 0.170655
2.54354 0.171209
2.54955 0.171884
2.55556 0.172681
2.56156 0.1736
2.56757 0.174642
2.57357 0.175809
2.57958 0.177101
2.58559 0.178519
2.59159 0.180064
2.5976 0.181736
2.6036 0.183537
2.60961 0.185468
2.61562 0.187528
2.62162 0.18972
2.62763 0.192044
2.63363 0.194501
2.63964 0.197092
2.64565 0.199817
2.65165 0.202678
2.65766 0.205675
2.66366 0.20881
2.66967 0.212082
2.67568 0.215494
2.68168 0.219046
2.68769 0.222738
2.69369 0.226573
2.6997 0.23055
2.70571 0.23467
2.71171 0.238935
2.71772 0.243345
2.72372 0.247902
2.72973 0.252605
2.73574 0.257457
2.74174 0.262458
2.74775 0.267608
2.75375 0.27291
2.75976 0.278362
2.76577 0.283968
2.77177 0.289727
2.77778 0.295641
2.78378 0.30171
2.78979 0.307935
2.7958 0.314317
2.8018 0.320858
2.80781 0.327558
2.81381 0.334418
2.81982 0.341438
2.82583 0.348621
2.83183 0.355966
2.83784 0.363475
2.84384 0.371149
2.84985 0.378989
2.85586 0.386995
2.86186 0.395169
2.86787 0.403511
2.87387 0.412023
2.87988 0.420705
2.88589 0.429558
2.89189 0.438584
2.8979 0.447783
2.9039 0.457156
2.90991 0.466705
2.91592 0.476429
2.92192 0.486331
2.92793 0.496411
2.93393 0.50667
2.93994 0.51711
2.94595 0.52773
2.95195 0.538532
2.95796 0.549517
2.96396 0.560686
2.96997 0.572041
2.97598 0.583581
2.98198 0.595308
2.98799 0.607223
2.99399 0.619327
3 0.631621
