-5 1.32801
-4.995 1.32164
-4.98999 1.31529
-4.98499 1.30897
-4.97999 1.30267
-4.97499 1.2964
-4.96998 1.29015
-4.96498 1.28392
-4.95998 1.27771
-4.95498 1.27153
-4.94997 1.26537
-4.94497 1.25923
-4.93997 1.25311
-4.93497 1.24702
-4.92996 1.24095
-4.92496 1.2349
-4.91996 1.22888
-4.91496 1.22287
-4.90995 1.2169
-4.90495 1.21094
-4.89995 1.20501
-4.89495 1.1991
-4.88994 1.19321
-4.88494 1.18735
-4.87994 1.18151
-4.87494 1.17569
-4.86993 1.1699
-4.86493 1.16413
-4.85993 1.15838
-4.85493 1.15266
-4.84992 1.14697
-4.84492 1.14129
-4.83992 1.13564
-4.83492 1.13002
-4.82991 1.12442
-4.82491 1.11884
-4.81991 1.11329
-4.81491 1.10777
-4.8099 1.10227
-4.8049 1.09679
-4.7999 1.09134
-4.7949 1.08591
-4.78989 1.08051
-4.78489 1.07513
-4.77989 1.06978
-4.77489 1.06445
-4.76988 1.05915
-4.76488 1.05387
-4.75988 1.04862
-4.75488 1.04339
-4.74987 1.03819
-4.74487 1.03301
-4.73987 1.02786
-4.73487 1.02273
-4.72986 1.01763
-4.72486 1.01255
-4.71986 1.0075
-4.71486 1.00248
-4.70985 0.997474
-4.70485 0.992497
-4.69985 0.987546
-4.69485 0.98262
-4.68984 0.977719
-4.68484 0.972843
-4.67984 0.967992
-4.67484 0.963165
-4.66983 0.958364
-4.66483 0.953588
-4.65983 0.948837
-4.65483 0.944111
-4.64982 0.939409
-4.64482 0.934733
-4.63982 0.930081
-4.63482 0.925454
-4.62981 0.920852
-4.62481 0.916274
-4.61981 0.911722
-4.61481 0.907194
-4.6098 0.90269
-4.6048 0.898211
-4.5998 0.893757
-4.5948 0.889327
-4.58979 0.884922
-4.58479 0.880541
-4.57979 0.876185
-4.57479 0.871852
-4.56978 0.867545
-4.56478 0.863261
-4.55978 0.859002
-4.55478 0.854767
-4.54977 0.850556
-4.54477 0.846369
-4.53977 0.842206
-4.53477 0.838068
-4.52976 0.833953
-4.52476 0.829862
-4.51976 0.825795
-4.51476 0.821752
-4.50975 0.817732
-4.50475 0.813737
-4.49975 0.809764
-4.49475 0.805816
-4.48974 0.801891
-4.48474 0.797989
-4.47974 0.794111
-4.47474 0.790257
-4.46973 0.786425
-4.46473 0.782617
-4.45973 0.778833
-4.45473 0.775071
-4.44972 0.771332
-4.44472 0.767616
-4.43972 0.763924
-4.43472 0.760254
-4.42971 0.756607
-4.42471 0.752983
-4.41971 0.749381
-4.41471 0.745802
-4.4097 0.742246
-4.4047 0.738712
-4.3997 0.735201
-4.3947 0.731712
-4.38969 0.728245
-4.38469 0.724801
-4.37969 0.721378
-4.37469 0.717978
-4.36968 0.7146
-4.36468 0.711243
-4.35968 0.707909
-4.35468 0.704596
-4.34967 0.701305
-4.34467 0.698036
-4.33967 0.694788
-4.33467 0.691561
-4.32966 0.688356
-4.32466 0.685172
-4.31966 0.68201
-4.31466 0.678869
-4.30965 0.675748
-4.30465 0.672649
-4.29965 0.669571
-4.29465 0.666513
-4.28964 0.663476
-4.28464 0.66046
-4.27964 0.657465
-4.27464 0.65449
-4.26963 0.651535
-4.26463 0.648601
-4.25963 0.645687
-4.25463 0.642793
-4.24962 0.639919
-4.24462 0.637066
-4.23962 0.634232
-4.23462 0.631418
-4.22961 0.628624
-4.22461 0.625849
-4.21961 0.623094
-4.21461 0.620359
-4.2096 0.617643
-4.2046 0.614946
-4.1996 0.612268
-4.1946 0.60961
-4.18959 0.606971
-4.18459 0.60435
-4.17959 0.601749
-4.17459 0.599166
-4.16958 0.596602
-4.16458 0.594057
-4.15958 0.59153
-4.15458 0.589022
-4.14957 0.586533
-4.14457 0.584061
-4.13957 0.581608
-4.13457 0.579173
-4.12956 0.576756
-4.12456 0.574357
-4.11956 0.571975
-4.11456 0.569612
-4.10955 0.567266
-4.10455 0.564938
-4.09955 0.562628
-4.09455 0.560335
-4.08954 0.558059
-4.08454 0.555801
-4.07954 0.55356
-4.07454 0.551336
-4.06953 0.549129
-4.06453 0.54694
-4.05953 0.544767
-4.05453 0.542611
-4.04952 0.540471
-4.04452 0.538349
-4.03952 0.536243
-4.03452 0.534153
-4.02951 0.53208
-4.02451 0.530024
-4.01951 0.527983
-4.01451 0.525959
-4.0095 0.523951
-4.0045 0.521959
-3.9995 0.519983
-3.9945 0.518023
-3.98949 0.516079
-3.98449 0.514151
-3.97949 0.512238
-3.97449 0.510341
-3.96948 0.50846
-3.96448 0.506593
-3.95948 0.504743
-3.95448 0.502907
-3.94947 0.501087
-3.94447 0.499283
-3.93947 0.497493
-3.93447 0.495718
-3.92946 0.493958
-3.92446 0.492214
-3.91946 0.490484
-3.91446 0.488768
-3.90945 0.487068
-3.90445 0.485382
-3.89945 0.483711
-3.89445 0.482054
-3.88944 0.480412
-3.88444 0.478784
-3.87944 0.47717
-3.87444 0.475571
-3.86943 0.473985
-3.86443 0.472414
-3.85943 0.470857
-3.85443 0.469314
-3.84942 0.467785
-3.84442 0.466269
-3.83942 0.464768
-3.83442 0.46328
-3.82941 0.461806
-3.82441 0.460345
-3.81941 0.458898
-3.81441 0.457465
-3.8094 0.456045
-3.8044 0.454638
-3.7994 0.453245
-3.7944 0.451864
-3.78939 0.450497
-3.78439 0.449144
-3.77939 0.447803
-3.77439 0.446475
-3.76938 0.44516
-3.76438 0.443858
-3.75938 0.442569
-3.75438 0.441293
-3.74937 0.440029
-3.74437 0.438778
-3.73937 0.43754
-3.73437 0.436314
-3.72936 0.435101
-3.72436 0.4339
-3.71936 0.432711
-3.71436 0.431535
-3.70935 0.430372
-3.70435 0.42922
-3.69935 0.428081
-3.69435 0.426953
-3.68934 0.425838
-3.68434 0.424735
-3.67934 0.423644
-3.67434 0.422564
-3.66933 0.421497
-3.66433 0.420442
-3.65933 0.419398
-3.65433 0.418366
-3.64932 0.417345
-3.64432 0.416337
-3.63932 0.415339
-3.63432 0.414354
-3.62931 0.41338
-3.62431 0.412417
-3.61931 0.411465
-3.61431 0.410526
-3.6093 0.409597
-3.6043 0.408679
-3.5993 0.407773
-3.5943 0.406878
-3.58929 0.405994
-3.58429 0.405121
-3.57929 0.40426
-3.57429 0.403409
-3.56928 0.402569
-3.56428 0.40174
-3.55928 0.400922
-3.55428 0.400115
-3.54927 0.399318
-3.54427 0.398533
-3.53927 0.397758
-3.53427 0.396993
-3.52926 0.39624
-3.52426 0.395497
-3.51926 0.394764
-3.51426 0.394042
-3.50925 0.393331
-3.50425 0.392629
-3.49925 0.391939
-3.49425 0.391259
-3.48924 0.390589
-3.48424 0.389929
-3.47924 0.38928
-3.47424 0.388641
-3.46923 0.388012
-3.46423 0.387393
-3.45923 0.386785
-3.45423 0.386186
-3.44922 0.385598
-3.44422 0.385019
-3.43922 0.384451
-3.43422 0.383893
-3.42921 0.383345
-3.42421 0.382806
-3.41921 0.382278
-3.41421 0.381759
-3.4092 0.381251
-3.4042 0.380752
-3.3992 0.380263
-3.3942 0.379784
-3.38919 0.379314
-3.38419 0.378854
-3.37919 0.378404
-3.37419 0.377964
-3.36918 0.377533
-3.36418 0.377112
-3.35918 0.376701
-3.35418 0.376299
-3.34917 0.375907
-3.34417 0.375525
-3.33917 0.375151
-3.33417 0.374788
-3.32916 0.374434
-3.32416 0.374089
-3.31916 0.373754
-3.31416 0.373429
-3.30915 0.373113
-3.30415 0.372806
-3.29915 0.372509
-3.29415 0.372221
-3.28914 0.371942
-3.28414 0.371673
-3.27914 0.371413
-3.27414 0.371163
-3.26913 0.370922
-3.26413 0.37069
-3.25913 0.370467
-3.25413 0.370254
-3.24912 0.37005
-3.24412 0.369856
-3.23912 0.369671
-3.23412 0.369494
-3.22911 0.369328
-3.22411 0.36917
-3.21911 0.369022
-3.21411 0.368883
-3.2091 0.368753
-3.2041 0.368633
-3.1991 0.368521
-3.1941 0.368419
-3.18909 0.368326
-3.18409 0.368242
-3.17909 0.368168
-3.17409 0.368103
-3.16908 0.368047
-3.16408 0.368
-3.15908 0.367962
-3.15408 0.367934
-3.14907 0.367914
-3.14407 0.367904
-3.13907 0.367903
-3.13407 0.367912
-3.12906 0.367929
-3.12406 0.367956
-3.11906 0.367992
-3.11406 0.368037
-3.10905 0.368092
-3.10405 0.368155
-3.09905 0.368228
-3.09405 0.36831
-3.08904 0.368402
-3.08404 0.368502
-3.07904 0.368612
-3.07404 0.368731
-3.06903 0.36886
-3.06403 0.368997
-3.05903 0.369144
-3.05403 0.3693
-3.04902 0.369466
-3.04402 0.369641
-3.03902 0.369825
-3.03402 0.370018
-3.02901 0.370221
-3.02401 0.370433
-3.01901 0.370655
-3.01401 0.370886
-3.009 0.371126
-3.004 0.371376
-2.999 0.371635
-2.994 0.371903
-2.98899 0.372181
-2.98399 0.372468
-2.97899 0.372765
-2.97399 0.373072
-2.96898 0.373388
-2.96398 0.373713
-2.95898 0.374048
-2.95398 0.374392
-2.94897 0.374746
-2.94397 0.37511
-2.93897 0.375483
-2.93397 0.375866
-2.92896 0.376258
-2.92396 0.37666
-2.91896 0.377072
-2.91396 0.377494
-2.90895 0.377925
-2.90395 0.378366
-2.89895 0.378817
-2.89395 0.379277
-2.88894 0.379747
-2.88394 0.380227
-2.87894 0.380717
-2.87394 0.381217
-2.86893 0.381727
-2.86393 0.382247
-2.85893 0.382776
-2.85393 0.383316
-2.84892 0.383866
-2.84392 0.384425
-2.83892 0.384995
-2.83392 0.385575
-2.82891 0.386165
-2.82391 0.386765
-2.81891 0.387375
-2.81391 0.387995
-2.8089 0.388626
-2.8039 0.389267
-2.7989 0.389918
-2.7939 0.390579
-2.78889 0.391251
-2.78389 0.391933
-2.77889 0.392626
-2.77389 0.393329
-2.76888 0.394043
-2.76388 0.394767
-2.75888 0.395501
-2.75388 0.396246
-2.74887 0.397002
-2.74387 0.397768
-2.73887 0.398545
-2.73387 0.399333
-2.72886 0.400132
-2.72386 0.400941
-2.71886 0.401761
-2.71386 0.402592
-2.70885 0.403434
-2.70385 0.404287
-2.69885 0.405151
-2.69385 0.406026
-2.68884 0.406911
-2.68384 0.407808
-2.67884 0.408717
-2.67384 0.409636
-2.66883 0.410566
-2.66383 0.411508
-2.65883 0.412461
-2.65383 0.413426
-2.64882 0.414402
-2.64382 0.415389
-2.63882 0.416388
-2.63382 0.417398
-2.62881 0.41842
-2.62381 0.419453
-2.61881 0.420499
-2.61381 0.421556
-2.6088 0.422624
-2.6038 0.423705
-2.5988 0.424797
-2.5938 0.425901
-2.58879 0.427018
-2.58379 0.428146
-2.57879 0.429286
-2.57379 0.430438
-2.56878 0.431603
-2.56378 0.43278
-2.55878 0.433969
-2.55378 0.43517
-2.54877 0.436384
-2.54377 0.43761
-2.53877 0.438849
-2.53377 0.4401
-2.52876 0.441364
-2.52376 0.44264
-2.51876 0.443929
-2.51376 0.445231
-2.50875 0.446546
-2.50375 0.447874
-2.49875 0.449214
-2.49375 0.450568
-2.48874 0.451935
-2.48374 0.453314
-2.47874 0.454707
-2.47374 0.456113
-2.46873 0.457533
-2.46373 0.458966
-2.45873 0.460412
-2.45373 0.461872
-2.44872 0.463345
-2.44372 0.464832
-2.43872 0.466332
-2.43372 0.467847
-2.42871 0.469375
-2.42371 0.470917
-2.41871 0.472473
-2.41371 0.474043
-2.4087 0.475627
-2.4037 0.477225
-2.3987 0.478837
-2.3937 0.480464
-2.38869 0.482105
-2.38369 0.48376
-2.37869 0.48543
-2.37369 0.487115
-2.36868 0.488814
-2.36368 0.490527
-2.35868 0.492256
-2.35368 0.493999
-2.34867 0.495758
-2.34367 0.497531
-2.33867 0.499319
-2.33367 0.501123
-2.32866 0.502941
-2.32366 0.504775
-2.31866 0.506624
-2.31366 0.508489
-2.30865 0.510369
-2.30365 0.512265
-2.29865 0.514176
-2.29365 0.516103
-2.28864 0.518046
-2.28364 0.520005
-2.27864 0.521979
-2.27364 0.52397
-2.26863 0.525977
-2.26363 0.528
-2.25863 0.530039
-2.25363 0.532095
-2.24862 0.534167
-2.24362 0.536255
-2.23862 0.53836
-2.23362 0.540482
-2.22861 0.542621
-2.22361 0.544776
-2.21861 0.546948
-2.21361 0.549137
-2.2086 0.551343
-2.2036 0.553567
-2.1986 0.555807
-2.1936 0.558065
-2.18859 0.56034
-2.18359 0.562633
-2.17859 0.564943
-2.17359 0.567271
-2.16858 0.569616
-2.16358 0.57198
-2.15858 0.574361
-2.15358 0.57676
-2.14857 0.579177
-2.14357 0.581612
-2.13857 0.584066
-2.13357 0.586538
-2.12856 0.589028
-2.12356 0.591536
-2.11856 0.594063
-2.11356 0.596609
-2.10855 0.599173
-2.10355 0.601756
-2.09855 0.604358
-2.09355 0.606979
-2.08854 0.609619
-2.08354 0.612278
-2.07854 0.614957
-2.07354 0.617654
-2.06853 0.620371
-2.06353 0.623107
-2.05853 0.625863
-2.05353 0.628639
-2.04852 0.631434
-2.04352 0.634249
-2.03852 0.637083
-2.03352 0.639938
-2.02851 0.642813
-2.02351 0.645707
-2.01851 0.648622
-2.01351 0.651557
-2.0085 0.654513
-2.0035 0.657489
-1.9985 0.660485
-1.9935 0.663502
-1.98849 0.66654
-1.98349 0.669599
-1.97849 0.672678
-1.97349 0.675778
-1.96848 0.678899
-1.96348 0.682041
-1.95848 0.685205
-1.95348 0.688389
-1.94847 0.691595
-1.94347 0.694822
-1.93847 0.698071
-1.93347 0.701341
-1.92846 0.704633
-1.92346 0.707947
-1.91846 0.711282
-1.91346 0.714639
-1.90845 0.718018
-1.90345 0.721419
-1.89845 0.724842
-1.89345 0.728287
-1.88844 0.731754
-1.88344 0.735244
-1.87844 0.738756
-1.87344 0.74229
-1.86843 0.745847
-1.86343 0.749427
-1.85843 0.753029
-1.85343 0.756653
-1.84842 0.760301
-1.84342 0.763971
-1.83842 0.767664
-1.83342 0.771381
-1.82841 0.77512
-1.82341 0.778882
-1.81841 0.782668
-1.81341 0.786476
-1.8084 0.790308
-1.8034 0.794164
-1.7984 0.798042
-1.7934 0.801945
-1.78839 0.80587
-1.78339 0.80982
-1.77839 0.813793
-1.77339 0.817789
-1.76838 0.82181
-1.76338 0.825854
-1.75838 0.829922
-1.75338 0.834014
-1.74837 0.83813
-1.74337 0.84227
-1.73837 0.846434
-1.73337 0.850622
-1.72836 0.854834
-1.72336 0.859071
-1.71836 0.863331
-1.71336 0.867617
-1.70835 0.871926
-1.70335 0.87626
-1.69835 0.880618
-1.69335 0.885001
-1.68834 0.889408
-1.68334 0.893839
-1.67834 0.898296
-1.67334 0.902777
-1.66833 0.907282
-1.66333 0.911812
-1.65833 0.916367
-1.65333 0.920947
-1.64832 0.925551
-1.64332 0.93018
-1.63832 0.934834
-1.63332 0.939513
-1.62831 0.944217
-1.62331 0.948945
-1.61831 0.953699
-1.61331 0.958477
-1.6083 0.96328
-1.6033 0.968108
-1.5983 0.972961
-1.5933 0.977839
-1.58829 0.982742
-1.58329 0.98767
-1.57829 0.992623
-1.57329 0.997601
-1.56828 1.0026
-1.56328 1.00763
-1.55828 1.01269
-1.55328 1.01776
-1.54827 1.02287
-1.54327 1.02799
-1.53827 1.03315
-1.53327 1.03832
-1.52826 1.04353
-1.52326 1.04875
-1.51826 1.05401
-1.51326 1.05928
-1.50825 1.06459
-1.50325 1.06991
-1.49825 1.07526
-1.49325 1.08064
-1.48824 1.08604
-1.48324 1.09147
-1.47824 1.09692
-1.47324 1.10239
-1.46823 1.10789
-1.46323 1.11342
-1.45823 1.11897
-1.45323 1.12454
-1.44822 1.13014
-1.44322 1.13576
-1.43822 1.14141
-1.43322 1.14708
-1.42821 1.15277
-1.42321 1.15849
-1.41821 1.16424
-1.41321 1.17
-1.4082 1.17579
-1.4032 1.18161
-1.3982 1.18745
-1.3932 1.19331
-1.38819 1.1992
-1.38319 1.2051
-1.37819 1.21104
-1.37319 1.21699
-1.36818 1.22297
-1.36318 1.22898
-1.35818 1.235
-1.35318 1.24105
-1.34817 1.24712
-1.34317 1.25322
-1.33817 1.25933
-1.33317 1.26547
-1.32816 1.27164
-1.32316 1.27782
-1.31816 1.28403
-1.31316 1.29026
-1.30815 1.29651
-1.30315 1.30278
-1.29815 1.30907
-1.29315 1.31539
-1.28814 1.32173
-1.28314 1.32809
-1.27814 1.33447
-1.27314 1.34087
-1.26813 1.34729
-1.26313 1.35373
-1.25813 1.36019
-1.25313 1.36668
-1.24812 1.37318
-1.24312 1.3797
-1.23812 1.38624
-1.23312 1.39281
-1.22811 1.39939
-1.22311 1.40599
-1.21811 1.41261
-1.21311 1.41925
-1.2081 1.42591
-1.2031 1.43259
-1.1981 1.43928
-1.1931 1.446
-1.18809 1.45273
-1.18309 1.45948
-1.17809 1.46624
-1.17309 1.47303
-1.16808 1.47983
-1.16308 1.48664
-1.15808 1.49348
-1.15308 1.50033
-1.14807 1.5072
-1.14307 1.51408
-1.13807 1.52098
-1.13307 1.52789
-1.12806 1.53482
-1.12306 1.54177
-1.11806 1.54873
-1.11306 1.5557
-1.10805 1.56269
-1.10305 1.56969
-1.09805 1.5767
-1.09305 1.58373
-1.08804 1.59077
-1.08304 1.59783
-1.07804 1.60489
-1.07304 1.61197
-1.06803 1.61906
-1.06303 1.62617
-1.05803 1.63328
-1.05303 1.64041
-1.04802 1.64754
-1.04302 1.65469
-1.03802 1.66184
-1.03302 1.66901
-1.02801 1.67619
-1.02301 1.68337
-1.01801 1.69056
-1.01301 1.69777
-1.008 1.70498
-1.003 1.71219
-0.997999 1.71942
-0.992996 1.72665
-0.987994 1.73389
-0.982991 1.74114
-0.977989 1.74839
-0.972986 1.75564
-0.967984 1.76291
-0.962981 1.77017
-0.957979 1.77745
-0.952976 1.78472
-0.947974 1.792
-0.942971 1.79929
-0.937969 1.80657
-0.932966 1.81386
-0.927964 1.82116
-0.922961 1.82845
-0.917959 1.83575
-0.912956 1.84304
-0.907954 1.85034
-0.902951 1.85764
-0.897949 1.86493
-0.892946 1.87223
-0.887944 1.87953
-0.882941 1.88682
-0.877939 1.89411
-0.872936 1.90141
-0.867934 1.90869
-0.862931 1.91598
-0.857929 1.92326
-0.852926 1.93054
-0.847924 1.93781
-0.842921 1.94508
-0.837919 1.95234
-0.832916 1.9596
-0.827914 1.96685
-0.822911 1.9741
-0.817909 1.98133
-0.812906 1.98856
-0.807904 1.99579
-0.802901 2.003
-0.797899 2.01021
-0.792896 2.0174
-0.787894 2.02459
-0.782891 2.03176
-0.777889 2.03893
-0.772886 2.04608
-0.767884 2.05323
-0.762881 2.06036
-0.757879 2.06747
-0.752876 2.07458
-0.747874 2.08167
-0.742871 2.08874
-0.737869 2.09581
-0.732866 2.10285
-0.727864 2.10988
-0.722861 2.1169
-0.717859 2.1239
-0.712856 2.13088
-0.707854 2.13784
-0.702851 2.14479
-0.697849 2.15172
-0.692846 2.15862
-0.687844 2.16551
-0.682841 2.17238
-0.677839 2.17923
-0.672836 2.18606
-0.667834 2.19286
-0.662831 2.19965
-0.657829 2.20641
-0.652826 2.21314
-0.647824 2.21986
-0.642821 2.22655
-0.637819 2.23321
-0.632816 2.23986
-0.627814 2.24647
-0.622811 2.25306
-0.617809 2.25962
-0.612806 2.26616
-0.607804 2.27266
-0.602801 2.27914
-0.597799 2.28559
-0.592796 2.29201
-0.587794 2.2984
-0.582791 2.30476
-0.577789 2.3111
-0.572786 2.31739
-0.567784 2.32366
-0.562781 2.3299
-0.557779 2.3361
-0.552776 2.34227
-0.547774 2.3484
-0.542771 2.3545
-0.537769 2.36057
-0.532766 2.3666
-0.527764 2.3726
-0.522761 2.37856
-0.517759 2.38448
-0.512756 2.39036
-0.507754 2.39621
-0.502751 2.40202
-0.497749 2.40779
-0.492746 2.41352
-0.487744 2.41921
-0.482741 2.42486
-0.477739 2.43047
-0.472736 2.43604
-0.467734 2.44157
-0.462731 2.44705
-0.457729 2.45249
-0.452726 2.45789
-0.447724 2.46325
-0.442721 2.46856
-0.437719 2.47383
-0.432716 2.47905
-0.427714 2.48422
-0.422711 2.48936
-0.417709 2.49444
-0.412706 2.49948
-0.407704 2.50447
-0.402701 2.50941
-0.397699 2.5143
-0.392696 2.51915
-0.387694 2.52395
-0.382691 2.52869
-0.377689 2.53339
-0.372686 2.53804
-0.367684 2.54263
-0.362681 2.54718
-0.357679 2.55167
-0.352676 2.55611
-0.347674 2.5605
-0.342671 2.56484
-0.337669 2.56912
-0.332666 2.57335
-0.327664 2.57752
-0.322661 2.58164
-0.317659 2.58571
-0.312656 2.58972
-0.307654 2.59368
-0.302651 2.59758
-0.297649 2.60142
-0.292646 2.6052
-0.287644 2.60893
-0.282641 2.61261
-0.277639 2.61622
-0.272636 2.61978
-0.267634 2.62327
-0.262631 2.62671
-0.257629 2.63009
-0.252626 2.63341
-0.247624 2.63667
-0.242621 2.63988
-0.237619 2.64302
-0.232616 2.6461
-0.227614 2.64912
-0.222611 2.65207
-0.217609 2.65497
-0.212606 2.6578
-0.207604 2.66058
-0.202601 2.66329
-0.197599 2.66594
-0.192596 2.66852
-0.187594 2.67104
-0.182591 2.6735
-0.177589 2.6759
-0.172586 2.67823
-0.167584 2.68049
-0.162581 2.6827
-0.157579 2.68484
-0.152576 2.68691
-0.147574 2.68892
-0.142571 2.69086
-0.137569 2.69274
-0.132566 2.69455
-0.127564 2.6963
-0.122561 2.69798
-0.117559 2.6996
-0.112556 2.70115
-0.107554 2.70263
-0.102551 2.70405
-0.0975488 2.7054
-0.0925463 2.70668
-0.0875438 2.7079
-0.0825413 2.70905
-0.0775388 2.71013
-0.0725363 2.71115
-0.0675338 2.7121
-0.0625313 2.71298
-0.0575288 2.71379
-0.0525263 2.71454
-0.0475238 2.71522
-0.0425213 2.71583
-0.0375188 2.71637
-0.0325163 2.71685
-0.0275138 2.71725
-0.0225113 2.71759
-0.0175088 2.71787
-0.0125063 2.71807
-0.00750375 2.71821
-0.00250125 2.71827
0.00250125 2.71827
0.00750375 2.71821
0.0125063 2.71807
0.0175088 2.71787
0.0225113 2.71759
0.0275138 2.71725
0.0325163 2.71685
0.0375188 2.71637
0.0425213 2.71583
0.0475238 2.71522
0.0525263 2.71454
0.0575288 2.71379
0.0625313 2.71298
0.0675338 2.7121
0.0725363 2.71115
0.0775388 2.71013
0.0825413 2.70905
0.0875438 2.7079
0.0925463 2.70668
0.0975488 2.7054
0.102551 2.70405
0.107554 2.70263
0.112556 2.70115
0.117559 2.6996
0.122561 2.69798
0.127564 2.6963
0.132566 2.69455
0.137569 2.69274
0.142571 2.69086
0.147574 2.68892
0.152576 2.68691
0.157579 2.68484
0.162581 2.6827
0.167584 2.68049
0.172586 2.67823
0.177589 2.6759
0.182591 2.6735
0.187594 2.67104
0.192596 2.66852
0.197599 2.66594
0.202601 2.66329
0.207604 2.66058
0.212606 2.6578
0.217609 2.65497
0.222611 2.65207
0.227614 2.64912
0.232616 2.6461
0.237619 2.64302
0.242621 2.63988
0.247624 2.63667
0.252626 2.63341
0.257629 2.63009
0.262631 2.62671
0.267634 2.62327
0.272636 2.61978
0.277639 2.61622
0.282641 2.61261
0.287644 2.60893
0.292646 2.6052
0.297649 2.60142
0.302651 2.59758
0.307654 2.59368
0.312656 2.58972
0.317659 2.58571
0.322661 2.58164
0.327664 2.57752
0.332666 2.57335
0.337669 2.56912
0.342671 2.56484
0.347674 2.5605
0.352676 2.55611
0.357679 2.55167
0.362681 2.54718
0.367684 2.54263
0.372686 2.53804
0.377689 2.53339
0.382691 2.52869
0.387694 2.52395
0.392696 2.51915
0.397699 2.5143
0.402701 2.50941
0.407704 2.50447
0.412706 2.49948
0.417709 2.49444
0.422711 2.48936
0.427714 2.48422
0.432716 2.47905
0.437719 2.47383
0.442721 2.46856
0.447724 2.46325
0.452726 2.45789
0.457729 2.45249
0.462731 2.44705
0.467734 2.44157
0.472736 2.43604
0.477739 2.43047
0.482741 2.42486
0.487744 2.41921
0.492746 2.41352
0.497749 2.40779
0.502751 2.40202
0.507754 2.39621
0.512756 2.39036
0.517759 2.38448
0.522761 2.37856
0.527764 2.3726
0.532766 2.3666
0.537769 2.36057
0.542771 2.3545
0.547774 2.3484
0.552776 2.34227
0.557779 2.3361
0.562781 2.3299
0.567784 2.32366
0.572786 2.31739
0.577789 2.3111
0.582791 2.30476
0.587794 2.2984
0.592796 2.29201
0.597799 2.28559
0.602801 2.27914
0.607804 2.27266
0.612806 2.26616
0.617809 2.25962
0.622811 2.25306
0.627814 2.24647
0.632816 2.23986
0.637819 2.23321
0.642821 2.22655
0.647824 2.21986
0.652826 2.21314
0.657829 2.20641
0.662831 2.19965
0.667834 2.19286
0.672836 2.18606
0.677839 2.17923
0.682841 2.17238
0.687844 2.16551
0.692846 2.15862
0.697849 2.15172
0.702851 2.14479
0.707854 2.13784
0.712856 2.13088
0.717859 2.1239
0.722861 2.1169
0.727864 2.10988
0.732866 2.10285
0.737869 2.09581
0.742871 2.08874
0.747874 2.08167
0.752876 2.07458
0.757879 2.06747
0.762881 2.06036
0.767884 2.05323
0.772886 2.04608
0.777889 2.03893
0.782891 2.03176
0.787894 2.02459
0.792896 2.0174
0.797899 2.01021
0.802901 2.003
0.807904 1.99579
0.812906 1.98856
0.817909 1.98133
0.822911 1.9741
0.827914 1.96685
0.832916 1.9596
0.837919 1.95234
0.842921 1.94508
0.847924 1.93781
0.852926 1.93054
0.857929 1.92326
0.862931 1.91598
0.867934 1.90869
0.872936 1.90141
0.877939 1.89411
0.882941 1.88682
0.887944 1.87953
0.892946 1.87223
0.897949 1.86493
0.902951 1.85764
0.907954 1.85034
0.912956 1.84304
0.917959 1.83575
0.922961 1.82845
0.927964 1.82116
0.932966 1.81386
0.937969 1.80657
0.942971 1.79929
0.947974 1.792
0.952976 1.78472
0.957979 1.77745
0.962981 1.77017
0.967984 1.76291
0.972986 1.75564
0.977989 1.74839
0.982991 1.74114
0.987994 1.73389
0.992996 1.72665
0.997999 1.71942
1.003 1.71219
1.008 1.70498
1.01301 1.69777
1.01801 1.69056
1.02301 1.68337
1.02801 1.67619
1.03302 1.66901
1.03802 1.66184
1.04302 1.65469
1.04802 1.64754
1.05303 1.64041
1.05803 1.63328
1.06303 1.62617
1.06803 1.61906
1.07304 1.61197
1.07804 1.60489
1.08304 1.59783
1.08804 1.59077
1.09305 1.58373
1.09805 1.5767
1.10305 1.56969
1.10805 1.56269
1.11306 1.5557
1.11806 1.54873
1.12306 1.54177
1.12806 1.53482
1.13307 1.52789
1.13807 1.52098
1.14307 1.51408
1.14807 1.5072
1.15308 1.50033
1.15808 1.49348
1.16308 1.48664
1.16808 1.47983
1.17309 1.47303
1.17809 1.46624
1.18309 1.45948
1.18809 1.45273
1.1931 1.446
1.1981 1.43928
1.2031 1.43259
1.2081 1.42591
1.21311 1.41925
1.21811 1.41261
1.22311 1.40599
1.22811 1.39939
1.23312 1.39281
1.23812 1.38624
1.24312 1.3797
1.24812 1.37318
1.25313 1.36668
1.25813 1.36019
1.26313 1.35373
1.26813 1.34729
1.27314 1.34087
1.27814 1.33447
1.28314 1.32809
1.28814 1.32173
1.29315 1.31539
1.29815 1.30907
1.30315 1.30278
1.30815 1.29651
1.31316 1.29026
1.31816 1.28403
1.32316 1.27782
1.32816 1.27164
1.33317 1.26547
1.33817 1.25933
1.34317 1.25322
1.34817 1.24712
1.35318 1.24105
1.35818 1.235
1.36318 1.22898
1.36818 1.22297
1.37319 1.21699
1.37819 1.21104
1.38319 1.2051
1.38819 1.1992
1.3932 1.19331
1.3982 1.18745
1.4032 1.18161
1.4082 1.17579
1.41321 1.17
1.41821 1.16424
1.42321 1.15849
1.42821 1.15277
1.43322 1.14708
1.43822 1.14141
1.44322 1.13576
1.44822 1.13014
1.45323 1.12454
1.45823 1.11897
1.46323 1.11342
1.46823 1.10789
1.47324 1.10239
1.47824 1.09692
1.48324 1.09147
1.48824 1.08604
1.49325 1.08064
1.49825 1.07526
1.50325 1.06991
1.50825 1.06459
1.51326 1.05928
1.51826 1.05401
1.52326 1.04875
1.52826 1.04353
1.53327 1.03832
1.53827 1.03315
1.54327 1.02799
1.54827 1.02287
1.55328 1.01776
1.55828 1.01269
1.56328 1.00763
1.56828 1.0026
1.57329 0.997601
1.57829 0.992623
1.58329 0.98767
1.58829 0.982742
1.5933 0.977839
1.5983 0.972961
1.6033 0.968108
1.6083 0.96328
1.61331 0.958477
1.61831 0.953699
1.62331 0.948945
1.62831 0.944217
1.63332 0.939513
1.63832 0.934834
1.64332 0.93018
1.64832 0.925551
1.65333 0.920947
1.65833 0.916367
1.66333 0.911812
1.66833 0.907282
1.67334 0.902777
1.67834 0.898296
1.68334 0.893839
1.68834 0.889408
1.69335 0.885001
1.69835 0.880618
1.70335 0.87626
1.70835 0.871926
1.71336 0.867617
1.71836 0.863331
1.72336 0.859071
1.72836 0.854834
1.73337 0.850622
1.73837 0.846434
1.74337 0.84227
1.74837 0.83813
1.75338 0.834014
1.75838 0.829922
1.76338 0.825854
1.76838 0.82181
1.77339 0.817789
1.77839 0.813793
1.78339 0.80982
1.78839 0.80587
1.7934 0.801945
1.7984 0.798042
1.8034 0.794164
1.8084 0.790308
1.81341 0.786476
1.81841 0.782668
1.82341 0.778882
1.82841 0.77512
1.83342 0.771381
1.83842 0.767664
1.84342 0.763971
1.84842 0.760301
1.85343 0.756653
1.85843 0.753029
1.86343 0.749427
1.86843 0.745847
1.87344 0.74229
1.87844 0.738756
1.88344 0.735244
1.88844 0.731754
1.89345 0.728287
1.89845 0.724842
1.90345 0.721419
1.90845 0.718018
1.91346 0.714639
1.91846 0.711282
1.92346 0.707947
1.92846 0.704633
1.93347 0.701341
1.93847 0.698071
1.94347 0.694822
1.94847 0.691595
1.95348 0.688389
1.95848 0.685205
1.96348 0.682041
1.96848 0.678899
1.97349 0.675778
1.97849 0.672678
1.98349 0.669599
1.98849 0.66654
1.9935 0.663502
1.9985 0.660485
2.0035 0.657489
2.0085 0.654513
2.01351 0.651557
2.01851 0.648622
2.02351 0.645707
2.02851 0.642813
2.03352 0.639938
2.03852 0.637083
2.04352 0.634249
2.04852 0.631434
2.05353 0.628639
2.05853 0.625863
2.06353 0.623107
2.06853 0.620371
2.07354 0.617654
2.07854 0.614957
2.08354 0.612278
2.08854 0.609619
2.09355 0.606979
2.09855 0.604358
2.10355 0.601756
2.10855 0.599173
2.11356 0.596609
2.11856 0.594063
2.12356 0.591536
2.12856 0.589028
2.13357 0.586538
2.13857 0.584066
2.14357 0.581612
2.14857 0.579177
2.15358 0.57676
2.15858 0.574361
2.16358 0.57198
2.16858 0.569616
2.17359 0.567271
2.17859 0.564943
2.18359 0.562633
2.18859 0.56034
2.1936 0.558065
2.1986 0.555807
2.2036 0.553567
2.2086 0.551343
2.21361 0.549137
2.21861 0.546948
2.22361 0.544776
2.22861 0.542621
2.23362 0.540482
2.23862 0.53836
2.24362 0.536255
2.24862 0.534167
2.25363 0.532095
2.25863 0.530039
2.26363 0.528
2.26863 0.525977
2.27364 0.52397
2.27864 0.521979
2.28364 0.520005
2.28864 0.518046
2.29365 0.516103
2.29865 0.514176
2.30365 0.512265
2.30865 0.510369
2.31366 0.508489
2.31866 0.506624
2.32366 0.504775
2.32866 0.502941
2.33367 0.501123
2.33867 0.499319
2.34367 0.497531
2.34867 0.495758
2.35368 0.493999
2.35868 0.492256
2.36368 0.490527
2.36868 0.488814
2.37369 0.487115
2.37869 0.48543
2.38369 0.48376
2.38869 0.482105
2.3937 0.480464
2.3987 0.478837
2.4037 0.477225
2.4087 0.475627
2.41371 0.474043
2.41871 0.472473
2.42371 0.470917
2.42871 0.469375
2.43372 0.467847
2.43872 0.466332
2.44372 0.464832
2.44872 0.463345
2.45373 0.461872
2.45873 0.460412
2.46373 0.458966
2.46873 0.457533
2.47374 0.456113
2.47874 0.454707
2.48374 0.453314
2.48874 0.451935
2.49375 0.450568
2.49875 0.449214
2.50375 0.447874
2.50875 0.446546
2.51376 0.445231
2.51876 0.443929
2.52376 0.44264
2.52876 0.441364
2.53377 0.4401
2.53877 0.438849
2.54377 0.43761
2.54877 0.436384
2.55378 0.43517
2.55878 0.433969
2.56378 0.43278
2.56878 0.431603
2.57379 0.430438
2.57879 0.429286
2.58379 0.428146
2.58879 0.427018
2.5938 0.425901
2.5988 0.424797
2.6038 0.423705
2.6088 0.422624
2.61381 0.421556
2.61881 0.420499
2.62381 0.419453
2.62881 0.41842
2.63382 0.417398
2.63882 0.416388
2.64382 0.415389
2.64882 0.414402
2.65383 0.413426
2.65883 0.412461
2.66383 0.411508
2.66883 0.410566
2.67384 0.409636
2.67884 0.408717
2.68384 0.407808
2.68884 0.406911
2.69385 0.406026
2.69885 0.405151
2.70385 0.404287
2.70885 0.403434
2.71386 0.402592
2.71886 0.401761
2.72386 0.400941
2.72886 0.400132
2.73387 0.399333
2.73887 0.398545
2.74387 0.397768
2.74887 0.397002
2.75388 0.396246
2.75888 0.395501
2.76388 0.394767
2.76888 0.394043
2.77389 0.393329
2.77889 0.392626
2.78389 0.391933
2.78889 0.391251
2.7939 0.390579
2.7989 0.389918
2.8039 0.389267
2.8089 0.388626
2.81391 0.387995
2.81891 0.387375
2.82391 0.386765
2.82891 0.386165
2.83392 0.385575
2.83892 0.384995
2.84392 0.384425
2.84892 0.383866
2.85393 0.383316
2.85893 0.382776
2.86393 0.382247
2.86893 0.381727
2.87394 0.381217
2.87894 0.380717
2.88394 0.380227
2.88894 0.379747
2.89395 0.379277
2.89895 0.378817
2.90395 0.378366
2.90895 0.377925
2.91396 0.377494
2.91896 0.377072
2.92396 0.37666
2.92896 0.376258
2.93397 0.375866
2.93897 0.375483
2.94397 0.37511
2.94897 0.374746
2.95398 0.374392
2.95898 0.374048
2.96398 0.373713
2.96898 0.373388
2.97399 0.373072
2.97899 0.372765
2.98399 0.372468
2.98899 0.372181
2.994 0.371903
2.999 0.371635
3.004 0.371376
3.009 0.371126
3.01401 0.370886
3.01901 0.370655
3.02401 0.370433
3.02901 0.370221
3.03402 0.370018
3.03902 0.369825
3.04402 0.369641
3.04902 0.369466
3.05403 0.3693
3.05903 0.369144
3.06403 0.368997
3.06903 0.36886
3.07404 0.368731
3.07904 0.368612
3.08404 0.368502
3.08904 0.368402
3.09405 0.36831
3.09905 0.368228
3.10405 0.368155
3.10905 0.368092
3.11406 0.368037
3.11906 0.367992
3.12406 0.367956
3.12906 0.367929
3.13407 0.367912
3.13907 0.367903
3.14407 0.367904
3.14907 0.367914
3.15408 0.367934
3.15908 0.367962
3.16408 0.368
3.16908 0.368047
3.17409 0.368103
3.17909 0.368168
3.18409 0.368242
3.18909 0.368326
3.1941 0.368419
3.1991 0.368521
3.2041 0.368633
3.2091 0.368753
3.21411 0.368883
3.21911 0.369022
3.22411 0.36917
3.22911 0.369328
3.23412 0.369494
3.23912 0.369671
3.24412 0.369856
3.24912 0.37005
3.25413 0.370254
3.25913 0.370467
3.26413 0.37069
3.26913 0.370922
3.27414 0.371163
3.27914 0.371413
3.28414 0.371673
3.28914 0.371942
3.29415 0.372221
3.29915 0.372509
3.30415 0.372806
3.30915 0.373113
3.31416 0.373429
3.31916 0.373754
3.32416 0.374089
3.32916 0.374434
3.33417 0.374788
3.33917 0.375151
3.34417 0.375525
3.34917 0.375907
3.35418 0.376299
3.35918 0.376701
3.36418 0.377112
3.36918 0.377533
3.37419 0.377964
3.37919 0.378404
3.38419 0.378854
3.38919 0.379314
3.3942 0.379784
3.3992 0.380263
3.4042 0.380752
3.4092 0.381251
3.41421 0.381759
3.41921 0.382278
3.42421 0.382806
3.42921 0.383345
3.43422 0.383893
3.43922 0.384451
3.44422 0.385019
3.44922 0.385598
3.45423 0.386186
3.45923 0.386785
3.46423 0.387393
3.46923 0.388012
3.47424 0.388641
3.47924 0.38928
3.48424 0.389929
3.48924 0.390589
3.49425 0.391259
3.49925 0.391939
3.50425 0.392629
3.50925 0.393331
3.51426 0.394042
3.51926 0.394764
3.52426 0.395497
3.52926 0.39624
3.53427 0.396993
3.53927 0.397758
3.54427 0.398533
3.54927 0.399318
3.55428 0.400115
3.55928 0.400922
3.56428 0.40174
3.56928 0.402569
3.57429 0.403409
3.57929 0.40426
3.58429 0.405121
3.58929 0.405994
3.5943 0.406878
3.5993 0.407773
3.6043 0.408679
3.6093 0.409597
3.61431 0.410526
3.61931 0.411465
3.62431 0.412417
3.62931 0.41338
3.63432 0.414354
3.63932 0.415339
3.64432 0.416337
3.64932 0.417345
3.65433 0.418366
3.65933 0.419398
3.66433 0.420442
3.66933 0.421497
3.67434 0.422564
3.67934 0.423644
3.68434 0.424735
3.68934 0.425838
3.69435 0.426953
3.69935 0.428081
3.70435 0.42922
3.70935 0.430372
3.71436 0.431535
3.71936 0.432711
3.72436 0.4339
3.72936 0.435101
3.73437 0.436314
3.73937 0.43754
3.74437 0.438778
3.74937 0.440029
3.75438 0.441293
3.75938 0.442569
3.76438 0.443858
3.76938 0.44516
3.77439 0.446475
3.77939 0.447803
3.78439 0.449144
3.78939 0.450497
3.7944 0.451864
3.7994 0.453245
3.8044 0.454638
3.8094 0.456045
3.81441 0.457465
3.81941 0.458898
3.82441 0.460345
3.82941 0.461806
3.83442 0.46328
3.83942 0.464768
3.84442 0.466269
3.84942 0.467785
3.85443 0.469314
3.85943 0.470857
3.86443 0.472414
3.86943 0.473985
3.87444 0.475571
3.87944 0.47717
3.88444 0.478784
3.88944 0.480412
3.89445 0.482054
3.89945 0.483711
3.90445 0.485382
3.90945 0.487068
3.91446 0.488768
3.91946 0.490484
3.92446 0.492214
3.92946 0.493958
3.93447 0.495718
3.93947 0.497493
3.94447 0.499283
3.94947 0.501087
3.95448 0.502907
3.95948 0.504743
3.96448 0.506593
3.96948 0.50846
3.97449 0.510341
3.97949 0.512238
3.98449 0.514151
3.98949 0.516079
3.9945 0.518023
3.9995 0.519983
4.0045 0.521959
4.0095 0.523951
4.01451 0.525959
4.01951 0.527983
4.02451 0.530024
4.02951 0.53208
4.03452 0.534153
4.03952 0.536243
4.04452 0.538349
4.04952 0.540471
4.05453 0.542611
4.05953 0.544767
4.06453 0.54694
4.06953 0.549129
4.07454 0.551336
4.07954 0.55356
4.08454 0.555801
4.08954 0.558059
4.09455 0.560335
4.09955 0.562628
4.10455 0.564938
4.10955 0.567266
4.11456 0.569612
4.11956 0.571975
4.12456 0.574357
4.12956 0.576756
4.13457 0.579173
4.13957 0.581608
4.14457 0.584061
4.14957 0.586533
4.15458 0.589022
4.15958 0.59153
4.16458 0.594057
4.16958 0.596602
4.17459 0.599166
4.17959 0.601749
4.18459 0.60435
4.18959 0.606971
4.1946 0.60961
4.1996 0.612268
4.2046 0.614946
4.2096 0.617643
4.21461 0.620359
4.21961 0.623094
4.22461 0.625849
4.22961 0.628624
4.23462 0.631418
4.23962 0.634232
4.24462 0.637066
4.24962 0.639919
4.25463 0.642793
4.25963 0.645687
4.26463 0.648601
4.26963 0.651535
4.27464 0.65449
4.27964 0.657465
4.28464 0.66046
4.28964 0.663476
4.29465 0.666513
4.29965 0.669571
4.30465 0.672649
4.30965 0.675748
4.31466 0.678869
4.31966 0.68201
4.32466 0.685172
4.32966 0.688356
4.33467 0.691561
4.33967 0.694788
4.34467 0.698036
4.34967 0.701305
4.35468 0.704596
4.35968 0.707909
4.36468 0.711243
4.36968 0.7146
4.37469 0.717978
4.37969 0.721378
4.38469 0.724801
4.38969 0.728245
4.3947 0.731712
4.3997 0.735201
4.4047 0.738712
4.4097 0.742246
4.41471 0.745802
4.41971 0.749381
4.42471 0.752983
4.42971 0.756607
4.43472 0.760254
4.43972 0.763924
4.44472 0.767616
4.44972 0.771332
4.45473 0.775071
4.45973 0.778833
4.46473 0.782617
4.46973 0.786425
4.47474 0.790257
4.47974 0.794111
4.48474 0.797989
4.48974 0.801891
4.49475 0.805816
4.49975 0.809764
4.50475 0.813737
4.50975 0.817732
4.51476 0.821752
4.51976 0.825795
4.52476 0.829862
4.52976 0.833953
4.53477 0.838068
4.53977 0.842206
4.54477 0.846369
4.54977 0.850556
4.55478 0.854767
4.55978 0.859002
4.56478 0.863261
4.56978 0.867545
4.57479 0.871852
4.57979 0.876185
4.58479 0.880541
4.58979 0.884922
4.5948 0.889327
4.5998 0.893757
4.6048 0.898211
4.6098 0.90269
4.61481 0.907194
4.61981 0.911722
4.62481 0.916274
4.62981 0.920852
4.63482 0.925454
4.63982 0.930081
4.64482 0.934733
4.64982 0.939409
4.65483 0.944111
4.65983 0.948837
4.66483 0.953588
4.66983 0.958364
4.67484 0.963165
4.67984 0.967992
4.68484 0.972843
4.68984 0.977719
4.69485 0.98262
4.69985 0.987546
4.70485 0.992497
4.70985 0.997474
4.71486 1.00248
4.71986 1.0075
4.72486 1.01255
4.72986 1.01763
4.73487 1.02273
4.73987 1.02786
4.74487 1.03301
4.74987 1.03819
4.75488 1.04339
4.75988 1.04862
4.76488 1.05387
4.76988 1.05915
4.77489 1.06445
4.77989 1.06978
4.78489 1.07513
4.78989 1.08051
4.7949 1.08591
4.7999 1.09134
4.8049 1.09679
4.8099 1.10227
4.81491 1.10777
4.81991 1.11329
4.82491 1.11884
4.82991 1.12442
4.83492 1.13002
4.83992 1.13564
4.84492 1.14129
4.84992 1.14697
4.85493 1.15266
4.85993 1.15838
4.86493 1.16413
4.86993 1.1699
4.87494 1.17569
4.87994 1.18151
4.88494 1.18735
4.88994 1.19321
4.89495 1.1991
4.89995 1.20501
4.90495 1.21094
4.90995 1.2169
4.91496 1.22287
4.91996 1.22888
4.92496 1.2349
4.92996 1.24095
4.93497 1.24702
4.93997 1.25311
4.94497 1.25923
4.94997 1.26537
4.95498 1.27153
4.95998 1.27771
4.96498 1.28392
4.96998 1.29015
4.97499 1.2964
4.97999 1.30267
4.98499 1.30897
4.98999 1.31529
4.995 1.32164
5 1.32801
