-5 1.32798
-4.995 1.32057
-4.98999 1.31121
-4.98499 1.30009
-4.97999 1.28738
-4.97499 1.27326
-4.96998 1.25788
-4.96498 1.24139
-4.95998 1.22393
-4.95498 1.20564
-4.94997 1.18662
-4.94497 1.167
-4.93997 1.14689
-4.93497 1.12638
-4.92996 1.10557
-4.92496 1.08454
-4.91996 1.06338
-4.91496 1.04215
-4.90995 1.02094
-4.90495 0.999792
-4.89995 0.978776
-4.89495 0.957945
-4.88994 0.937345
-4.88494 0.917023
-4.87994 0.897019
-4.87494 0.87737
-4.86993 0.858109
-4.86493 0.839266
-4.85993 0.820867
-4.85493 0.802936
-4.84992 0.785492
-4.84492 0.768554
-4.83992 0.752136
-4.83492 0.736252
-4.82991 0.720912
-4.82491 0.706123
-4.81991 0.691893
-4.81491 0.678225
-4.8099 0.665122
-4.8049 0.652585
-4.7999 0.640614
-4.7949 0.629207
-4.78989 0.61836
-4.78489 0.60807
-4.77989 0.59833
-4.77489 0.589134
-4.76988 0.580474
-4.76488 0.572343
-4.75988 0.564731
-4.75488 0.557628
-4.74987 0.551024
-4.74487 0.544908
-4.73987 0.539268
-4.73487 0.534093
-4.72986 0.529369
-4.72486 0.525085
-4.71986 0.521227
-4.71486 0.517782
-4.70985 0.514737
-4.70485 0.512078
-4.69985 0.509791
-4.69485 0.507862
-4.68984 0.506279
-4.68484 0.505026
-4.67984 0.50409
-4.67484 0.503457
-4.66983 0.503113
-4.66483 0.503046
-4.65983 0.50324
-4.65483 0.503684
-4.64982 0.504363
-4.64482 0.505265
-4.63982 0.506376
-4.63482 0.507684
-4.62981 0.509178
-4.62481 0.510843
-4.61981 0.512669
-4.61481 0.514644
-4.6098 0.516756
-4.6048 0.518994
-4.5998 0.521347
-4.5948 0.523805
-4.58979 0.526356
-4.58479 0.528993
-4.57979 0.531703
-4.57479 0.534479
-4.56978 0.53731
-4.56478 0.540188
-4.55978 0.543105
-4.55478 0.546051
-4.54977 0.54902
-4.54477 0.552004
-4.53977 0.554994
-4.53477 0.557985
-4.52976 0.560969
-4.52476 0.56394
-4.51976 0.566892
-4.51476 0.569819
-4.50975 0.572715
-4.50475 0.575575
-4.49975 0.578394
-4.49475 0.581166
-4.48974 0.583889
-4.48474 0.586556
-4.47974 0.589165
-4.47474 0.591712
-4.46973 0.594193
-4.46473 0.596604
-4.45973 0.598943
-4.45473 0.601208
-4.44972 0.603394
-4.44472 0.605501
-4.43972 0.607525
-4.43472 0.609466
-4.42971 0.61132
-4.42471 0.613087
-4.41971 0.614766
-4.41471 0.616354
-4.4097 0.617852
-4.4047 0.619258
-4.3997 0.620571
-4.3947 0.621791
-4.38969 0.622918
-4.38469 0.623952
-4.37969 0.624891
-4.37469 0.625738
-4.36968 0.62649
-4.36468 0.62715
-4.35968 0.627717
-4.35468 0.628191
-4.34967 0.628574
-4.34467 0.628867
-4.33967 0.629069
-4.33467 0.629182
-4.32966 0.629208
-4.32466 0.629146
-4.31966 0.628999
-4.31466 0.628767
-4.30965 0.628452
-4.30465 0.628055
-4.29965 0.627578
-4.29465 0.627022
-4.28964 0.626388
-4.28464 0.625679
-4.27964 0.624896
-4.27464 0.62404
-4.26963 0.623114
-4.26463 0.622118
-4.25963 0.621055
-4.25463 0.619927
-4.24962 0.618736
-4.24462 0.617482
-4.23962 0.616169
-4.23462 0.614797
-4.22961 0.61337
-4.22461 0.611888
-4.21961 0.610353
-4.21461 0.608768
-4.2096 0.607134
-4.2046 0.605454
-4.1996 0.603728
-4.1946 0.60196
-4.18959 0.60015
-4.18459 0.598301
-4.17959 0.596415
-4.17459 0.594493
-4.16958 0.592537
-4.16458 0.590549
-4.15958 0.58853
-4.15458 0.586483
-4.14957 0.58441
-4.14457 0.582311
-4.13957 0.580188
-4.13457 0.578044
-4.12956 0.57588
-4.12456 0.573697
-4.11956 0.571497
-4.11456 0.569282
-4.10955 0.567053
-4.10455 0.564811
-4.09955 0.562559
-4.09455 0.560297
-4.08954 0.558026
-4.08454 0.555749
-4.07954 0.553466
-4.07454 0.55118
-4.06953 0.54889
-4.06453 0.546598
-4.05953 0.544306
-4.05453 0.542015
-4.04952 0.539725
-4.04452 0.537438
-4.03952 0.535155
-4.03452 0.532877
-4.02951 0.530605
-4.02451 0.52834
-4.01951 0.526082
-4.01451 0.523833
-4.0095 0.521594
-4.0045 0.519365
-3.9995 0.517147
-3.9945 0.514941
-3.98949 0.512747
-3.98449 0.510567
-3.97949 0.508401
-3.97449 0.506249
-3.96948 0.504113
-3.96448 0.501992
-3.95948 0.499888
-3.95448 0.4978
-3.94947 0.49573
-3.94447 0.493677
-3.93947 0.491643
-3.93447 0.489627
-3.92946 0.48763
-3.92446 0.485653
-3.91946 0.483694
-3.91446 0.481756
-3.90945 0.479838
-3.90445 0.477941
-3.89945 0.476064
-3.89445 0.474208
-3.88944 0.472373
-3.88444 0.470559
-3.87944 0.468766
-3.87444 0.466995
-3.86943 0.465246
-3.86443 0.463518
-3.85943 0.461812
-3.85443 0.460127
-3.84942 0.458464
-3.84442 0.456823
-3.83942 0.455204
-3.83442 0.453607
-3.82941 0.452031
-3.82441 0.450477
-3.81941 0.448945
-3.81441 0.447434
-3.8094 0.445944
-3.8044 0.444476
-3.7994 0.443029
-3.7944 0.441603
-3.78939 0.440198
-3.78439 0.438814
-3.77939 0.437451
-3.77439 0.436108
-3.76938 0.434786
-3.76438 0.433483
-3.75938 0.432201
-3.75438 0.430938
-3.74937 0.429695
-3.74437 0.428472
-3.73937 0.427268
-3.73437 0.426082
-3.72936 0.424916
-3.72436 0.423768
-3.71936 0.422638
-3.71436 0.421526
-3.70935 0.420432
-3.70435 0.419356
-3.69935 0.418297
-3.69435 0.417256
-3.68934 0.416231
-3.68434 0.415223
-3.67934 0.414231
-3.67434 0.413256
-3.66933 0.412296
-3.66433 0.411352
-3.65933 0.410424
-3.65433 0.409511
-3.64932 0.408613
-3.64432 0.407729
-3.63932 0.40686
-3.63432 0.406005
-3.62931 0.405165
-3.62431 0.404338
-3.61931 0.403524
-3.61431 0.402724
-3.6093 0.401938
-3.6043 0.401164
-3.5993 0.400402
-3.5943 0.399653
-3.58929 0.398917
-3.58429 0.398192
-3.57929 0.397479
-3.57429 0.396778
-3.56928 0.396088
-3.56428 0.395409
-3.55928 0.394742
-3.55428 0.394085
-3.54927 0.393439
-3.54427 0.392803
-3.53927 0.392178
-3.53427 0.391563
-3.52926 0.390958
-3.52426 0.390362
-3.51926 0.389777
-3.51426 0.3892
-3.50925 0.388634
-3.50425 0.388076
-3.49925 0.387527
-3.49425 0.386988
-3.48924 0.386457
-3.48424 0.385935
-3.47924 0.385421
-3.47424 0.384916
-3.46923 0.384419
-3.46423 0.38393
-3.45923 0.38345
-3.45423 0.382977
-3.44922 0.382513
-3.44422 0.382056
-3.43922 0.381607
-3.43422 0.381166
-3.42921 0.380732
-3.42421 0.380306
-3.41921 0.379887
-3.41421 0.379476
-3.4092 0.379072
-3.4042 0.378675
-3.3992 0.378286
-3.3942 0.377904
-3.38919 0.377529
-3.38419 0.377161
-3.37919 0.3768
-3.37419 0.376446
-3.36918 0.376099
-3.36418 0.375759
-3.35918 0.375427
-3.35418 0.375101
-3.34917 0.374782
-3.34417 0.37447
-3.33917 0.374165
-3.33417 0.373867
-3.32916 0.373575
-3.32416 0.373291
-3.31916 0.373013
-3.31416 0.372743
-3.30915 0.372479
-3.30415 0.372223
-3.29915 0.371973
-3.29415 0.37173
-3.28914 0.371495
-3.28414 0.371266
-3.27914 0.371044
-3.27414 0.37083
-3.26913 0.370622
-3.26413 0.370422
-3.25913 0.370228
-3.25413 0.370042
-3.24912 0.369863
-3.24412 0.369692
-3.23912 0.369527
-3.23412 0.36937
-3.22911 0.369221
-3.22411 0.369078
-3.21911 0.368944
-3.21411 0.368816
-3.2091 0.368696
-3.2041 0.368584
-3.1991 0.368479
-3.1941 0.368382
-3.18909 0.368293
-3.18409 0.368212
-3.17909 0.368138
-3.17409 0.368072
-3.16908 0.368014
-3.16408 0.367964
-3.15908 0.367922
-3.15408 0.367888
-3.14907 0.367862
-3.14407 0.367845
-3.13907 0.367835
-3.13407 0.367834
-3.12906 0.367841
-3.12406 0.367857
-3.11906 0.367881
-3.11406 0.367913
-3.10905 0.367954
-3.10405 0.368003
-3.09905 0.368061
-3.09405 0.368128
-3.08904 0.368204
-3.08404 0.368288
-3.07904 0.368381
-3.07404 0.368483
-3.06903 0.368594
-3.06403 0.368714
-3.05903 0.368843
-3.05403 0.368981
-3.04902 0.369128
-3.04402 0.369284
-3.03902 0.369449
-3.03402 0.369624
-3.02901 0.369808
-3.02401 0.370001
-3.01901 0.370204
-3.01401 0.370416
-3.009 0.370638
-3.004 0.370869
-2.999 0.37111
-2.994 0.37136
-2.98899 0.37162
-2.98399 0.37189
-2.97899 0.372169
-2.97399 0.372458
-2.96898 0.372757
-2.96398 0.373066
-2.95898 0.373385
-2.95398 0.373714
-2.94897 0.374052
-2.94397 0.374401
-2.93897 0.374759
-2.93397 0.375128
-2.92896 0.375507
-2.92396 0.375896
-2.91896 0.376295
-2.91396 0.376704
-2.90895 0.377123
-2.90395 0.377553
-2.89895 0.377993
-2.89395 0.378443
-2.88894 0.378904
-2.88394 0.379375
-2.87894 0.379857
-2.87394 0.380348
-2.86893 0.380851
-2.86393 0.381364
-2.85893 0.381887
-2.85393 0.382421
-2.84892 0.382965
-2.84392 0.38352
-2.83892 0.384086
-2.83392 0.384662
-2.82891 0.385249
-2.82391 0.385847
-2.81891 0.386455
-2.81391 0.387074
-2.8089 0.387704
-2.8039 0.388345
-2.7989 0.388996
-2.7939 0.389659
-2.78889 0.390332
-2.78389 0.391016
-2.77889 0.391711
-2.77389 0.392417
-2.76888 0.393134
-2.76388 0.393862
-2.75888 0.394601
-2.75388 0.395351
-2.74887 0.396112
-2.74387 0.396884
-2.73887 0.397667
-2.73387 0.398461
-2.72886 0.399267
-2.72386 0.400083
-2.71886 0.400911
-2.71386 0.40175
-2.70885 0.402601
-2.70385 0.403462
-2.69885 0.404335
-2.69385 0.405219
-2.68884 0.406115
-2.68384 0.407022
-2.67884 0.407941
-2.67384 0.40887
-2.66883 0.409812
-2.66383 0.410765
-2.65883 0.411729
-2.65383 0.412705
-2.64882 0.413693
-2.64382 0.414692
-2.63882 0.415703
-2.63382 0.416725
-2.62881 0.417759
-2.62381 0.418805
-2.61881 0.419863
-2.61381 0.420932
-2.6088 0.422014
-2.6038 0.423107
-2.5988 0.424212
-2.5938 0.42533
-2.58879 0.426459
-2.58379 0.4276
-2.57879 0.428753
-2.57379 0.429919
-2.56878 0.431096
-2.56378 0.432286
-2.55878 0.433488
-2.55378 0.434702
-2.54877 0.435929
-2.54377 0.437168
-2.53877 0.438419
-2.53377 0.439683
-2.52876 0.440959
-2.52376 0.442248
-2.51876 0.44355
-2.51376 0.444864
-2.50875 0.446191
-2.50375 0.44753
-2.49875 0.448882
-2.49375 0.450247
-2.48874 0.451626
-2.48374 0.453017
-2.47874 0.45442
-2.47374 0.455838
-2.46873 0.457268
-2.46373 0.458711
-2.45873 0.460167
-2.45373 0.461637
-2.44872 0.46312
-2.44372 0.464617
-2.43872 0.466127
-2.43372 0.46765
-2.42871 0.469187
-2.42371 0.470738
-2.41871 0.472303
-2.41371 0.473881
-2.4087 0.475473
-2.4037 0.477079
-2.3987 0.478698
-2.3937 0.480332
-2.38869 0.48198
-2.38369 0.483642
-2.37869 0.485319
-2.37369 0.487009
-2.36868 0.488714
-2.36368 0.490434
-2.35868 0.492167
-2.35368 0.493916
-2.34867 0.495679
-2.34367 0.497457
-2.33867 0.49925
-2.33367 0.501057
-2.32866 0.50288
-2.32366 0.504717
-2.31866 0.50657
-2.31366 0.508437
-2.30865 0.51032
-2.30365 0.512219
-2.29865 0.514132
-2.29365 0.516062
-2.28864 0.518006
-2.28364 0.519967
-2.27864 0.521943
-2.27364 0.523935
-2.26863 0.525943
-2.26363 0.527967
-2.25863 0.530006
-2.25363 0.532062
-2.24862 0.534135
-2.24362 0.536223
-2.23862 0.538328
-2.23362 0.540449
-2.22861 0.542587
-2.22361 0.544742
-2.21861 0.546913
-2.21361 0.549101
-2.2086 0.551306
-2.2036 0.553528
-2.1986 0.555767
-2.1936 0.558023
-2.18859 0.560296
-2.18359 0.562587
-2.17859 0.564895
-2.17359 0.56722
-2.16858 0.569563
-2.16358 0.571924
-2.15858 0.574303
-2.15358 0.576699
-2.14857 0.579113
-2.14357 0.581546
-2.13857 0.583996
-2.13357 0.586465
-2.12856 0.588952
-2.12356 0.591457
-2.11856 0.593981
-2.11356 0.596523
-2.10855 0.599084
-2.10355 0.601664
-2.09855 0.604262
-2.09355 0.606879
-2.08854 0.609516
-2.08354 0.612171
-2.07854 0.614846
-2.07354 0.61754
-2.06853 0.620253
-2.06353 0.622985
-2.05853 0.625738
-2.05353 0.628509
-2.04852 0.631301
-2.04352 0.634112
-2.03852 0.636943
-2.03352 0.639794
-2.02851 0.642665
-2.02351 0.645556
-2.01851 0.648468
-2.01351 0.651399
-2.0085 0.654351
-2.0035 0.657324
-1.9985 0.660317
-1.9935 0.663331
-1.98849 0.666365
-1.98349 0.66942
-1.97849 0.672496
-1.97349 0.675593
-1.96848 0.678711
-1.96348 0.681851
-1.95848 0.685011
-1.95348 0.688193
-1.94847 0.691396
-1.94347 0.694621
-1.93847 0.697867
-1.93347 0.701134
-1.92846 0.704424
-1.92346 0.707735
-1.91846 0.711068
-1.91346 0.714423
-1.90845 0.7178
-1.90345 0.721199
-1.89845 0.72462
-1.89345 0.728063
-1.88844 0.731529
-1.88344 0.735017
-1.87844 0.738528
-1.87344 0.742061
-1.86843 0.745616
-1.86343 0.749194
-1.85843 0.752795
-1.85343 0.756419
-1.84842 0.760066
-1.84342 0.763735
-1.83842 0.767428
-1.83342 0.771144
-1.82841 0.774882
-1.82341 0.778644
-1.81841 0.78243
-1.81341 0.786238
-1.8084 0.79007
-1.8034 0.793925
-1.7984 0.797804
-1.7934 0.801707
-1.78839 0.805633
-1.78339 0.809583
-1.77839 0.813556
-1.77339 0.817553
-1.76838 0.821574
-1.76338 0.825619
-1.75838 0.829688
-1.75338 0.833781
-1.74837 0.837898
-1.74337 0.842039
-1.73837 0.846205
-1.73337 0.850394
-1.72836 0.854608
-1.72336 0.858846
-1.71836 0.863108
-1.71336 0.867394
-1.70835 0.871705
-1.70335 0.876041
-1.69835 0.880401
-1.69335 0.884785
-1.68834 0.889195
-1.68334 0.893628
-1.67834 0.898086
-1.67334 0.902569
-1.66833 0.907077
-1.66333 0.911609
-1.65833 0.916167
-1.65333 0.920748
-1.64832 0.925355
-1.64332 0.929987
-1.63832 0.934643
-1.63332 0.939324
-1.62831 0.94403
-1.62331 0.948761
-1.61831 0.953517
-1.61331 0.958298
-1.6083 0.963104
-1.6033 0.967934
-1.5983 0.97279
-1.5933 0.977671
-1.58829 0.982576
-1.58329 0.987507
-1.57829 0.992463
-1.57329 0.997443
-1.56828 1.00245
-1.56328 1.00748
-1.55828 1.01253
-1.55328 1.01762
-1.54827 1.02272
-1.54327 1.02785
-1.53827 1.03301
-1.53327 1.03819
-1.52826 1.04339
-1.52326 1.04862
-1.51826 1.05388
-1.51326 1.05916
-1.50825 1.06446
-1.50325 1.06979
-1.49825 1.07515
-1.49325 1.08052
-1.48824 1.08593
-1.48324 1.09136
-1.47824 1.09681
-1.47324 1.10229
-1.46823 1.10779
-1.46323 1.11332
-1.45823 1.11887
-1.45323 1.12444
-1.44822 1.13004
-1.44322 1.13567
-1.43822 1.14132
-1.43322 1.14699
-1.42821 1.15268
-1.42321 1.15841
-1.41821 1.16415
-1.41321 1.16992
-1.4082 1.17571
-1.4032 1.18153
-1.3982 1.18737
-1.3932 1.19323
-1.38819 1.19912
-1.38319 1.20503
-1.37819 1.21097
-1.37319 1.21692
-1.36818 1.2229
-1.36318 1.22891
-1.35818 1.23494
-1.35318 1.24099
-1.34817 1.24706
-1.34317 1.25315
-1.33817 1.25927
-1.33317 1.26541
-1.32816 1.27158
-1.32316 1.27776
-1.31816 1.28397
-1.31316 1.2902
-1.30815 1.29645
-1.30315 1.30272
-1.29815 1.30902
-1.29315 1.31533
-1.28814 1.32167
-1.28314 1.32803
-1.27814 1.33441
-1.27314 1.34081
-1.26813 1.34723
-1.26313 1.35368
-1.25813 1.36014
-1.25313 1.36662
-1.24812 1.37312
-1.24312 1.37965
-1.23812 1.38619
-1.23312 1.39275
-1.22811 1.39934
-1.22311 1.40594
-1.21811 1.41256
-1.21311 1.4192
-1.2081 1.42585
-1.2031 1.43253
-1.1981 1.43923
-1.1931 1.44594
-1.18809 1.45267
-1.18309 1.45942
-1.17809 1.46618
-1.17309 1.47297
-1.16808 1.47977
-1.16308 1.48658
-1.15808 1.49342
-1.15308 1.50027
-1.14807 1.50713
-1.14307 1.51402
-1.13807 1.52091
-1.13307 1.52783
-1.12806 1.53476
-1.12306 1.5417
-1.11806 1.54866
-1.11306 1.55563
-1.10805 1.56262
-1.10305 1.56962
-1.09805 1.57663
-1.09305 1.58366
-1.08804 1.5907
-1.08304 1.59775
-1.07804 1.60482
-1.07304 1.6119
-1.06803 1.61898
-1.06303 1.62609
-1.05803 1.6332
-1.05303 1.64032
-1.04802 1.64746
-1.04302 1.6546
-1.03802 1.66176
-1.03302 1.66892
-1.02801 1.6761
-1.02301 1.68328
-1.01801 1.69047
-1.01301 1.69767
-1.008 1.70488
-1.003 1.7121
-0.997999 1.71932
-0.992996 1.72655
-0.987994 1.73379
-0.982991 1.74104
-0.977989 1.74829
-0.972986 1.75554
-0.967984 1.7628
-0.962981 1.77007
-0.957979 1.77734
-0.952976 1.78462
-0.947974 1.7919
-0.942971 1.79918
-0.937969 1.80646
-0.932966 1.81375
-0.927964 1.82104
-0.922961 1.82834
-0.917959 1.83563
-0.912956 1.84293
-0.907954 1.85022
-0.902951 1.85752
-0.897949 1.86482
-0.892946 1.87211
-0.887944 1.87941
-0.882941 1.8867
-0.877939 1.89399
-0.872936 1.90128
-0.867934 1.90857
-0.862931 1.91585
-0.857929 1.92314
-0.852926 1.93041
-0.847924 1.93768
-0.842921 1.94495
-0.837919 1.95222
-0.832916 1.95947
-0.827914 1.96672
-0.822911 1.97397
-0.817909 1.9812
-0.812906 1.98843
-0.807904 1.99566
-0.802901 2.00287
-0.797899 2.01008
-0.792896 2.01727
-0.787894 2.02446
-0.782891 2.03163
-0.777889 2.0388
-0.772886 2.04595
-0.767884 2.05309
-0.762881 2.06022
-0.757879 2.06734
-0.752876 2.07444
-0.747874 2.08153
-0.742871 2.08861
-0.737869 2.09567
-0.732866 2.10272
-0.727864 2.10975
-0.722861 2.11676
-0.717859 2.12376
-0.712856 2.13074
-0.707854 2.13771
-0.702851 2.14465
-0.697849 2.15158
-0.692846 2.15849
-0.687844 2.16538
-0.682841 2.17225
-0.677839 2.1791
-0.672836 2.18592
-0.667834 2.19273
-0.662831 2.19951
-0.657829 2.20627
-0.652826 2.21301
-0.647824 2.21973
-0.642821 2.22642
-0.637819 2.23308
-0.632816 2.23972
-0.627814 2.24634
-0.622811 2.25293
-0.617809 2.25949
-0.612806 2.26602
-0.607804 2.27253
-0.602801 2.27901
-0.597799 2.28546
-0.592796 2.29188
-0.587794 2.29827
-0.582791 2.30464
-0.577789 2.31097
-0.572786 2.31727
-0.567784 2.32353
-0.562781 2.32977
-0.557779 2.33597
-0.552776 2.34214
-0.547774 2.34828
-0.542771 2.35438
-0.537769 2.36045
-0.532766 2.36648
-0.527764 2.37247
-0.522761 2.37843
-0.517759 2.38436
-0.512756 2.39024
-0.507754 2.39609
-0.502751 2.4019
-0.497749 2.40767
-0.492746 2.4134
-0.487744 2.41909
-0.482741 2.42474
-0.477739 2.43035
-0.472736 2.43592
-0.467734 2.44145
-0.462731 2.44694
-0.457729 2.45238
-0.452726 2.45778
-0.447724 2.46313
-0.442721 2.46845
-0.437719 2.47371
-0.432716 2.47894
-0.427714 2.48411
-0.422711 2.48925
-0.417709 2.49433
-0.412706 2.49937
-0.407704 2.50436
-0.402701 2.5093
-0.397699 2.5142
-0.392696 2.51904
-0.387694 2.52384
-0.382691 2.52859
-0.377689 2.53329
-0.372686 2.53793
-0.367684 2.54253
-0.362681 2.54708
-0.357679 2.55157
-0.352676 2.55601
-0.347674 2.5604
-0.342671 2.56474
-0.337669 2.56902
-0.332666 2.57325
-0.327664 2.57743
-0.322661 2.58155
-0.317659 2.58561
-0.312656 2.58962
-0.307654 2.59358
-0.302651 2.59748
-0.297649 2.60132
-0.292646 2.60511
-0.287644 2.60884
-0.282641 2.61251
-0.277639 2.61613
-0.272636 2.61968
-0.267634 2.62318
-0.262631 2.62662
-0.257629 2.63
-0.252626 2.63332
-0.247624 2.63658
-0.242621 2.63979
-0.237619 2.64293
-0.232616 2.64601
-0.227614 2.64903
-0.222611 2.65199
-0.217609 2.65488
-0.212606 2.65772
-0.207604 2.66049
-0.202601 2.6632
-0.197599 2.66585
-0.192596 2.66843
-0.187594 2.67096
-0.182591 2.67342
-0.177589 2.67581
-0.172586 2.67814
-0.167584 2.68041
-0.162581 2.68261
-0.157579 2.68475
-0.152576 2.68683
-0.147574 2.68883
-0.142571 2.69078
-0.137569 2.69266
-0.132566 2.69447
-0.127564 2.69622
-0.122561 2.6979
-0.117559 2.69952
-0.112556 2.70107
-0.107554 2.70255
-0.102551 2.70397
-0.0975488 2.70532
-0.0925463 2.7066
-0.0875438 2.70782
-0.0825413 2.70897
-0.0775388 2.71005
-0.0725363 2.71107
-0.0675338 2.71202
-0.0625313 2.7129
-0.0575288 2.71371
-0.0525263 2.71446
-0.0475238 2.71514
-0.0425213 2.71575
-0.0375188 2.71629
-0.0325163 2.71677
-0.0275138 2.71717
-0.0225113 2.71751
-0.0175088 2.71779
-0.0125063 2.71799
-0.00750375 2.71813
-0.00250125 2.71819
0.00250125 2.71819
0.00750375 2.71813
0.0125063 2.71799
0.0175088 2.71779
0.0225113 2.71751
0.0275138 2.71717
0.0325163 2.71677
0.0375188 2.71629
0.0425213 2.71575
0.0475238 2.71514
0.0525263 2.71446
0.0575288 2.71371
0.0625313 2.7129
0.0675338 2.71202
0.0725363 2.71107
0.0775388 2.71005
0.0825413 2.70897
0.0875438 2.70782
0.0925463 2.7066
0.0975488 2.70532
0.102551 2.70397
0.107554 2.70255
0.112556 2.70107
0.117559 2.69952
0.122561 2.6979
0.127564 2.69622
0.132566 2.69447
0.137569 2.69266
0.142571 2.69078
0.147574 2.68883
0.152576 2.68683
0.157579 2.68475
0.162581 2.68261
0.167584 2.68041
0.172586 2.67814
0.177589 2.67581
0.182591 2.67342
0.187594 2.67096
0.192596 2.66843
0.197599 2.66585
0.202601 2.6632
0.207604 2.66049
0.212606 2.65772
0.217609 2.65488
0.222611 2.65199
0.227614 2.64903
0.232616 2.64601
0.237619 2.64293
0.242621 2.63979
0.247624 2.63658
0.252626 2.63332
0.257629 2.63
0.262631 2.62662
0.267634 2.62318
0.272636 2.61968
0.277639 2.61613
0.282641 2.61251
0.287644 2.60884
0.292646 2.60511
0.297649 2.60132
0.302651 2.59748
0.307654 2.59358
0.312656 2.58962
0.317659 2.58561
0.322661 2.58155
0.327664 2.57743
0.332666 2.57325
0.337669 2.56902
0.342671 2.56474
0.347674 2.5604
0.352676 2.55601
0.357679 2.55157
0.362681 2.54708
0.367684 2.54253
0.372686 2.53793
0.377689 2.53329
0.382691 2.52859
0.387694 2.52384
0.392696 2.51904
0.397699 2.5142
0.402701 2.5093
0.407704 2.50436
0.412706 2.49937
0.417709 2.49433
0.422711 2.48925
0.427714 2.48411
0.432716 2.47894
0.437719 2.47371
0.442721 2.46845
0.447724 2.46313
0.452726 2.45778
0.457729 2.45238
0.462731 2.44694
0.467734 2.44145
0.472736 2.43592
0.477739 2.43035
0.482741 2.42474
0.487744 2.41909
0.492746 2.4134
0.497749 2.40767
0.502751 2.4019
0.507754 2.39609
0.512756 2.39024
0.517759 2.38436
0.522761 2.37843
0.527764 2.37247
0.532766 2.36648
0.537769 2.36045
0.542771 2.35438
0.547774 2.34828
0.552776 2.34214
0.557779 2.33597
0.562781 2.32977
0.567784 2.32353
0.572786 2.31727
0.577789 2.31097
0.582791 2.30464
0.587794 2.29827
0.592796 2.29188
0.597799 2.28546
0.602801 2.27901
0.607804 2.27253
0.612806 2.26602
0.617809 2.25949
0.622811 2.25293
0.627814 2.24634
0.632816 2.23972
0.637819 2.23308
0.642821 2.22642
0.647824 2.21973
0.652826 2.21301
0.657829 2.20627
0.662831 2.19951
0.667834 2.19273
0.672836 2.18592
0.677839 2.1791
0.682841 2.17225
0.687844 2.16538
0.692846 2.15849
0.697849 2.15158
0.702851 2.14465
0.707854 2.13771
0.712856 2.13074
0.717859 2.12376
0.722861 2.11676
0.727864 2.10975
0.732866 2.10272
0.737869 2.09567
0.742871 2.08861
0.747874 2.08153
0.752876 2.07444
0.757879 2.06734
0.762881 2.06022
0.767884 2.05309
0.772886 2.04595
0.777889 2.0388
0.782891 2.03163
0.787894 2.02446
0.792896 2.01727
0.797899 2.01008
0.802901 2.00287
0.807904 1.99566
0.812906 1.98843
0.817909 1.9812
0.822911 1.97397
0.827914 1.96672
0.832916 1.95947
0.837919 1.95222
0.842921 1.94495
0.847924 1.93768
0.852926 1.93041
0.857929 1.92314
0.862931 1.91585
0.867934 1.90857
0.872936 1.90128
0.877939 1.89399
0.882941 1.8867
0.887944 1.87941
0.892946 1.87211
0.897949 1.86482
0.902951 1.85752
0.907954 1.85022
0.912956 1.84293
0.917959 1.83563
0.922961 1.82834
0.927964 1.82104
0.932966 1.81375
0.937969 1.80646
0.942971 1.79918
0.947974 1.7919
0.952976 1.78462
0.957979 1.77734
0.962981 1.77007
0.967984 1.7628
0.972986 1.75554
0.977989 1.74829
0.982991 1.74104
0.987994 1.73379
0.992996 1.72655
0.997999 1.71932
1.003 1.7121
1.008 1.70488
1.01301 1.69767
1.01801 1.69047
1.02301 1.68328
1.02801 1.6761
1.03302 1.66892
1.03802 1.66176
1.04302 1.6546
1.04802 1.64746
1.05303 1.64032
1.05803 1.6332
1.06303 1.62609
1.06803 1.61898
1.07304 1.6119
1.07804 1.60482
1.08304 1.59775
1.08804 1.5907
1.09305 1.58366
1.09805 1.57663
1.10305 1.56962
1.10805 1.56262
1.11306 1.55563
1.11806 1.54866
1.12306 1.5417
1.12806 1.53476
1.13307 1.52783
1.13807 1.52091
1.14307 1.51402
1.14807 1.50713
1.15308 1.50027
1.15808 1.49342
1.16308 1.48658
1.16808 1.47977
1.17309 1.47297
1.17809 1.46618
1.18309 1.45942
1.18809 1.45267
1.1931 1.44594
1.1981 1.43923
1.2031 1.43253
1.2081 1.42585
1.21311 1.4192
1.21811 1.41256
1.22311 1.40594
1.22811 1.39934
1.23312 1.39275
1.23812 1.38619
1.24312 1.37965
1.24812 1.37312
1.25313 1.36662
1.25813 1.36014
1.26313 1.35368
1.26813 1.34723
1.27314 1.34081
1.27814 1.33441
1.28314 1.32803
1.28814 1.32167
1.29315 1.31533
1.29815 1.30902
1.30315 1.30272
1.30815 1.29645
1.31316 1.2902
1.31816 1.28397
1.32316 1.27776
1.32816 1.27158
1.33317 1.26541
1.33817 1.25927
1.34317 1.25315
1.34817 1.24706
1.35318 1.24099
1.35818 1.23494
1.36318 1.22891
1.36818 1.2229
1.37319 1.21692
1.37819 1.21097
1.38319 1.20503
1.38819 1.19912
1.3932 1.19323
1.3982 1.18737
1.4032 1.18153
1.4082 1.17571
1.41321 1.16992
1.41821 1.16415
1.42321 1.15841
1.42821 1.15268
1.43322 1.14699
1.43822 1.14132
1.44322 1.13567
1.44822 1.13004
1.45323 1.12444
1.45823 1.11887
1.46323 1.11332
1.46823 1.10779
1.47324 1.10229
1.47824 1.09681
1.48324 1.09136
1.48824 1.08593
1.49325 1.08052
1.49825 1.07515
1.50325 1.06979
1.50825 1.06446
1.51326 1.05916
1.51826 1.05388
1.52326 1.04862
1.52826 1.04339
1.53327 1.03819
1.53827 1.03301
1.54327 1.02785
1.54827 1.02272
1.55328 1.01762
1.55828 1.01253
1.56328 1.00748
1.56828 1.00245
1.57329 0.997443
1.57829 0.992463
1.58329 0.987507
1.58829 0.982576
1.5933 0.977671
1.5983 0.97279
1.6033 0.967934
1.6083 0.963104
1.61331 0.958298
1.61831 0.953517
1.62331 0.948761
1.62831 0.94403
1.63332 0.939324
1.63832 0.934643
1.64332 0.929987
1.64832 0.925355
1.65333 0.920748
1.65833 0.916167
1.66333 0.911609
1.66833 0.907077
1.67334 0.902569
1.67834 0.898086
1.68334 0.893628
1.68834 0.889195
1.69335 0.884785
1.69835 0.880401
1.70335 0.876041
1.70835 0.871705
1.71336 0.867394
1.71836 0.863108
1.72336 0.858846
1.72836 0.854608
1.73337 0.850394
1.73837 0.846205
1.74337 0.842039
1.74837 0.837898
1.75338 0.833781
1.75838 0.829688
1.76338 0.825619
1.76838 0.821574
1.77339 0.817553
1.77839 0.813556
1.78339 0.809583
1.78839 0.805633
1.7934 0.801707
1.7984 0.797804
1.8034 0.793925
1.8084 0.79007
1.81341 0.786238
1.81841 0.78243
1.82341 0.778644
1.82841 0.774882
1.83342 0.771144
1.83842 0.767428
1.84342 0.763735
1.84842 0.760066
1.85343 0.756419
1.85843 0.752795
1.86343 0.749194
1.86843 0.745616
1.87344 0.742061
1.87844 0.738528
1.88344 0.735017
1.88844 0.731529
1.89345 0.728063
1.89845 0.72462
1.90345 0.721199
1.90845 0.7178
1.91346 0.714423
1.91846 0.711068
1.92346 0.707735
1.92846 0.704424
1.93347 0.701134
1.93847 0.697867
1.94347 0.694621
1.94847 0.691396
1.95348 0.688193
1.95848 0.685011
1.96348 0.681851
1.96848 0.678711
1.97349 0.675593
1.97849 0.672496
1.98349 0.66942
1.98849 0.666365
1.9935 0.663331
1.9985 0.660317
2.0035 0.657324
2.0085 0.654351
2.01351 0.651399
2.01851 0.648468
2.02351 0.645556
2.02851 0.642665
2.03352 0.639794
2.03852 0.636943
2.04352 0.634112
2.04852 0.631301
2.05353 0.628509
2.05853 0.625738
2.06353 0.622985
2.06853 0.620253
2.07354 0.61754
2.07854 0.614846
2.08354 0.612171
2.08854 0.609516
2.09355 0.606879
2.09855 0.604262
2.10355 0.601664
2.10855 0.599084
2.11356 0.596523
2.11856 0.593981
2.12356 0.591457
2.12856 0.588952
2.13357 0.586465
2.13857 0.583996
2.14357 0.581546
2.14857 0.579113
2.15358 0.576699
2.15858 0.574303
2.16358 0.571924
2.16858 0.569563
2.17359 0.56722
2.17859 0.564895
2.18359 0.562587
2.18859 0.560296
2.1936 0.558023
2.1986 0.555767
2.2036 0.553528
2.2086 0.551306
2.21361 0.549101
2.21861 0.546913
2.22361 0.544742
2.22861 0.542587
2.23362 0.540449
2.23862 0.538328
2.24362 0.536223
2.24862 0.534135
2.25363 0.532062
2.25863 0.530006
2.26363 0.527967
2.26863 0.525943
2.27364 0.523935
2.27864 0.521943
2.28364 0.519967
2.28864 0.518006
2.29365 0.516062
2.29865 0.514132
2.30365 0.512219
2.30865 0.51032
2.31366 0.508437
2.31866 0.50657
2.32366 0.504717
2.32866 0.50288
2.33367 0.501057
2.33867 0.49925
2.34367 0.497457
2.34867 0.495679
2.35368 0.493916
2.35868 0.492167
2.36368 0.490434
2.36868 0.488714
2.37369 0.487009
2.37869 0.485319
2.38369 0.483642
2.38869 0.48198
2.3937 0.480332
2.3987 0.478698
2.4037 0.477079
2.4087 0.475473
2.41371 0.473881
2.41871 0.472303
2.42371 0.470738
2.42871 0.469187
2.43372 0.46765
2.43872 0.466127
2.44372 0.464617
2.44872 0.46312
2.45373 0.461637
2.45873 0.460167
2.46373 0.458711
2.46873 0.457268
2.47374 0.455838
2.47874 0.45442
2.48374 0.453017
2.48874 0.451626
2.49375 0.450247
2.49875 0.448882
2.50375 0.44753
2.50875 0.446191
2.51376 0.444864
2.51876 0.44355
2.52376 0.442248
2.52876 0.440959
2.53377 0.439683
2.53877 0.438419
2.54377 0.437168
2.54877 0.435929
2.55378 0.434702
2.55878 0.433488
2.56378 0.432286
2.56878 0.431096
2.57379 0.429919
2.57879 0.428753
2.58379 0.4276
2.58879 0.426459
2.5938 0.42533
2.5988 0.424212
2.6038 0.423107
2.6088 0.422014
2.61381 0.420932
2.61881 0.419863
2.62381 0.418805
2.62881 0.417759
2.63382 0.416725
2.63882 0.415703
2.64382 0.414692
2.64882 0.413693
2.65383 0.412705
2.65883 0.411729
2.66383 0.410765
2.66883 0.409812
2.67384 0.40887
2.67884 0.407941
2.68384 0.407022
2.68884 0.406115
2.69385 0.405219
2.69885 0.404335
2.70385 0.403462
2.70885 0.402601
2.71386 0.40175
2.71886 0.400911
2.72386 0.400083
2.72886 0.399267
2.73387 0.398461
2.73887 0.397667
2.74387 0.396884
2.74887 0.396112
2.75388 0.395351
2.75888 0.394601
2.76388 0.393862
2.76888 0.393134
2.77389 0.392417
2.77889 0.391711
2.78389 0.391016
2.78889 0.390332
2.7939 0.389659
2.7989 0.388996
2.8039 0.388345
2.8089 0.387704
2.81391 0.387074
2.81891 0.386455
2.82391 0.385847
2.82891 0.385249
2.83392 0.384662
2.83892 0.384086
2.84392 0.38352
2.84892 0.382965
2.85393 0.382421
2.85893 0.381887
2.86393 0.381364
2.86893 0.380851
2.87394 0.380348
2.87894 0.379857
2.88394 0.379375
2.88894 0.378904
2.89395 0.378443
2.89895 0.377993
2.90395 0.377553
2.90895 0.377123
2.91396 0.376704
2.91896 0.376295
2.92396 0.375896
2.92896 0.375507
2.93397 0.375128
2.93897 0.374759
2.94397 0.374401
2.94897 0.374052
2.95398 0.373714
2.95898 0.373385
2.96398 0.373066
2.96898 0.372757
2.97399 0.372458
2.97899 0.372169
2.98399 0.37189
2.98899 0.37162
2.994 0.37136
2.999 0.37111
3.004 0.370869
3.009 0.370638
3.01401 0.370416
3.01901 0.370204
3.02401 0.370001
3.02901 0.369808
3.03402 0.369624
3.03902 0.369449
3.04402 0.369284
3.04902 0.369128
3.05403 0.368981
3.05903 0.368843
3.06403 0.368714
3.06903 0.368594
3.07404 0.368483
3.07904 0.368381
3.08404 0.368288
3.08904 0.368204
3.09405 0.368128
3.09905 0.368061
3.10405 0.368003
3.10905 0.367954
3.11406 0.367913
3.11906 0.367881
3.12406 0.367857
3.12906 0.367841
3.13407 0.367834
3.13907 0.367835
3.14407 0.367845
3.14907 0.367862
3.15408 0.367888
3.15908 0.367922
3.16408 0.367964
3.16908 0.368014
3.17409 0.368072
3.17909 0.368138
3.18409 0.368212
3.18909 0.368293
3.1941 0.368382
3.1991 0.368479
3.2041 0.368584
3.2091 0.368696
3.21411 0.368816
3.21911 0.368944
3.22411 0.369078
3.22911 0.369221
3.23412 0.36937
3.23912 0.369527
3.24412 0.369692
3.24912 0.369863
3.25413 0.370042
3.25913 0.370228
3.26413 0.370422
3.26913 0.370622
3.27414 0.37083
3.27914 0.371044
3.28414 0.371266
3.28914 0.371495
3.29415 0.37173
3.29915 0.371973
3.30415 0.372223
3.30915 0.372479
3.31416 0.372743
3.31916 0.373013
3.32416 0.373291
3.32916 0.373575
3.33417 0.373867
3.33917 0.374165
3.34417 0.37447
3.34917 0.374782
3.35418 0.375101
3.35918 0.375427
3.36418 0.375759
3.36918 0.376099
3.37419 0.376446
3.37919 0.3768
3.38419 0.377161
3.38919 0.377529
3.3942 0.377904
3.3992 0.378286
3.4042 0.378675
3.4092 0.379072
3.41421 0.379476
3.41921 0.379887
3.42421 0.380306
3.42921 0.380732
3.43422 0.381166
3.43922 0.381607
3.44422 0.382056
3.44922 0.382513
3.45423 0.382977
3.45923 0.38345
3.46423 0.38393
3.46923 0.384419
3.47424 0.384916
3.47924 0.385421
3.48424 0.385935
3.48924 0.386457
3.49425 0.386988
3.49925 0.387527
3.50425 0.388076
3.50925 0.388634
3.51426 0.3892
3.51926 0.389777
3.52426 0.390362
3.52926 0.390958
3.53427 0.391563
3.53927 0.392178
3.54427 0.392803
3.54927 0.393439
3.55428 0.394085
3.55928 0.394742
3.56428 0.395409
3.56928 0.396088
3.57429 0.396778
3.57929 0.397479
3.58429 0.398192
3.58929 0.398917
3.5943 0.399653
3.5993 0.400402
3.6043 0.401164
3.6093 0.401938
3.61431 0.402724
3.61931 0.403524
3.62431 0.404338
3.62931 0.405165
3.63432 0.406005
3.63932 0.40686
3.64432 0.407729
3.64932 0.408613
3.65433 0.409511
3.65933 0.410424
3.66433 0.411352
3.66933 0.412296
3.67434 0.413256
3.67934 0.414231
3.68434 0.415223
3.68934 0.416231
3.69435 0.417256
3.69935 0.418297
3.70435 0.419356
3.70935 0.420432
3.71436 0.421526
3.71936 0.422638
3.72436 0.423768
3.72936 0.424916
3.73437 0.426082
3.73937 0.427268
3.74437 0.428472
3.74937 0.429695
3.75438 0.430938
3.75938 0.432201
3.76438 0.433483
3.76938 0.434786
3.77439 0.436108
3.77939 0.437451
3.78439 0.438814
3.78939 0.440198
3.7944 0.441603
3.7994 0.443029
3.8044 0.444476
3.8094 0.445944
3.81441 0.447434
3.81941 0.448945
3.82441 0.450477
3.82941 0.452031
3.83442 0.453607
3.83942 0.455204
3.84442 0.456823
3.84942 0.458464
3.85443 0.460127
3.85943 0.461812
3.86443 0.463518
3.86943 0.465246
3.87444 0.466995
3.87944 0.468766
3.88444 0.470559
3.88944 0.472373
3.89445 0.474208
3.89945 0.476064
3.90445 0.477941
3.90945 0.479838
3.91446 0.481756
3.91946 0.483694
3.92446 0.485653
3.92946 0.48763
3.93447 0.489627
3.93947 0.491643
3.94447 0.493677
3.94947 0.49573
3.95448 0.4978
3.95948 0.499888
3.96448 0.501992
3.96948 0.504113
3.97449 0.506249
3.97949 0.508401
3.98449 0.510567
3.98949 0.512747
3.9945 0.514941
3.9995 0.517147
4.0045 0.519365
4.0095 0.521594
4.01451 0.523833
4.01951 0.526082
4.02451 0.52834
4.02951 0.530605
4.03452 0.532877
4.03952 0.535155
4.04452 0.537438
4.04952 0.539725
4.05453 0.542015
4.05953 0.544306
4.06453 0.546598
4.06953 0.54889
4.07454 0.55118
4.07954 0.553466
4.08454 0.555749
4.08954 0.558026
4.09455 0.560297
4.09955 0.562559
4.10455 0.564811
4.10955 0.567053
4.11456 0.569282
4.11956 0.571497
4.12456 0.573697
4.12956 0.57588
4.13457 0.578044
4.13957 0.580188
4.14457 0.582311
4.14957 0.58441
4.15458 0.586483
4.15958 0.58853
4.16458 0.590549
4.16958 0.592537
4.17459 0.594493
4.17959 0.596415
4.18459 0.598301
4.18959 0.60015
4.1946 0.60196
4.1996 0.603728
4.2046 0.605454
4.2096 0.607134
4.21461 0.608768
4.21961 0.610353
4.22461 0.611888
4.22961 0.61337
4.23462 0.614797
4.23962 0.616169
4.24462 0.617482
4.24962 0.618736
4.25463 0.619927
4.25963 0.621055
4.26463 0.622118
4.26963 0.623114
4.27464 0.62404
4.27964 0.624896
4.28464 0.625679
4.28964 0.626388
4.29465 0.627022
4.29965 0.627578
4.30465 0.628055
4.30965 0.628452
4.31466 0.628767
4.31966 0.628999
4.32466 0.629146
4.32966 0.629208
4.33467 0.629182
4.33967 0.629069
4.34467 0.628867
4.34967 0.628574
4.35468 0.628191
4.35968 0.627717
4.36468 0.62715
4.36968 0.62649
4.37469 0.625738
4.37969 0.624891
4.38469 0.623952
4.38969 0.622918
4.3947 0.621791
4.3997 0.620571
4.4047 0.619258
4.4097 0.617852
4.41471 0.616354
4.41971 0.614766
4.42471 0.613087
4.42971 0.61132
4.43472 0.609466
4.43972 0.607525
4.44472 0.605501
4.44972 0.603394
4.45473 0.601208
4.45973 0.598943
4.46473 0.596604
4.46973 0.594193
4.47474 0.591712
4.47974 0.589165
4.48474 0.586556
4.48974 0.583889
4.49475 0.581166
4.49975 0.578394
4.50475 0.575575
4.50975 0.572715
4.51476 0.569819
4.51976 0.566892
4.52476 0.56394
4.52976 0.560969
4.53477 0.557985
4.53977 0.554994
4.54477 0.552004
4.54977 0.54902
4.55478 0.546051
4.55978 0.543105
4.56478 0.540188
4.56978 0.53731
4.57479 0.534479
4.57979 0.531703
4.58479 0.528993
4.58979 0.526356
4.5948 0.523805
4.5998 0.521347
4.6048 0.518994
4.6098 0.516756
4.61481 0.514644
4.61981 0.512669
4.62481 0.510843
4.62981 0.509178
4.63482 0.507684
4.63982 0.506376
4.64482 0.505265
4.64982 0.504363
4.65483 0.503684
4.65983 0.50324
4.66483 0.503046
4.66983 0.503113
4.67484 0.503457
4.67984 0.50409
4.68484 0.505026
4.68984 0.506279
4.69485 0.507862
4.69985 0.509791
4.70485 0.512078
4.70985 0.514737
4.71486 0.517782
4.71986 0.521227
4.72486 0.525085
4.72986 0.529369
4.73487 0.534093
4.73987 0.539268
4.74487 0.544908
4.74987 0.551024
4.75488 0.557628
4.75988 0.564731
4.76488 0.572343
4.76988 0.580474
4.77489 0.589134
4.77989 0.59833
4.78489 0.60807
4.78989 0.61836
4.7949 0.629207
4.7999 0.640614
4.8049 0.652585
4.8099 0.665122
4.81491 0.678225
4.81991 0.691893
4.82491 0.706123
4.82991 0.720912
4.83492 0.736252
4.83992 0.752136
4.84492 0.768554
4.84992 0.785492
4.85493 0.802936
4.85993 0.820867
4.86493 0.839266
4.86993 0.858109
4.87494 0.87737
4.87994 0.897019
4.88494 0.917023
4.88994 0.937345
4.89495 0.957945
4.89995 0.978776
4.90495 0.999792
4.90995 1.02094
4.91496 1.04215
4.91996 1.06338
4.92496 1.08454
4.92996 1.10557
4.93497 1.12638
4.93997 1.14689
4.94497 1.167
4.94997 1.18662
4.95498 1.20564
4.95998 1.22393
4.96498 1.24139
4.96998 1.25788
4.97499 1.27326
4.97999 1.28738
4.98499 1.30009
4.98999 1.31121
4.995 1.32057
5 1.32798
