-3 0.371568
-2.99399 0.371898
-2.98799 0.372239
-2.98198 0.372592
-2.97598 0.372958
-2.96997 0.373335
-2.96396 0.373726
-2.95796 0.374129
-2.95195 0.374545
-2.94595 0.374975
-2.93994 0.375418
-2.93393 0.375874
-2.92793 0.376345
-2.92192 0.376829
-2.91592 0.377327
-2.90991 0.377839
-2.9039 0.378365
-2.8979 0.378905
-2.89189 0.37946
-2.88589 0.380029
-2.87988 0.380612
-2.87387 0.38121
-2.86787 0.381822
-2.86186 0.382448
-2.85586 0.383089
-2.84985 0.383745
-2.84384 0.384416
-2.83784 0.3851
-2.83183 0.3858
-2.82583 0.386514
-2.81982 0.387244
-2.81381 0.387987
-2.80781 0.388746
-2.8018 0.38952
-2.7958 0.390308
-2.78979 0.391111
-2.78378 0.391929
-2.77778 0.392763
-2.77177 0.393611
-2.76577 0.394474
-2.75976 0.395353
-2.75375 0.396247
-2.74775 0.397155
-2.74174 0.39808
-2.73574 0.399019
-2.72973 0.399974
-2.72372 0.400944
-2.71772 0.40193
-2.71171 0.402932
-2.70571 0.403949
-2.6997 0.404982
-2.69369 0.40603
-2.68769 0.407095
-2.68168 0.408175
-2.67568 0.409271
-2.66967 0.410384
-2.66366 0.411512
-2.65766 0.412657
-2.65165 0.413818
-2.64565 0.414995
-2.63964 0.416189
-2.63363 0.4174
-2.62763 0.418627
-2.62162 0.41987
-2.61562 0.421131
-2.60961 0.422408
-2.6036 0.423703
-2.5976 0.425015
-2.59159 0.426343
-2.58559 0.427689
-2.57958 0.429053
-2.57357 0.430434
-2.56757 0.431832
-2.56156 0.433248
-2.55556 0.434682
-2.54955 0.436134
-2.54354 0.437604
-2.53754 0.439092
-2.53153 0.440598
-2.52553 0.442122
-2.51952 0.443664
-2.51351 0.445225
-2.50751 0.446805
-2.5015 0.448403
-2.4955 0.450021
-2.48949 0.451657
-2.48348 0.453312
-2.47748 0.454986
-2.47147 0.456679
-2.46547 0.458392
-2.45946 0.460124
-2.45345 0.461876
-2.44745 0.463647
-2.44144 0.465438
-2.43544 0.467249
-2.42943 0.46908
-2.42342 0.470931
-2.41742 0.472803
-2.41141 0.474694
-2.40541 0.476606
-2.3994 0.478539
-2.39339 0.480492
-2.38739 0.482466
-2.38138 0.484461
-2.37538 0.486477
-2.36937 0.488515
-2.36336 0.490573
-2.35736 0.492653
-2.35135 0.494754
-2.34535 0.496877
-2.33934 0.499022
-2.33333 0.501188
-2.32733 0.503376
-2.32132 0.505587
-2.31532 0.50782
-2.30931 0.510075
-2.3033 0.512352
-2.2973 0.514653
-2.29129 0.516975
-2.28529 0.519321
-2.27928 0.52169
-2.27327 0.524082
-2.26727 0.526497
-2.26126 0.528935
-2.25526 0.531397
-2.24925 0.533882
-2.24324 0.536392
-2.23724 0.538925
-2.23123 0.541482
-2.22523 0.544063
-2.21922 0.546668
-2.21321 0.549298
-2.20721 0.551953
-2.2012 0.554632
-2.1952 0.557336
-2.18919 0.560065
-2.18318 0.562818
-2.17718 0.565598
-2.17117 0.568402
-2.16517 0.571232
-2.15916 0.574088
-2.15315 0.576969
-2.14715 0.579876
-2.14114 0.58281
-2.13514 0.585769
-2.12913 0.588755
-2.12312 0.591768
-2.11712 0.594807
-2.11111 0.597872
-2.10511 0.600965
-2.0991 0.604085
-2.09309 0.607232
-2.08709 0.610406
-2.08108 0.613607
-2.07508 0.616837
-2.06907 0.620094
-2.06306 0.623379
-2.05706 0.626692
-2.05105 0.630033
-2.04505 0.633402
-2.03904 0.6368
-2.03303 0.640227
-2.02703 0.643682
-2.02102 0.647167
-2.01502 0.65068
-2.00901 0.654222
-2.003 0.657794
-1.997 0.661396
-1.99099 0.665026
-1.98498 0.668687
-1.97898 0.672378
-1.97297 0.676098
-1.96697 0.679849
-1.96096 0.68363
-1.95495 0.687442
-1.94895 0.691284
-1.94294 0.695157
-1.93694 0.699061
-1.93093 0.702996
-1.92492 0.706962
-1.91892 0.710959
-1.91291 0.714988
-1.90691 0.719048
-1.9009 0.72314
-1.89489 0.727264
-1.88889 0.73142
-1.88288 0.735608
-1.87688 0.739828
-1.87087 0.74408
-1.86486 0.748365
-1.85886 0.752682
-1.85285 0.757032
-1.84685 0.761415
-1.84084 0.765831
-1.83483 0.77028
-1.82883 0.774762
-1.82282 0.779277
-1.81682 0.783826
-1.81081 0.788409
-1.8048 0.793025
-1.7988 0.797674
-1.79279 0.802358
-1.78679 0.807075
-1.78078 0.811827
-1.77477 0.816613
-1.76877 0.821433
-1.76276 0.826287
-1.75676 0.831176
-1.75075 0.836099
-1.74474 0.841057
-1.73874 0.84605
-1.73273 0.851078
-1.72673 0.85614
-1.72072 0.861238
-1.71471 0.86637
-1.70871 0.871538
-1.7027 0.876741
-1.6967 0.881979
-1.69069 0.887252
-1.68468 0.892561
-1.67868 0.897906
-1.67267 0.903286
-1.66667 0.908701
-1.66066 0.914152
-1.65465 0.919639
-1.64865 0.925162
-1.64264 0.93072
-1.63664 0.936314
-1.63063 0.941945
-1.62462 0.947611
-1.61862 0.953313
-1.61261 0.959051
-1.60661 0.964825
-1.6006 0.970635
-1.59459 0.976481
-1.58859 0.982363
-1.58258 0.988281
-1.57658 0.994235
-1.57057 1.00023
-1.56456 1.00625
-1.55856 1.01231
-1.55255 1.01841
-1.54655 1.02455
-1.54054 1.03072
-1.53453 1.03692
-1.52853 1.04317
-1.52252 1.04945
-1.51652 1.05576
-1.51051 1.06211
-1.5045 1.0685
-1.4985 1.07492
-1.49249 1.08138
-1.48649 1.08787
-1.48048 1.0944
-1.47447 1.10096
-1.46847 1.10756
-1.46246 1.1142
-1.45646 1.12087
-1.45045 1.12758
-1.44444 1.13432
-1.43844 1.14109
-1.43243 1.14791
-1.42643 1.15475
-1.42042 1.16163
-1.41441 1.16855
-1.40841 1.1755
-1.4024 1.18248
-1.3964 1.1895
-1.39039 1.19656
-1.38438 1.20364
-1.37838 1.21076
-1.37237 1.21792
-1.36637 1.22511
-1.36036 1.23233
-1.35435 1.23958
-1.34835 1.24687
-1.34234 1.25419
-1.33634 1.26154
-1.33033 1.26893
-1.32432 1.27635
-1.31832 1.2838
-1.31231 1.29128
-1.30631 1.29879
-1.3003 1.30633
-1.29429 1.31391
-1.28829 1.32152
-1.28228 1.32915
-1.27628 1.33682
-1.27027 1.34452
-1.26426 1.35225
-1.25826 1.36
-1.25225 1.36779
-1.24625 1.3756
-1.24024 1.38345
-1.23423 1.39132
-1.22823 1.39922
-1.22222 1.40715
-1.21622 1.41511
-1.21021 1.42309
-1.2042 1.4311
-1.1982 1.43914
-1.19219 1.4472
-1.18619 1.45529
-1.18018 1.4634
-1.17417 1.47154
-1.16817 1.4797
-1.16216 1.48789
-1.15616 1.4961
-1.15015 1.50433
-1.14414 1.51259
-1.13814 1.52087
-1.13213 1.52918
-1.12613 1.5375
-1.12012 1.54585
-1.11411 1.55421
-1.10811 1.5626
-1.1021 1.57101
-1.0961 1.57943
-1.09009 1.58788
-1.08408 1.59634
-1.07808 1.60483
-1.07207 1.61333
-1.06607 1.62184
-1.06006 1.63038
-1.05405 1.63893
-1.04805 1.64749
-1.04204 1.65607
-1.03604 1.66467
-1.03003 1.67327
-1.02402 1.6819
-1.01802 1.69053
-1.01201 1.69918
-1.00601 1.70783
-1 1.7165
-0.993994 1.72518
-0.987988 1.73387
-0.981982 1.74257
-0.975976 1.75128
-0.96997 1.75999
-0.963964 1.76872
-0.957958 1.77745
-0.951952 1.78618
-0.945946 1.79492
-0.93994 1.80367
-0.933934 1.81242
-0.927928 1.82117
-0.921922 1.82993
-0.915916 1.83869
-0.90991 1.84744
-0.903904 1.8562
-0.897898 1.86496
-0.891892 1.87372
-0.885886 1.88248
-0.87988 1.89124
-0.873874 1.89999
-0.867868 1.90874
-0.861862 1.91748
-0.855856 1.92622
-0.84985 1.93496
-0.843844 1.94368
-0.837838 1.9524
-0.831832 1.96111
-0.825826 1.96982
-0.81982 1.97851
-0.813814 1.98719
-0.807808 1.99586
-0.801802 2.00452
-0.795796 2.01317
-0.78979 2.0218
-0.783784 2.03042
-0.777778 2.03902
-0.771772 2.0476
-0.765766 2.05617
-0.75976 2.06472
-0.753754 2.07326
-0.747748 2.08177
-0.741742 2.09026
-0.735736 2.09873
-0.72973 2.10718
-0.723724 2.11561
-0.717718 2.12401
-0.711712 2.13239
-0.705706 2.14074
-0.6997 2.14907
-0.693694 2.15737
-0.687688 2.16564
-0.681682 2.17388
-0.675676 2.1821
-0.66967 2.19028
-0.663664 2.19843
-0.657658 2.20655
-0.651652 2.21463
-0.645646 2.22268
-0.63964 2.2307
-0.633634 2.23868
-0.627628 2.24662
-0.621622 2.25453
-0.615616 2.2624
-0.60961 2.27022
-0.603604 2.27801
-0.597598 2.28576
-0.591592 2.29346
-0.585586 2.30112
-0.57958 2.30874
-0.573574 2.31631
-0.567568 2.32384
-0.561562 2.33132
-0.555556 2.33875
-0.54955 2.34614
-0.543544 2.35347
-0.537538 2.36076
-0.531532 2.36799
-0.525526 2.37518
-0.51952 2.38231
-0.513514 2.38938
-0.507508 2.3964
-0.501502 2.40337
-0.495495 2.41028
-0.489489 2.41714
-0.483483 2.42394
-0.477477 2.43067
-0.471471 2.43735
-0.465465 2.44397
-0.459459 2.45053
-0.453453 2.45702
-0.447447 2.46346
-0.441441 2.46983
-0.435435 2.47613
-0.429429 2.48237
-0.423423 2.48855
-0.417417 2.49465
-0.411411 2.50069
-0.405405 2.50666
-0.399399 2.51257
-0.393393 2.5184
-0.387387 2.52416
-0.381381 2.52985
-0.375375 2.53547
-0.369369 2.54102
-0.363363 2.54649
-0.357357 2.55189
-0.351351 2.55721
-0.345345 2.56246
-0.339339 2.56763
-0.333333 2.57272
-0.327327 2.57774
-0.321321 2.58267
-0.315315 2.58753
-0.309309 2.59231
-0.303303 2.59701
-0.297297 2.60162
-0.291291 2.60616
-0.285285 2.61061
-0.279279 2.61498
-0.273273 2.61927
-0.267267 2.62347
-0.261261 2.62759
-0.255255 2.63162
-0.249249 2.63557
-0.243243 2.63943
-0.237237 2.6432
-0.231231 2.64689
-0.225225 2.65049
-0.219219 2.654
-0.213213 2.65742
-0.207207 2.66075
-0.201201 2.66399
-0.195195 2.66714
-0.189189 2.6702
-0.183183 2.67317
-0.177177 2.67605
-0.171171 2.67883
-0.165165 2.68153
-0.159159 2.68413
-0.153153 2.68663
-0.147147 2.68905
-0.141141 2.69137
-0.135135 2.69359
-0.129129 2.69573
-0.123123 2.69776
-0.117117 2.6997
-0.111111 2.70155
-0.105105 2.7033
-0.0990991 2.70496
-0.0930931 2.70651
-0.0870871 2.70798
-0.0810811 2.70934
-0.0750751 2.71061
-0.0690691 2.71178
-0.0630631 2.71286
-0.0570571 2.71384
-0.0510511 2.71472
-0.045045 2.7155
-0.039039 2.71618
-0.033033 2.71677
-0.027027 2.71726
-0.021021 2.71765
-0.015015 2.71795
-0.00900901 2.71814
-0.003003 2.71824
0.003003 2.71824
0.00900901 2.71814
0.015015 2.71795
0.021021 2.71765
0.027027 2.71726
0.033033 2.71677
0.039039 2.71618
0.045045 2.7155
0.0510511 2.71472
0.0570571 2.71384
0.0630631 2.71286
0.0690691 2.71178
0.0750751 2.71061
0.0810811 2.70934
0.0870871 2.70798
0.0930931 2.70651
0.0990991 2.70496
0.105105 2.7033
0.111111 2.70155
0.117117 2.6997
0.123123 2.69776
0.129129 2.69573
0.135135 2.69359
0.141141 2.69137
0.147147 2.68905
0.153153 2.68663
0.159159 2.68413
0.165165 2.68153
0.171171 2.67883
0.177177 2.67605
0.183183 2.67317
0.189189 2.6702
0.195195 2.66714
0.201201 2.66399
0.207207 2.66075
0.213213 2.65742
0.219219 2.654
0.225225 2.65049
0.231231 2.64689
0.237237 2.6432
0.243243 2.63943
0.249249 2.63557
0.255255 2.63162
0.261261 2.62759
0.267267 2.62347
0.273273 2.61927
0.279279 2.61498
0.285285 2.61061
0.291291 2.60616
0.297297 2.60162
0.303303 2.59701
0.309309 2.59231
0.315315 2.58753
0.321321 2.58267
0.327327 2.57774
0.333333 2.57272
0.339339 2.56763
0.345345 2.56246
0.351351 2.55721
0.357357 2.55189
0.363363 2.54649
0.369369 2.54102
0.375375 2.53547
0.381381 2.52985
0.387387 2.52416
0.393393 2.5184
0.399399 2.51257
0.405405 2.50666
0.411411 2.50069
0.417417 2.49465
0.423423 2.48855
0.429429 2.48237
0.435435 2.47613
0.441441 2.46983
0.447447 2.46346
0.453453 2.45702
0.459459 2.45053
0.465465 2.44397
0.471471 2.43735
0.477477 2.43067
0.483483 2.42394
0.489489 2.41714
0.495495 2.41028
0.501502 2.40337
0.507508 2.3964
0.513514 2.38938
0.51952 2.38231
0.525526 2.37518
0.531532 2.36799
0.537538 2.36076
0.543544 2.35347
0.54955 2.34614
0.555556 2.33875
0.561562 2.33132
0.567568 2.32384
0.573574 2.31631
0.57958 2.30874
0.585586 2.30112
0.591592 2.29346
0.597598 2.28576
0.603604 2.27801
0.60961 2.27022
0.615616 2.2624
0.621622 2.25453
0.627628 2.24662
0.633634 2.23868
0.63964 2.2307
0.645646 2.22268
0.651652 2.21463
0.657658 2.20655
0.663664 2.19843
0.66967 2.19028
0.675676 2.1821
0.681682 2.17388
0.687688 2.16564
0.693694 2.15737
0.6997 2.14907
0.705706 2.14074
0.711712 2.13239
0.717718 2.12401
0.723724 2.11561
0.72973 2.10718
0.735736 2.09873
0.741742 2.09026
0.747748 2.08177
0.753754 2.07326
0.75976 2.06472
0.765766 2.05617
0.771772 2.0476
0.777778 2.03902
0.783784 2.03042
0.78979 2.0218
0.795796 2.01317
0.801802 2.00452
0.807808 1.99586
0.813814 1.98719
0.81982 1.97851
0.825826 1.96982
0.831832 1.96111
0.837838 1.9524
0.843844 1.94368
0.84985 1.93496
0.855856 1.92622
0.861862 1.91748
0.867868 1.90874
0.873874 1.89999
0.87988 1.89124
0.885886 1.88248
0.891892 1.87372
0.897898 1.86496
0.903904 1.8562
0.90991 1.84744
0.915916 1.83869
0.921922 1.82993
0.927928 1.82117
0.933934 1.81242
0.93994 1.80367
0.945946 1.79492
0.951952 1.78618
0.957958 1.77745
0.963964 1.76872
0.96997 1.75999
0.975976 1.75128
0.981982 1.74257
0.987988 1.73387
0.993994 1.72518
1 1.7165
1.00601 1.70783
1.01201 1.69918
1.01802 1.69053
1.02402 1.6819
1.03003 1.67327
1.03604 1.66467
1.04204 1.65607
1.04805 1.64749
1.05405 1.63893
1.06006 1.63038
1.06607 1.62184
1.07207 1.61333
1.07808 1.60483
1.08408 1.59634
1.09009 1.58788
1.0961 1.57943
1.1021 1.57101
1.10811 1.5626
1.11411 1.55421
1.12012 1.54585
1.12613 1.5375
1.13213 1.52918
1.13814 1.52087
1.14414 1.51259
1.15015 1.50433
1.15616 1.4961
1.16216 1.48789
1.16817 1.4797
1.17417 1.47154
1.18018 1.4634
1.18619 1.45529
1.19219 1.4472
1.1982 1.43914
1.2042 1.4311
1.21021 1.42309
1.21622 1.41511
1.22222 1.40715
1.22823 1.39922
1.23423 1.39132
1.24024 1.38345
1.24625 1.3756
1.25225 1.36779
1.25826 1.36
1.26426 1.35225
1.27027 1.34452
1.27628 1.33682
1.28228 1.32915
1.28829 1.32152
1.29429 1.31391
1.3003 1.30633
1.30631 1.29879
1.31231 1.29128
1.31832 1.2838
1.32432 1.27635
1.33033 1.26893
1.33634 1.26154
1.34234 1.25419
1.34835 1.24687
1.35435 1.23958
1.36036 1.23233
1.36637 1.22511
1.37237 1.21792
1.37838 1.21076
1.38438 1.20364
1.39039 1.19656
1.3964 1.1895
1.4024 1.18248
1.40841 1.1755
1.41441 1.16855
1.42042 1.16163
1.42643 1.15475
1.43243 1.14791
1.43844 1.14109
1.44444 1.13432
1.45045 1.12758
1.45646 1.12087
1.46246 1.1142
1.46847 1.10756
1.47447 1.10096
1.48048 1.0944
1.48649 1.08787
1.49249 1.08138
1.4985 1.07492
1.5045 1.0685
1.51051 1.06211
1.51652 1.05576
1.52252 1.04945
1.52853 1.04317
1.53453 1.03692
1.54054 1.03072
1.54655 1.02455
1.55255 1.01841
1.55856 1.01231
1.56456 1.00625
1.57057 1.00023
1.57658 0.994235
1.58258 0.988281
1.58859 0.982363
1.59459 0.976481
1.6006 0.970635
1.60661 0.964825
1.61261 0.959051
1.61862 0.953313
1.62462 0.947611
1.63063 0.941945
1.63664 0.936314
1.64264 0.93072
1.64865 0.925162
1.65465 0.919639
1.66066 0.914152
1.66667 0.908701
1.67267 0.903286
1.67868 0.897906
1.68468 0.892561
1.69069 0.887252
1.6967 0.881979
1.7027 0.876741
1.70871 0.871538
1.71471 0.86637
1.72072 0.861238
1.72673 0.85614
1.73273 0.851078
1.73874 0.84605
1.74474 0.841057
1.75075 0.836099
1.75676 0.831176
1.76276 0.826287
1.76877 0.821433
1.77477 0.816613
1.78078 0.811827
1.78679 0.807075
1.79279 0.802358
1.7988 0.797674
1.8048 0.793025
1.81081 0.788409
1.81682 0.783826
1.82282 0.779277
1.82883 0.774762
1.83483 0.77028
1.84084 0.765831
1.84685 0.761415
1.85285 0.757032
1.85886 0.752682
1.86486 0.748365
1.87087 0.74408
1.87688 0.739828
1.88288 0.735608
1.88889 0.73142
1.89489 0.727264
1.9009 0.72314
1.90691 0.719048
1.91291 0.714988
1.91892 0.710959
1.92492 0.706962
1.93093 0.702996
1.93694 0.699061
1.94294 0.695157
1.94895 0.691284
1.95495 0.687442
1.96096 0.68363
1.96697 0.679849
1.97297 0.676098
1.97898 0.672378
1.98498 0.668687
1.99099 0.665026
1.997 0.661396
2.003 0.657794
2.00901 0.654222
2.01502 0.65068
2.02102 0.647167
2.02703 0.643682
2.03303 0.640227
2.03904 0.6368
2.04505 0.633402
2.05105 0.630033
2.05706 0.626692
2.06306 0.623379
2.06907 0.620094
2.07508 0.616837
2.08108 0.613607
2.08709 0.610406
2.09309 0.607232
2.0991 0.604085
2.10511 0.600965
2.11111 0.597872
2.11712 0.594807
2.12312 0.591768
2.12913 0.588755
2.13514 0.585769
2.14114 0.58281
2.14715 0.579876
2.15315 0.576969
2.15916 0.574088
2.16517 0.571232
2.17117 0.568402
2.17718 0.565598
2.18318 0.562818
2.18919 0.560065
2.1952 0.557336
2.2012 0.554632
2.20721 0.551953
2.21321 0.549298
2.21922 0.546668
2.22523 0.544063
2.23123 0.541482
2.23724 0.538925
2.24324 0.536392
2.24925 0.533882
2.25526 0.531397
2.26126 0.528935
2.26727 0.526497
2.27327 0.524082
2.27928 0.52169
2.28529 0.519321
2.29129 0.516975
2.2973 0.514653
2.3033 0.512352
2.30931 0.510075
2.31532 0.50782
2.32132 0.505587
2.32733 0.503376
2.33333 0.501188
2.33934 0.499022
2.34535 0.496877
2.35135 0.494754
2.35736 0.492653
2.36336 0.490573
2.36937 0.488515
2.37538 0.486477
2.38138 0.484461
2.38739 0.482466
2.39339 0.480492
2.3994 0.478539
2.40541 0.476606
2.41141 0.474694
2.41742 0.472803
2.42342 0.470931
2.42943 0.46908
2.43544 0.467249
2.44144 0.465438
2.44745 0.463647
2.45345 0.461876
2.45946 0.460124
2.46547 0.458392
2.47147 0.456679
2.47748 0.454986
2.48348 0.453312
2.48949 0.451657
2.4955 0.450021
2.5015 0.448403
2.50751 0.446805
2.51351 0.445225
2.51952 0.443664
2.52553 0.442122
2.53153 0.440598
2.53754 0.439092
2.54354 0.437604
2.54955 0.436134
2.55556 0.434682
2.56156 0.433248
2.56757 0.431832
2.57357 0.430434
2.57958 0.429053
2.58559 0.427689
2.59159 0.426343
2.5976 0.425015
2.6036 0.423703
2.60961 0.422408
2.61562 0.421131
2.62162 0.41987
2.62763 0.418627
2.63363 0.4174
2.63964 0.416189
2.64565 0.414995
2.65165 0.413818
2.65766 0.412657
2.66366 0.411512
2.66967 0.410384
2.67568 0.409271
2.68168 0.408175
2.68769 0.407095
2.69369 0.40603
2.6997 0.404982
2.70571 0.403949
2.71171 0.402932
2.71772 0.40193
2.72372 0.400944
2.72973 0.399974
2.73574 0.399019
2.74174 0.39808
2.74775 0.397155
2.75375 0.396247
2.75976 0.395353
2.76577 0.394474
2.77177 0.393611
2.77778 0.392763
2.78378 0.391929
2.78979 0.391111
2.7958 0.390308
2.8018 0.38952
2.80781 0.388746
2.81381 0.387987
2.81982 0.387244
2.82583 0.386514
2.83183 0.3858
2.83784 0.3851
2.84384 0.384416
2.84985 0.383745
2.85586 0.383089
2.86186 0.382448
2.86787 0.381822
2.87387 0.38121
2.87988 0.380612
2.88589 0.380029
2.89189 0.37946
2.8979 0.378905
2.9039 0.378365
2.90991 0.377839
2.91592 0.377327
2.92192 0.376829
2.92793 0.376345
2.93393 0.375874
2.93994 0.375418
2.94595 0.374975
2.95195 0.374545
2.95796 0.374129
2.96396 0.373726
2.96997 0.373335
2.97598 0.372958
2.98198 0.372592
2.98799 0.372239
2.99399 0.371898
3 0.371568
