-5 1.32798
-4.995 1.3492
-4.98999 1.37008
-4.98499 1.39063
-4.97999 1.41087
-4.97499 1.43078
-4.96998 1.45037
-4.96498 1.46965
-4.95998 1.48861
-4.95498 1.50726
-4.94997 1.5256
-4.94497 1.54364
-4.93997 1.56136
-4.93497 1.57879
-4.92996 1.59591
-4.92496 1.61273
-4.91996 1.62926
-4.91496 1.6455
-4.90995 1.66144
-4.90495 1.67709
-4.89995 1.69245
-4.89495 1.70753
-4.88994 1.72233
-4.88494 1.73684
-4.87994 1.75108
-4.87494 1.76503
-4.86993 1.77872
-4.86493 1.79213
-4.85993 1.80527
-4.85493 1.81814
-4.84992 1.83074
-4.84492 1.84308
-4.83992 1.85516
-4.83492 1.86697
-4.82991 1.87853
-4.82491 1.88983
-4.81991 1.90088
-4.81491 1.91167
-4.8099 1.92222
-4.8049 1.93251
-4.7999 1.94257
-4.7949 1.95237
-4.78989 1.96193
-4.78489 1.97126
-4.77989 1.98034
-4.77489 1.98919
-4.76988 1.9978
-4.76488 2.00619
-4.75988 2.01434
-4.75488 2.02226
-4.74987 2.02995
-4.74487 2.03742
-4.73987 2.04467
-4.73487 2.0517
-4.72986 2.0585
-4.72486 2.06509
-4.71986 2.07146
-4.71486 2.07762
-4.70985 2.08357
-4.70485 2.08931
-4.69985 2.09484
-4.69485 2.10016
-4.68984 2.10528
-4.68484 2.1102
-4.67984 2.11491
-4.67484 2.11943
-4.66983 2.12374
-4.66483 2.12787
-4.65983 2.13179
-4.65483 2.13553
-4.64982 2.13908
-4.64482 2.14243
-4.63982 2.1456
-4.63482 2.14859
-4.62981 2.15139
-4.62481 2.15401
-4.61981 2.15645
-4.61481 2.15871
-4.6098 2.16079
-4.6048 2.1627
-4.5998 2.16443
-4.5948 2.166
-4.58979 2.16739
-4.58479 2.16861
-4.57979 2.16967
-4.57479 2.17056
-4.56978 2.17129
-4.56478 2.17186
-4.55978 2.17226
-4.55478 2.17251
-4.54977 2.1726
-4.54477 2.17253
-4.53977 2.17231
-4.53477 2.17194
-4.52976 2.17142
-4.52476 2.17075
-4.51976 2.16992
-4.51476 2.16896
-4.50975 2.16785
-4.50475 2.16659
-4.49975 2.16519
-4.49475 2.16366
-4.48974 2.16198
-4.48474 2.16017
-4.47974 2.15822
-4.47474 2.15613
-4.46973 2.15392
-4.46473 2.15157
-4.45973 2.14909
-4.45473 2.14648
-4.44972 2.14375
-4.44472 2.14089
-4.43972 2.1379
-4.43472 2.1348
-4.42971 2.13157
-4.42471 2.12822
-4.41971 2.12475
-4.41471 2.12117
-4.4097 2.11747
-4.4047 2.11366
-4.3997 2.10973
-4.3947 2.10569
-4.38969 2.10154
-4.38469 2.09728
-4.37969 2.09292
-4.37469 2.08844
-4.36968 2.08386
-4.36468 2.07918
-4.35968 2.0744
-4.35468 2.06951
-4.34967 2.06453
-4.34467 2.05944
-4.33967 2.05426
-4.33467 2.04899
-4.32966 2.04362
-4.32466 2.03815
-4.31966 2.03259
-4.31466 2.02695
-4.30965 2.02121
-4.30465 2.01538
-4.29965 2.00947
-4.29465 2.00347
-4.28964 1.99738
-4.28464 1.99122
-4.27964 1.98497
-4.27464 1.97863
-4.26963 1.97222
-4.26463 1.96573
-4.25963 1.95917
-4.25463 1.95252
-4.24962 1.9458
-4.24462 1.93901
-4.23962 1.93214
-4.23462 1.9252
-4.22961 1.91819
-4.22461 1.91111
-4.21961 1.90397
-4.21461 1.89675
-4.2096 1.88947
-4.2046 1.88213
-4.1996 1.87472
-4.1946 1.86724
-4.18959 1.85971
-4.18459 1.85211
-4.17959 1.84446
-4.17459 1.83675
-4.16958 1.82897
-4.16458 1.82115
-4.15958 1.81326
-4.15458 1.80533
-4.14957 1.79734
-4.14457 1.78929
-4.13957 1.7812
-4.13457 1.77305
-4.12956 1.76486
-4.12456 1.75662
-4.11956 1.74833
-4.11456 1.73999
-4.10955 1.73161
-4.10455 1.72319
-4.09955 1.71472
-4.09455 1.70621
-4.08954 1.69766
-4.08454 1.68907
-4.07954 1.68043
-4.07454 1.67176
-4.06953 1.66306
-4.06453 1.65431
-4.05953 1.64553
-4.05453 1.63672
-4.04952 1.62787
-4.04452 1.61899
-4.03952 1.61008
-4.03452 1.60113
-4.02951 1.59216
-4.02451 1.58315
-4.01951 1.57412
-4.01451 1.56506
-4.0095 1.55597
-4.0045 1.54686
-3.9995 1.53772
-3.9945 1.52856
-3.98949 1.51938
-3.98449 1.51017
-3.97949 1.50094
-3.97449 1.49169
-3.96948 1.48242
-3.96448 1.47313
-3.95948 1.46383
-3.95448 1.4545
-3.94947 1.44516
-3.94447 1.43581
-3.93947 1.42644
-3.93447 1.41705
-3.92946 1.40765
-3.92446 1.39824
-3.91946 1.38882
-3.91446 1.37938
-3.90945 1.36994
-3.90445 1.36048
-3.89945 1.35102
-3.89445 1.34155
-3.88944 1.33207
-3.88444 1.32258
-3.87944 1.31309
-3.87444 1.30359
-3.86943 1.29409
-3.86443 1.28459
-3.85943 1.27508
-3.85443 1.26557
-3.84942 1.25606
-3.84442 1.24655
-3.83942 1.23703
-3.83442 1.22752
-3.82941 1.21801
-3.82441 1.2085
-3.81941 1.19899
-3.81441 1.18949
-3.8094 1.17999
-3.8044 1.1705
-3.7994 1.16101
-3.7944 1.15152
-3.78939 1.14205
-3.78439 1.13257
-3.77939 1.12311
-3.77439 1.11366
-3.76938 1.10421
-3.76438 1.09478
-3.75938 1.08535
-3.75438 1.07594
-3.74937 1.06653
-3.74437 1.05714
-3.73937 1.04776
-3.73437 1.0384
-3.72936 1.02904
-3.72436 1.01971
-3.71936 1.01038
-3.71436 1.00108
-3.70935 0.991785
-3.70435 0.982511
-3.69935 0.973254
-3.69435 0.964014
-3.68934 0.954793
-3.68434 0.94559
-3.67934 0.936407
-3.67434 0.927244
-3.66933 0.918101
-3.66433 0.90898
-3.65933 0.899879
-3.65433 0.890801
-3.64932 0.881745
-3.64432 0.872712
-3.63932 0.863703
-3.63432 0.854717
-3.62931 0.845757
-3.62431 0.836821
-3.61931 0.82791
-3.61431 0.819026
-3.6093 0.810168
-3.6043 0.801337
-3.5993 0.792533
-3.5943 0.783757
-3.58929 0.775009
-3.58429 0.76629
-3.57929 0.757601
-3.57429 0.748941
-3.56928 0.740311
-3.56428 0.731711
-3.55928 0.723142
-3.55428 0.714605
-3.54927 0.7061
-3.54427 0.697627
-3.53927 0.689186
-3.53427 0.680778
-3.52926 0.672404
-3.52426 0.664064
-3.51926 0.655758
-3.51426 0.647487
-3.50925 0.639251
-3.50425 0.63105
-3.49925 0.622885
-3.49425 0.614756
-3.48924 0.606664
-3.48424 0.598608
-3.47924 0.59059
-3.47424 0.58261
-3.46923 0.574668
-3.46423 0.566764
-3.45923 0.558898
-3.45423 0.551072
-3.44922 0.543286
-3.44422 0.535539
-3.43922 0.527832
-3.43422 0.520166
-3.42921 0.51254
-3.42421 0.504956
-3.41921 0.497413
-3.41421 0.489911
-3.4092 0.482452
-3.4042 0.475035
-3.3992 0.467661
-3.3942 0.46033
-3.38919 0.453042
-3.38419 0.445797
-3.37919 0.438597
-3.37419 0.43144
-3.36918 0.424328
-3.36418 0.417261
-3.35918 0.410239
-3.35418 0.403261
-3.34917 0.39633
-3.34417 0.389444
-3.33917 0.382604
-3.33417 0.375811
-3.32916 0.369064
-3.32416 0.362364
-3.31916 0.355711
-3.31416 0.349106
-3.30915 0.342548
-3.30415 0.336037
-3.29915 0.329575
-3.29415 0.323161
-3.28914 0.316796
-3.28414 0.310479
-3.27914 0.304211
-3.27414 0.297993
-3.26913 0.291823
-3.26413 0.285704
-3.25913 0.279634
-3.25413 0.273614
-3.24912 0.267644
-3.24412 0.261725
-3.23912 0.255856
-3.23412 0.250038
-3.22911 0.244271
-3.22411 0.238555
-3.21911 0.23289
-3.21411 0.227277
-3.2091 0.221716
-3.2041 0.216206
-3.1991 0.210749
-3.1941 0.205343
-3.18909 0.199991
-3.18409 0.19469
-3.17909 0.189442
-3.17409 0.184247
-3.16908 0.179105
-3.16408 0.174016
-3.15908 0.168981
-3.15408 0.163999
-3.14907 0.15907
-3.14407 0.154195
-3.13907 0.149374
-3.13407 0.144606
-3.12906 0.139893
-3.12406 0.135234
-3.11906 0.13063
-3.11406 0.126079
-3.10905 0.121584
-3.10405 0.117142
-3.09905 0.112756
-3.09405 0.108425
-3.08904 0.104148
-3.08404 0.0999265
-3.07904 0.0957602
-3.07404 0.0916491
-3.06903 0.0875934
-3.06403 0.0835931
-3.05903 0.0796483
-3.05403 0.0757591
-3.04902 0.0719256
-3.04402 0.0681478
-3.03902 0.0644259
-3.03402 0.0607599
-3.02901 0.0571498
-3.02401 0.0535958
-3.01901 0.0500979
-3.01401 0.0466562
-3.009 0.0432706
-3.004 0.0399414
-2.999 0.0366685
-2.994 0.0334519
-2.98899 0.0302918
-2.98399 0.0271881
-2.97899 0.024141
-2.97399 0.0211504
-2.96898 0.0182164
-2.96398 0.015339
-2.95898 0.0125183
-2.95398 0.0097543
-2.94897 0.00704698
-2.94397 0.00439641
-2.93897 0.0018026
-2.93397 -0.000734431
-2.92896 -0.00321466
-2.92396 -0.00563808
-2.91896 -0.00800468
-2.91396 -0.0103144
-2.90895 -0.0125674
-2.90395 -0.0147634
-2.89895 -0.0169026
-2.89395 -0.018985
-2.88894 -0.0210105
-2.88394 -0.0229792
-2.87894 -0.024891
-2.87394 -0.026746
-2.86893 -0.0285442
-2.86393 -0.0302856
-2.85893 -0.0319702
-2.85393 -0.0335981
-2.84892 -0.0351691
-2.84392 -0.0366835
-2.83892 -0.0381412
-2.83392 -0.0395421
-2.82891 -0.0408865
-2.82391 -0.0421742
-2.81891 -0.0434054
-2.81391 -0.04458
-2.8089 -0.0456981
-2.8039 -0.0467597
-2.7989 -0.0477649
-2.7939 -0.0487138
-2.78889 -0.0496063
-2.78389 -0.0504425
-2.77889 -0.0512226
-2.77389 -0.0519464
-2.76888 -0.0526141
-2.76388 -0.0532257
-2.75888 -0.0537814
-2.75388 -0.0542811
-2.74887 -0.0547249
-2.74387 -0.0551129
-2.73887 -0.0554452
-2.73387 -0.0557218
-2.72886 -0.0559428
-2.72386 -0.0561082
-2.71886 -0.0562182
-2.71386 -0.0562728
-2.70885 -0.0562721
-2.70385 -0.0562162
-2.69885 -0.0561052
-2.69385 -0.0559391
-2.68884 -0.055718
-2.68384 -0.0554421
-2.67884 -0.0551114
-2.67384 -0.054726
-2.66883 -0.054286
-2.66383 -0.0537915
-2.65883 -0.0532426
-2.65383 -0.0526394
-2.64882 -0.051982
-2.64382 -0.0512705
-2.63882 -0.050505
-2.63382 -0.0496856
-2.62881 -0.0488125
-2.62381 -0.0478856
-2.61881 -0.0469053
-2.61381 -0.0458715
-2.6088 -0.0447843
-2.6038 -0.043644
-2.5988 -0.0424505
-2.5938 -0.0412041
-2.58879 -0.0399049
-2.58379 -0.0385529
-2.57879 -0.0371484
-2.57379 -0.0356913
-2.56878 -0.034182
-2.56378 -0.0326204
-2.55878 -0.0310068
-2.55378 -0.0293412
-2.54877 -0.0276238
-2.54377 -0.0258547
-2.53877 -0.0240341
-2.53377 -0.0221622
-2.52876 -0.0202389
-2.52376 -0.0182646
-2.51876 -0.0162393
-2.51376 -0.0141632
-2.50875 -0.0120364
-2.50375 -0.00985911
-2.49875 -0.00763144
-2.49375 -0.00535357
-2.48874 -0.00302563
-2.48374 -0.000647784
-2.47874 0.00177981
-2.47374 0.004257
-2.46873 0.00678362
-2.46373 0.00935951
-2.45873 0.0119845
-2.45373 0.0146585
-2.44872 0.0173812
-2.44372 0.0201525
-2.43872 0.0229723
-2.43372 0.0258404
-2.42871 0.0287566
-2.42371 0.0317207
-2.41871 0.0347326
-2.41371 0.0377921
-2.4087 0.0408989
-2.4037 0.0440531
-2.3987 0.0472543
-2.3937 0.0505023
-2.38869 0.0537971
-2.38369 0.0571384
-2.37869 0.060526
-2.37369 0.0639598
-2.36868 0.0674395
-2.36368 0.070965
-2.35868 0.0745362
-2.35368 0.0781527
-2.34867 0.0818144
-2.34367 0.0855212
-2.33867 0.0892727
-2.33367 0.093069
-2.32866 0.0969096
-2.32366 0.100795
-2.31866 0.104723
-2.31366 0.108696
-2.30865 0.112713
-2.30365 0.116773
-2.29865 0.120876
-2.29365 0.125022
-2.28864 0.129211
-2.28364 0.133443
-2.27864 0.137717
-2.27364 0.142033
-2.26863 0.146392
-2.26363 0.150792
-2.25863 0.155234
-2.25363 0.159717
-2.24862 0.164241
-2.24362 0.168807
-2.23862 0.173413
-2.23362 0.178059
-2.22861 0.182746
-2.22361 0.187473
-2.21861 0.19224
-2.21361 0.197047
-2.2086 0.201893
-2.2036 0.206778
-2.1986 0.211703
-2.1936 0.216666
-2.18859 0.221668
-2.18359 0.226708
-2.17859 0.231786
-2.17359 0.236902
-2.16858 0.242056
-2.16358 0.247247
-2.15858 0.252476
-2.15358 0.257741
-2.14857 0.263043
-2.14357 0.268382
-2.13857 0.273757
-2.13357 0.279168
-2.12856 0.284615
-2.12356 0.290098
-2.11856 0.295616
-2.11356 0.301169
-2.10855 0.306757
-2.10355 0.31238
-2.09855 0.318037
-2.09355 0.323728
-2.08854 0.329454
-2.08354 0.335213
-2.07854 0.341005
-2.07354 0.346831
-2.06853 0.35269
-2.06353 0.358581
-2.05853 0.364505
-2.05353 0.370461
-2.04852 0.37645
-2.04352 0.38247
-2.03852 0.388522
-2.03352 0.394605
-2.02851 0.400719
-2.02351 0.406864
-2.01851 0.413039
-2.01351 0.419245
-2.0085 0.425481
-2.0035 0.431747
-1.9985 0.438042
-1.9935 0.444367
-1.98849 0.45072
-1.98349 0.457103
-1.97849 0.463514
-1.97349 0.469954
-1.96848 0.476421
-1.96348 0.482916
-1.95848 0.489439
-1.95348 0.49599
-1.94847 0.502567
-1.94347 0.509171
-1.93847 0.515802
-1.93347 0.522459
-1.92846 0.529142
-1.92346 0.535851
-1.91846 0.542586
-1.91346 0.549345
-1.90845 0.55613
-1.90345 0.56294
-1.89845 0.569774
-1.89345 0.576632
-1.88844 0.583515
-1.88344 0.590421
-1.87844 0.59735
-1.87344 0.604303
-1.86843 0.611279
-1.86343 0.618278
-1.85843 0.625299
-1.85343 0.632342
-1.84842 0.639407
-1.84342 0.646494
-1.83842 0.653602
-1.83342 0.660732
-1.82841 0.667882
-1.82341 0.675053
-1.81841 0.682244
-1.81341 0.689455
-1.8084 0.696687
-1.8034 0.703938
-1.7984 0.711208
-1.7934 0.718497
-1.78839 0.725805
-1.78339 0.733132
-1.77839 0.740476
-1.77339 0.747839
-1.76838 0.75522
-1.76338 0.762618
-1.75838 0.770033
-1.75338 0.777465
-1.74837 0.784914
-1.74337 0.79238
-1.73837 0.799861
-1.73337 0.807359
-1.72836 0.814872
-1.72336 0.8224
-1.71836 0.829944
-1.71336 0.837502
-1.70835 0.845075
-1.70335 0.852663
-1.69835 0.860264
-1.69335 0.867879
-1.68834 0.875508
-1.68334 0.88315
-1.67834 0.890805
-1.67334 0.898472
-1.66833 0.906152
-1.66333 0.913845
-1.65833 0.921549
-1.65333 0.929265
-1.64832 0.936992
-1.64332 0.944731
-1.63832 0.95248
-1.63332 0.96024
-1.62831 0.96801
-1.62331 0.975791
-1.61831 0.983581
-1.61331 0.99138
-1.6083 0.999189
-1.6033 1.00701
-1.5983 1.01483
-1.5933 1.02267
-1.58829 1.03051
-1.58329 1.03836
-1.57829 1.04622
-1.57329 1.05409
-1.56828 1.06196
-1.56328 1.06985
-1.55828 1.07773
-1.55328 1.08563
-1.54827 1.09353
-1.54327 1.10143
-1.53827 1.10934
-1.53327 1.11726
-1.52826 1.12518
-1.52326 1.13311
-1.51826 1.14104
-1.51326 1.14897
-1.50825 1.15691
-1.50325 1.16486
-1.49825 1.1728
-1.49325 1.18075
-1.48824 1.18871
-1.48324 1.19666
-1.47824 1.20462
-1.47324 1.21258
-1.46823 1.22054
-1.46323 1.22851
-1.45823 1.23647
-1.45323 1.24444
-1.44822 1.25241
-1.44322 1.26038
-1.43822 1.26834
-1.43322 1.27631
-1.42821 1.28428
-1.42321 1.29225
-1.41821 1.30022
-1.41321 1.30818
-1.4082 1.31615
-1.4032 1.32411
-1.3982 1.33208
-1.3932 1.34004
-1.38819 1.348
-1.38319 1.35595
-1.37819 1.36391
-1.37319 1.37186
-1.36818 1.3798
-1.36318 1.38775
-1.35818 1.39569
-1.35318 1.40362
-1.34817 1.41156
-1.34317 1.41948
-1.33817 1.42741
-1.33317 1.43532
-1.32816 1.44324
-1.32316 1.45114
-1.31816 1.45905
-1.31316 1.46694
-1.30815 1.47483
-1.30315 1.48272
-1.29815 1.49059
-1.29315 1.49846
-1.28814 1.50632
-1.28314 1.51418
-1.27814 1.52203
-1.27314 1.52987
-1.26813 1.5377
-1.26313 1.54552
-1.25813 1.55333
-1.25313 1.56114
-1.24812 1.56894
-1.24312 1.57672
-1.23812 1.5845
-1.23312 1.59227
-1.22811 1.60003
-1.22311 1.60777
-1.21811 1.61551
-1.21311 1.62324
-1.2081 1.63095
-1.2031 1.63865
-1.1981 1.64635
-1.1931 1.65403
-1.18809 1.6617
-1.18309 1.66935
-1.17809 1.677
-1.17309 1.68463
-1.16808 1.69224
-1.16308 1.69985
-1.15808 1.70744
-1.15308 1.71502
-1.14807 1.72258
-1.14307 1.73013
-1.13807 1.73767
-1.13307 1.74519
-1.12806 1.7527
-1.12306 1.76019
-1.11806 1.76767
-1.11306 1.77513
-1.10805 1.78257
-1.10305 1.79
-1.09805 1.79741
-1.09305 1.80481
-1.08804 1.81219
-1.08304 1.81956
-1.07804 1.8269
-1.07304 1.83423
-1.06803 1.84154
-1.06303 1.84884
-1.05803 1.85612
-1.05303 1.86337
-1.04802 1.87061
-1.04302 1.87784
-1.03802 1.88504
-1.03302 1.89222
-1.02801 1.89939
-1.02301 1.90653
-1.01801 1.91366
-1.01301 1.92076
-1.008 1.92785
-1.003 1.93492
-0.997999 1.94196
-0.992996 1.94899
-0.987994 1.95599
-0.982991 1.96297
-0.977989 1.96993
-0.972986 1.97687
-0.967984 1.98379
-0.962981 1.99069
-0.957979 1.99756
-0.952976 2.00442
-0.947974 2.01124
-0.942971 2.01805
-0.937969 2.02484
-0.932966 2.0316
-0.927964 2.03833
-0.922961 2.04505
-0.917959 2.05174
-0.912956 2.05841
-0.907954 2.06505
-0.902951 2.07167
-0.897949 2.07826
-0.892946 2.08483
-0.887944 2.09137
-0.882941 2.09789
-0.877939 2.10439
-0.872936 2.11085
-0.867934 2.1173
-0.862931 2.12371
-0.857929 2.13011
-0.852926 2.13647
-0.847924 2.14281
-0.842921 2.14912
-0.837919 2.15541
-0.832916 2.16167
-0.827914 2.1679
-0.822911 2.1741
-0.817909 2.18028
-0.812906 2.18643
-0.807904 2.19255
-0.802901 2.19864
-0.797899 2.20471
-0.792896 2.21074
-0.787894 2.21675
-0.782891 2.22273
-0.777889 2.22868
-0.772886 2.2346
-0.767884 2.2405
-0.762881 2.24636
-0.757879 2.25219
-0.752876 2.258
-0.747874 2.26377
-0.742871 2.26951
-0.737869 2.27523
-0.732866 2.28091
-0.727864 2.28656
-0.722861 2.29219
-0.717859 2.29778
-0.712856 2.30334
-0.707854 2.30887
-0.702851 2.31436
-0.697849 2.31983
-0.692846 2.32526
-0.687844 2.33067
-0.682841 2.33604
-0.677839 2.34138
-0.672836 2.34668
-0.667834 2.35196
-0.662831 2.3572
-0.657829 2.36241
-0.652826 2.36758
-0.647824 2.37273
-0.642821 2.37784
-0.637819 2.38291
-0.632816 2.38796
-0.627814 2.39297
-0.622811 2.39794
-0.617809 2.40288
-0.612806 2.40779
-0.607804 2.41266
-0.602801 2.4175
-0.597799 2.42231
-0.592796 2.42708
-0.587794 2.43182
-0.582791 2.43652
-0.577789 2.44118
-0.572786 2.44581
-0.567784 2.45041
-0.562781 2.45497
-0.557779 2.45949
-0.552776 2.46398
-0.547774 2.46844
-0.542771 2.47285
-0.537769 2.47723
-0.532766 2.48158
-0.527764 2.48589
-0.522761 2.49016
-0.517759 2.4944
-0.512756 2.4986
-0.507754 2.50276
-0.502751 2.50689
-0.497749 2.51098
-0.492746 2.51503
-0.487744 2.51904
-0.482741 2.52302
-0.477739 2.52696
-0.472736 2.53086
-0.467734 2.53473
-0.462731 2.53856
-0.457729 2.54235
-0.452726 2.5461
-0.447724 2.54981
-0.442721 2.55349
-0.437719 2.55712
-0.432716 2.56072
-0.427714 2.56428
-0.422711 2.56781
-0.417709 2.57129
-0.412706 2.57473
-0.407704 2.57814
-0.402701 2.5815
-0.397699 2.58483
-0.392696 2.58812
-0.387694 2.59137
-0.382691 2.59458
-0.377689 2.59775
-0.372686 2.60088
-0.367684 2.60397
-0.362681 2.60702
-0.357679 2.61004
-0.352676 2.61301
-0.347674 2.61594
-0.342671 2.61883
-0.337669 2.62168
-0.332666 2.6245
-0.327664 2.62727
-0.322661 2.63
-0.317659 2.63269
-0.312656 2.63534
-0.307654 2.63795
-0.302651 2.64052
-0.297649 2.64305
-0.292646 2.64554
-0.287644 2.64798
-0.282641 2.65039
-0.277639 2.65275
-0.272636 2.65508
-0.267634 2.65736
-0.262631 2.6596
-0.257629 2.6618
-0.252626 2.66396
-0.247624 2.66608
-0.242621 2.66816
-0.237619 2.67019
-0.232616 2.67218
-0.227614 2.67414
-0.222611 2.67605
-0.217609 2.67792
-0.212606 2.67974
-0.207604 2.68153
-0.202601 2.68327
-0.197599 2.68497
-0.192596 2.68663
-0.187594 2.68825
-0.182591 2.68983
-0.177589 2.69136
-0.172586 2.69285
-0.167584 2.6943
-0.162581 2.69571
-0.157579 2.69707
-0.152576 2.69839
-0.147574 2.69967
-0.142571 2.70091
-0.137569 2.70211
-0.132566 2.70326
-0.127564 2.70437
-0.122561 2.70544
-0.117559 2.70646
-0.112556 2.70745
-0.107554 2.70839
-0.102551 2.70929
-0.0975488 2.71014
-0.0925463 2.71095
-0.0875438 2.71172
-0.0825413 2.71245
-0.0775388 2.71314
-0.0725363 2.71378
-0.0675338 2.71438
-0.0625313 2.71494
-0.0575288 2.71545
-0.0525263 2.71592
-0.0475238 2.71635
-0.0425213 2.71673
-0.0375188 2.71708
-0.0325163 2.71738
-0.0275138 2.71763
-0.0225113 2.71785
-0.0175088 2.71802
-0.0125063 2.71815
-0.00750375 2.71823
-0.00250125 2.71828
0.00250125 2.71828
0.00750375 2.71823
0.0125063 2.71815
0.0175088 2.71802
0.0225113 2.71785
0.0275138 2.71763
0.0325163 2.71738
0.0375188 2.71708
0.0425213 2.71673
0.0475238 2.71635
0.0525263 2.71592
0.0575288 2.71545
0.0625313 2.71494
0.0675338 2.71438
0.0725363 2.71378
0.0775388 2.71314
0.0825413 2.71245
0.0875438 2.71172
0.0925463 2.71095
0.0975488 2.71014
0.102551 2.70929
0.107554 2.70839
0.112556 2.70745
0.117559 2.70646
0.122561 2.70544
0.127564 2.70437
0.132566 2.70326
0.137569 2.70211
0.142571 2.70091
0.147574 2.69967
0.152576 2.69839
0.157579 2.69707
0.162581 2.69571
0.167584 2.6943
0.172586 2.69285
0.177589 2.69136
0.182591 2.68983
0.187594 2.68825
0.192596 2.68663
0.197599 2.68497
0.202601 2.68327
0.207604 2.68153
0.212606 2.67974
0.217609 2.67792
0.222611 2.67605
0.227614 2.67414
0.232616 2.67218
0.237619 2.67019
0.242621 2.66816
0.247624 2.66608
0.252626 2.66396
0.257629 2.6618
0.262631 2.6596
0.267634 2.65736
0.272636 2.65508
0.277639 2.65275
0.282641 2.65039
0.287644 2.64798
0.292646 2.64554
0.297649 2.64305
0.302651 2.64052
0.307654 2.63795
0.312656 2.63534
0.317659 2.63269
0.322661 2.63
0.327664 2.62727
0.332666 2.6245
0.337669 2.62168
0.342671 2.61883
0.347674 2.61594
0.352676 2.61301
0.357679 2.61004
0.362681 2.60702
0.367684 2.60397
0.372686 2.60088
0.377689 2.59775
0.382691 2.59458
0.387694 2.59137
0.392696 2.58812
0.397699 2.58483
0.402701 2.5815
0.407704 2.57814
0.412706 2.57473
0.417709 2.57129
0.422711 2.56781
0.427714 2.56428
0.432716 2.56072
0.437719 2.55712
0.442721 2.55349
0.447724 2.54981
0.452726 2.5461
0.457729 2.54235
0.462731 2.53856
0.467734 2.53473
0.472736 2.53086
0.477739 2.52696
0.482741 2.52302
0.487744 2.51904
0.492746 2.51503
0.497749 2.51098
0.502751 2.50689
0.507754 2.50276
0.512756 2.4986
0.517759 2.4944
0.522761 2.49016
0.527764 2.48589
0.532766 2.48158
0.537769 2.47723
0.542771 2.47285
0.547774 2.46844
0.552776 2.46398
0.557779 2.45949
0.562781 2.45497
0.567784 2.45041
0.572786 2.44581
0.577789 2.44118
0.582791 2.43652
0.587794 2.43182
0.592796 2.42708
0.597799 2.42231
0.602801 2.4175
0.607804 2.41266
0.612806 2.40779
0.617809 2.40288
0.622811 2.39794
0.627814 2.39297
0.632816 2.38796
0.637819 2.38291
0.642821 2.37784
0.647824 2.37273
0.652826 2.36758
0.657829 2.36241
0.662831 2.3572
0.667834 2.35196
0.672836 2.34668
0.677839 2.34138
0.682841 2.33604
0.687844 2.33067
0.692846 2.32526
0.697849 2.31983
0.702851 2.31436
0.707854 2.30887
0.712856 2.30334
0.717859 2.29778
0.722861 2.29219
0.727864 2.28656
0.732866 2.28091
0.737869 2.27523
0.742871 2.26951
0.747874 2.26377
0.752876 2.258
0.757879 2.25219
0.762881 2.24636
0.767884 2.2405
0.772886 2.2346
0.777889 2.22868
0.782891 2.22273
0.787894 2.21675
0.792896 2.21074
0.797899 2.20471
0.802901 2.19864
0.807904 2.19255
0.812906 2.18643
0.817909 2.18028
0.822911 2.1741
0.827914 2.1679
0.832916 2.16167
0.837919 2.15541
0.842921 2.14912
0.847924 2.14281
0.852926 2.13647
0.857929 2.13011
0.862931 2.12371
0.867934 2.1173
0.872936 2.11085
0.877939 2.10439
0.882941 2.09789
0.887944 2.09137
0.892946 2.08483
0.897949 2.07826
0.902951 2.07167
0.907954 2.06505
0.912956 2.05841
0.917959 2.05174
0.922961 2.04505
0.927964 2.03833
0.932966 2.0316
0.937969 2.02484
0.942971 2.01805
0.947974 2.01124
0.952976 2.00442
0.957979 1.99756
0.962981 1.99069
0.967984 1.98379
0.972986 1.97687
0.977989 1.96993
0.982991 1.96297
0.987994 1.95599
0.992996 1.94899
0.997999 1.94196
1.003 1.93492
1.008 1.92785
1.01301 1.92076
1.01801 1.91366
1.02301 1.90653
1.02801 1.89939
1.03302 1.89222
1.03802 1.88504
1.04302 1.87784
1.04802 1.87061
1.05303 1.86337
1.05803 1.85612
1.06303 1.84884
1.06803 1.84154
1.07304 1.83423
1.07804 1.8269
1.08304 1.81956
1.08804 1.81219
1.09305 1.80481
1.09805 1.79741
1.10305 1.79
1.10805 1.78257
1.11306 1.77513
1.11806 1.76767
1.12306 1.76019
1.12806 1.7527
1.13307 1.74519
1.13807 1.73767
1.14307 1.73013
1.14807 1.72258
1.15308 1.71502
1.15808 1.70744
1.16308 1.69985
1.16808 1.69224
1.17309 1.68463
1.17809 1.677
1.18309 1.66935
1.18809 1.6617
1.1931 1.65403
1.1981 1.64635
1.2031 1.63865
1.2081 1.63095
1.21311 1.62324
1.21811 1.61551
1.22311 1.60777
1.22811 1.60003
1.23312 1.59227
1.23812 1.5845
1.24312 1.57672
1.24812 1.56894
1.25313 1.56114
1.25813 1.55333
1.26313 1.54552
1.26813 1.5377
1.27314 1.52987
1.27814 1.52203
1.28314 1.51418
1.28814 1.50632
1.29315 1.49846
1.29815 1.49059
1.30315 1.48272
1.30815 1.47483
1.31316 1.46694
1.31816 1.45905
1.32316 1.45114
1.32816 1.44324
1.33317 1.43532
1.33817 1.42741
1.34317 1.41948
1.34817 1.41156
1.35318 1.40362
1.35818 1.39569
1.36318 1.38775
1.36818 1.3798
1.37319 1.37186
1.37819 1.36391
1.38319 1.35595
1.38819 1.348
1.3932 1.34004
1.3982 1.33208
1.4032 1.32411
1.4082 1.31615
1.41321 1.30818
1.41821 1.30022
1.42321 1.29225
1.42821 1.28428
1.43322 1.27631
1.43822 1.26834
1.44322 1.26038
1.44822 1.25241
1.45323 1.24444
1.45823 1.23647
1.46323 1.22851
1.46823 1.22054
1.47324 1.21258
1.47824 1.20462
1.48324 1.19666
1.48824 1.18871
1.49325 1.18075
1.49825 1.1728
1.50325 1.16486
1.50825 1.15691
1.51326 1.14897
1.51826 1.14104
1.52326 1.13311
1.52826 1.12518
1.53327 1.11726
1.53827 1.10934
1.54327 1.10143
1.54827 1.09353
1.55328 1.08563
1.55828 1.07773
1.56328 1.06985
1.56828 1.06196
1.57329 1.05409
1.57829 1.04622
1.58329 1.03836
1.58829 1.03051
1.5933 1.02267
1.5983 1.01483
1.6033 1.00701
1.6083 0.999189
1.61331 0.99138
1.61831 0.983581
1.62331 0.975791
1.62831 0.96801
1.63332 0.96024
1.63832 0.95248
1.64332 0.944731
1.64832 0.936992
1.65333 0.929265
1.65833 0.921549
1.66333 0.913845
1.66833 0.906152
1.67334 0.898472
1.67834 0.890805
1.68334 0.88315
1.68834 0.875508
1.69335 0.867879
1.69835 0.860264
1.70335 0.852663
1.70835 0.845075
1.71336 0.837502
1.71836 0.829944
1.72336 0.8224
1.72836 0.814872
1.73337 0.807359
1.73837 0.799861
1.74337 0.79238
1.74837 0.784914
1.75338 0.777465
1.75838 0.770033
1.76338 0.762618
1.76838 0.75522
1.77339 0.747839
1.77839 0.740476
1.78339 0.733132
1.78839 0.725805
1.7934 0.718497
1.7984 0.711208
1.8034 0.703938
1.8084 0.696687
1.81341 0.689455
1.81841 0.682244
1.82341 0.675053
1.82841 0.667882
1.83342 0.660732
1.83842 0.653602
1.84342 0.646494
1.84842 0.639407
1.85343 0.632342
1.85843 0.625299
1.86343 0.618278
1.86843 0.611279
1.87344 0.604303
1.87844 0.59735
1.88344 0.590421
1.88844 0.583515
1.89345 0.576632
1.89845 0.569774
1.90345 0.56294
1.90845 0.55613
1.91346 0.549345
1.91846 0.542586
1.92346 0.535851
1.92846 0.529142
1.93347 0.522459
1.93847 0.515802
1.94347 0.509171
1.94847 0.502567
1.95348 0.49599
1.95848 0.489439
1.96348 0.482916
1.96848 0.476421
1.97349 0.469954
1.97849 0.463514
1.98349 0.457103
1.98849 0.45072
1.9935 0.444367
1.9985 0.438042
2.0035 0.431747
2.0085 0.425481
2.01351 0.419245
2.01851 0.413039
2.02351 0.406864
2.02851 0.400719
2.03352 0.394605
2.03852 0.388522
2.04352 0.38247
2.04852 0.37645
2.05353 0.370461
2.05853 0.364505
2.06353 0.358581
2.06853 0.35269
2.07354 0.346831
2.07854 0.341005
2.08354 0.335213
2.08854 0.329454
2.09355 0.323728
2.09855 0.318037
2.10355 0.31238
2.10855 0.306757
2.11356 0.301169
2.11856 0.295616
2.12356 0.290098
2.12856 0.284615
2.13357 0.279168
2.13857 0.273757
2.14357 0.268382
2.14857 0.263043
2.15358 0.257741
2.15858 0.252476
2.16358 0.247247
2.16858 0.242056
2.17359 0.236902
2.17859 0.231786
2.18359 0.226708
2.18859 0.221668
2.1936 0.216666
2.1986 0.211703
2.2036 0.206778
2.2086 0.201893
2.21361 0.197047
2.21861 0.19224
2.22361 0.187473
2.22861 0.182746
2.23362 0.178059
2.23862 0.173413
2.24362 0.168807
2.24862 0.164241
2.25363 0.159717
2.25863 0.155234
2.26363 0.150792
2.26863 0.146392
2.27364 0.142033
2.27864 0.137717
2.28364 0.133443
2.28864 0.129211
2.29365 0.125022
2.29865 0.120876
2.30365 0.116773
2.30865 0.112713
2.31366 0.108696
2.31866 0.104723
2.32366 0.100795
2.32866 0.0969096
2.33367 0.093069
2.33867 0.0892727
2.34367 0.0855212
2.34867 0.0818144
2.35368 0.0781527
2.35868 0.0745362
2.36368 0.070965
2.36868 0.0674395
2.37369 0.0639598
2.37869 0.060526
2.38369 0.0571384
2.38869 0.0537971
2.3937 0.0505023
2.3987 0.0472543
2.4037 0.0440531
2.4087 0.0408989
2.41371 0.0377921
2.41871 0.0347326
2.42371 0.0317207
2.42871 0.0287566
2.43372 0.0258404
2.43872 0.0229723
2.44372 0.0201525
2.44872 0.0173812
2.45373 0.0146585
2.45873 0.0119845
2.46373 0.00935951
2.46873 0.00678362
2.47374 0.004257
2.47874 0.00177981
2.48374 -0.000647784
2.48874 -0.00302563
2.49375 -0.00535357
2.49875 -0.00763144
2.50375 -0.00985911
2.50875 -0.0120364
2.51376 -0.0141632
2.51876 -0.0162393
2.52376 -0.0182646
2.52876 -0.0202389
2.53377 -0.0221622
2.53877 -0.0240341
2.54377 -0.0258547
2.54877 -0.0276238
2.55378 -0.0293412
2.55878 -0.0310068
2.56378 -0.0326204
2.56878 -0.034182
2.57379 -0.0356913
2.57879 -0.0371484
2.58379 -0.0385529
2.58879 -0.0399049
2.5938 -0.0412041
2.5988 -0.0424505
2.6038 -0.043644
2.6088 -0.0447843
2.61381 -0.0458715
2.61881 -0.0469053
2.62381 -0.0478856
2.62881 -0.0488125
2.63382 -0.0496856
2.63882 -0.050505
2.64382 -0.0512705
2.64882 -0.051982
2.65383 -0.0526394
2.65883 -0.0532426
2.66383 -0.0537915
2.66883 -0.054286
2.67384 -0.054726
2.67884 -0.0551114
2.68384 -0.0554421
2.68884 -0.055718
2.69385 -0.0559391
2.69885 -0.0561052
2.70385 -0.0562162
2.70885 -0.0562721
2.71386 -0.0562728
2.71886 -0.0562182
2.72386 -0.0561082
2.72886 -0.0559428
2.73387 -0.0557218
2.73887 -0.0554452
2.74387 -0.0551129
2.74887 -0.0547249
2.75388 -0.0542811
2.75888 -0.0537814
2.76388 -0.0532257
2.76888 -0.0526141
2.77389 -0.0519464
2.77889 -0.0512226
2.78389 -0.0504425
2.78889 -0.0496063
2.7939 -0.0487138
2.7989 -0.0477649
2.8039 -0.0467597
2.8089 -0.0456981
2.81391 -0.04458
2.81891 -0.0434054
2.82391 -0.0421742
2.82891 -0.0408865
2.83392 -0.0395421
2.83892 -0.0381412
2.84392 -0.0366835
2.84892 -0.0351691
2.85393 -0.0335981
2.85893 -0.0319702
2.86393 -0.0302856
2.86893 -0.0285442
2.87394 -0.026746
2.87894 -0.024891
2.88394 -0.0229792
2.88894 -0.0210105
2.89395 -0.018985
2.89895 -0.0169026
2.90395 -0.0147634
2.90895 -0.0125674
2.91396 -0.0103144
2.91896 -0.00800468
2.92396 -0.00563808
2.92896 -0.00321466
2.93397 -0.000734431
2.93897 0.0018026
2.94397 0.00439641
2.94897 0.00704698
2.95398 0.0097543
2.95898 0.0125183
2.96398 0.015339
2.96898 0.0182164
2.97399 0.0211504
2.97899 0.024141
2.98399 0.0271881
2.98899 0.0302918
2.994 0.0334519
2.999 0.0366685
3.004 0.0399414
3.009 0.0432706
3.01401 0.0466562
3.01901 0.0500979
3.02401 0.0535958
3.02901 0.0571498
3.03402 0.0607599
3.03902 0.0644259
3.04402 0.0681478
3.04902 0.0719256
3.05403 0.0757591
3.05903 0.0796483
3.06403 0.0835931
3.06903 0.0875934
3.07404 0.0916491
3.07904 0.0957602
3.08404 0.0999265
3.08904 0.104148
3.09405 0.108425
3.09905 0.112756
3.10405 0.117142
3.10905 0.121584
3.11406 0.126079
3.11906 0.13063
3.12406 0.135234
3.12906 0.139893
3.13407 0.144606
3.13907 0.149374
3.14407 0.154195
3.14907 0.15907
3.15408 0.163999
3.15908 0.168981
3.16408 0.174016
3.16908 0.179105
3.17409 0.184247
3.17909 0.189442
3.18409 0.19469
3.18909 0.199991
3.1941 0.205343
3.1991 0.210749
3.2041 0.216206
3.2091 0.221716
3.21411 0.227277
3.21911 0.23289
3.22411 0.238555
3.22911 0.244271
3.23412 0.250038
3.23912 0.255856
3.24412 0.261725
3.24912 0.267644
3.25413 0.273614
3.25913 0.279634
3.26413 0.285704
3.26913 0.291823
3.27414 0.297993
3.27914 0.304211
3.28414 0.310479
3.28914 0.316796
3.29415 0.323161
3.29915 0.329575
3.30415 0.336037
3.30915 0.342548
3.31416 0.349106
3.31916 0.355711
3.32416 0.362364
3.32916 0.369064
3.33417 0.375811
3.33917 0.382604
3.34417 0.389444
3.34917 0.39633
3.35418 0.403261
3.35918 0.410239
3.36418 0.417261
3.36918 0.424328
3.37419 0.43144
3.37919 0.438597
3.38419 0.445797
3.38919 0.453042
3.3942 0.46033
3.3992 0.467661
3.4042 0.475035
3.4092 0.482452
3.41421 0.489911
3.41921 0.497413
3.42421 0.504956
3.42921 0.51254
3.43422 0.520166
3.43922 0.527832
3.44422 0.535539
3.44922 0.543286
3.45423 0.551072
3.45923 0.558898
3.46423 0.566764
3.46923 0.574668
3.47424 0.58261
3.47924 0.59059
3.48424 0.598608
3.48924 0.606664
3.49425 0.614756
3.49925 0.622885
3.50425 0.63105
3.50925 0.639251
3.51426 0.647487
3.51926 0.655758
3.52426 0.664064
3.52926 0.672404
3.53427 0.680778
3.53927 0.689186
3.54427 0.697627
3.54927 0.7061
3.55428 0.714605
3.55928 0.723142
3.56428 0.731711
3.56928 0.740311
3.57429 0.748941
3.57929 0.757601
3.58429 0.76629
3.58929 0.775009
3.5943 0.783757
3.5993 0.792533
3.6043 0.801337
3.6093 0.810168
3.61431 0.819026
3.61931 0.82791
3.62431 0.836821
3.62931 0.845757
3.63432 0.854717
3.63932 0.863703
3.64432 0.872712
3.64932 0.881745
3.65433 0.890801
3.65933 0.899879
3.66433 0.90898
3.66933 0.918101
3.67434 0.927244
3.67934 0.936407
3.68434 0.94559
3.68934 0.954793
3.69435 0.964014
3.69935 0.973254
3.70435 0.982511
3.70935 0.991785
3.71436 1.00108
3.71936 1.01038
3.72436 1.01971
3.72936 1.02904
3.73437 1.0384
3.73937 1.04776
3.74437 1.05714
3.74937 1.06653
3.75438 1.07594
3.75938 1.08535
3.76438 1.09478
3.76938 1.10421
3.77439 1.11366
3.77939 1.12311
3.78439 1.13257
3.78939 1.14205
3.7944 1.15152
3.7994 1.16101
3.8044 1.1705
3.8094 1.17999
3.81441 1.18949
3.81941 1.19899
3.82441 1.2085
3.82941 1.21801
3.83442 1.22752
3.83942 1.23703
3.84442 1.24655
3.84942 1.25606
3.85443 1.26557
3.85943 1.27508
3.86443 1.28459
3.86943 1.29409
3.87444 1.30359
3.87944 1.31309
3.88444 1.32258
3.88944 1.33207
3.89445 1.34155
3.89945 1.35102
3.90445 1.36048
3.90945 1.36994
3.91446 1.37938
3.91946 1.38882
3.92446 1.39824
3.92946 1.40765
3.93447 1.41705
3.93947 1.42644
3.94447 1.43581
3.94947 1.44516
3.95448 1.4545
3.95948 1.46383
3.96448 1.47313
3.96948 1.48242
3.97449 1.49169
3.97949 1.50094
3.98449 1.51017
3.98949 1.51938
3.9945 1.52856
3.9995 1.53772
4.0045 1.54686
4.0095 1.55597
4.01451 1.56506
4.01951 1.57412
4.02451 1.58315
4.02951 1.59216
4.03452 1.60113
4.03952 1.61008
4.04452 1.61899
4.04952 1.62787
4.05453 1.63672
4.05953 1.64553
4.06453 1.65431
4.06953 1.66306
4.07454 1.67176
4.07954 1.68043
4.08454 1.68907
4.08954 1.69766
4.09455 1.70621
4.09955 1.71472
4.10455 1.72319
4.10955 1.73161
4.11456 1.73999
4.11956 1.74833
4.12456 1.75662
4.12956 1.76486
4.13457 1.77305
4.13957 1.7812
4.14457 1.78929
4.14957 1.79734
4.15458 1.80533
4.15958 1.81326
4.16458 1.82115
4.16958 1.82897
4.17459 1.83675
4.17959 1.84446
4.18459 1.85211
4.18959 1.85971
4.1946 1.86724
4.1996 1.87472
4.2046 1.88213
4.2096 1.88947
4.21461 1.89675
4.21961 1.90397
4.22461 1.91111
4.22961 1.91819
4.23462 1.9252
4.23962 1.93214
4.24462 1.93901
4.24962 1.9458
4.25463 1.95252
4.25963 1.95917
4.26463 1.96573
4.26963 1.97222
4.27464 1.97863
4.27964 1.98497
4.28464 1.99122
4.28964 1.99738
4.29465 2.00347
4.29965 2.00947
4.30465 2.01538
4.30965 2.02121
4.31466 2.02695
4.31966 2.03259
4.32466 2.03815
4.32966 2.04362
4.33467 2.04899
4.33967 2.05426
4.34467 2.05944
4.34967 2.06453
4.35468 2.06951
4.35968 2.0744
4.36468 2.07918
4.36968 2.08386
4.37469 2.08844
4.37969 2.09292
4.38469 2.09728
4.38969 2.10154
4.3947 2.10569
4.3997 2.10973
4.4047 2.11366
4.4097 2.11747
4.41471 2.12117
4.41971 2.12475
4.42471 2.12822
4.42971 2.13157
4.43472 2.1348
4.43972 2.1379
4.44472 2.14089
4.44972 2.14375
4.45473 2.14648
4.45973 2.14909
4.46473 2.15157
4.46973 2.15392
4.47474 2.15613
4.47974 2.15822
4.48474 2.16017
4.48974 2.16198
4.49475 2.16366
4.49975 2.16519
4.50475 2.16659
4.50975 2.16785
4.51476 2.16896
4.51976 2.16992
4.52476 2.17075
4.52976 2.17142
4.53477 2.17194
4.53977 2.17231
4.54477 2.17253
4.54977 2.1726
4.55478 2.17251
4.55978 2.17226
4.56478 2.17186
4.56978 2.17129
4.57479 2.17056
4.57979 2.16967
4.58479 2.16861
4.58979 2.16739
4.5948 2.166
4.5998 2.16443
4.6048 2.1627
4.6098 2.16079
4.61481 2.15871
4.61981 2.15645
4.62481 2.15401
4.62981 2.15139
4.63482 2.14859
4.63982 2.1456
4.64482 2.14243
4.64982 2.13908
4.65483 2.13553
4.65983 2.13179
4.66483 2.12787
4.66983 2.12374
4.67484 2.11943
4.67984 2.11491
4.68484 2.1102
4.68984 2.10528
4.69485 2.10016
4.69985 2.09484
4.70485 2.08931
4.70985 2.08357
4.71486 2.07762
4.71986 2.07146
4.72486 2.06509
4.72986 2.0585
4.73487 2.0517
4.73987 2.04467
4.74487 2.03742
4.74987 2.02995
4.75488 2.02226
4.75988 2.01434
4.76488 2.00619
4.76988 1.9978
4.77489 1.98919
4.77989 1.98034
4.78489 1.97126
4.78989 1.96193
4.7949 1.95237
4.7999 1.94257
4.8049 1.93251
4.8099 1.92222
4.81491 1.91167
4.81991 1.90088
4.82491 1.88983
4.82991 1.87853
4.83492 1.86697
4.83992 1.85516
4.84492 1.84308
4.84992 1.83074
4.85493 1.81814
4.85993 1.80527
4.86493 1.79213
4.86993 1.77872
4.87494 1.76503
4.87994 1.75108
4.88494 1.73684
4.88994 1.72233
4.89495 1.70753
4.89995 1.69245
4.90495 1.67709
4.90995 1.66144
4.91496 1.6455
4.91996 1.62926
4.92496 1.61273
4.92996 1.59591
4.93497 1.57879
4.93997 1.56136
4.94497 1.54364
4.94997 1.5256
4.95498 1.50726
4.95998 1.48861
4.96498 1.46965
4.96998 1.45037
4.97499 1.43078
4.97999 1.41087
4.98499 1.39063
4.98999 1.37008
4.995 1.3492
5 1.32798
