-5 1.32798
-4.995 1.36139
-4.98999 1.39365
-4.98499 1.42477
-4.97999 1.45477
-4.97499 1.48369
-4.96998 1.51154
-4.96498 1.53833
-4.95998 1.56409
-4.95498 1.58883
-4.94997 1.61258
-4.94497 1.63536
-4.93997 1.65718
-4.93497 1.67806
-4.92996 1.69802
-4.92496 1.71707
-4.91996 1.73525
-4.91496 1.75255
-4.90995 1.769
-4.90495 1.78462
-4.89995 1.79942
-4.89495 1.81342
-4.88994 1.82664
-4.88494 1.83908
-4.87994 1.85078
-4.87494 1.86174
-4.86993 1.87197
-4.86493 1.8815
-4.85993 1.89034
-4.85493 1.8985
-4.84992 1.906
-4.84492 1.91285
-4.83992 1.91907
-4.83492 1.92467
-4.82991 1.92966
-4.82491 1.93406
-4.81991 1.93788
-4.81491 1.94113
-4.8099 1.94384
-4.8049 1.946
-4.7999 1.94764
-4.7949 1.94876
-4.78989 1.94938
-4.78489 1.9495
-4.77989 1.94915
-4.77489 1.94834
-4.76988 1.94707
-4.76488 1.94535
-4.75988 1.9432
-4.75488 1.94063
-4.74987 1.93765
-4.74487 1.93428
-4.73987 1.93051
-4.73487 1.92636
-4.72986 1.92185
-4.72486 1.91697
-4.71986 1.91175
-4.71486 1.90619
-4.70985 1.9003
-4.70485 1.8941
-4.69985 1.88758
-4.69485 1.88076
-4.68984 1.87365
-4.68484 1.86626
-4.67984 1.85859
-4.67484 1.85066
-4.66983 1.84247
-4.66483 1.83403
-4.65983 1.82535
-4.65483 1.81644
-4.64982 1.80731
-4.64482 1.79796
-4.63982 1.7884
-4.63482 1.77863
-4.62981 1.76868
-4.62481 1.75854
-4.61981 1.74822
-4.61481 1.73772
-4.6098 1.72706
-4.6048 1.71625
-4.5998 1.70528
-4.5948 1.69416
-4.58979 1.68291
-4.58479 1.67152
-4.57979 1.66001
-4.57479 1.64838
-4.56978 1.63663
-4.56478 1.62478
-4.55978 1.61282
-4.55478 1.60077
-4.54977 1.58862
-4.54477 1.57639
-4.53977 1.56408
-4.53477 1.55169
-4.52976 1.53923
-4.52476 1.52671
-4.51976 1.51413
-4.51476 1.50149
-4.50975 1.4888
-4.50475 1.47607
-4.49975 1.46329
-4.49475 1.45048
-4.48974 1.43764
-4.48474 1.42477
-4.47974 1.41187
-4.47474 1.39896
-4.46973 1.38603
-4.46473 1.37308
-4.45973 1.36013
-4.45473 1.34718
-4.44972 1.33422
-4.44472 1.32127
-4.43972 1.30833
-4.43472 1.29539
-4.42971 1.28247
-4.42471 1.26957
-4.41971 1.25668
-4.41471 1.24382
-4.4097 1.23098
-4.4047 1.21818
-4.3997 1.20541
-4.3947 1.19267
-4.38969 1.17997
-4.38469 1.16731
-4.37969 1.15469
-4.37469 1.14212
-4.36968 1.1296
-4.36468 1.11712
-4.35968 1.1047
-4.35468 1.09234
-4.34967 1.08003
-4.34467 1.06779
-4.33967 1.0556
-4.33467 1.04348
-4.32966 1.03143
-4.32466 1.01944
-4.31966 1.00752
-4.31466 0.995676
-4.30965 0.983904
-4.30465 0.972207
-4.29965 0.960586
-4.29465 0.949044
-4.28964 0.937582
-4.28464 0.926201
-4.27964 0.914903
-4.27464 0.903689
-4.26963 0.89256
-4.26463 0.881519
-4.25963 0.870565
-4.25463 0.859701
-4.24962 0.848928
-4.24462 0.838245
-4.23962 0.827656
-4.23462 0.81716
-4.22961 0.806758
-4.22461 0.796453
-4.21961 0.786243
-4.21461 0.776131
-4.2096 0.766117
-4.2046 0.756201
-4.1996 0.746386
-4.1946 0.73667
-4.18959 0.727055
-4.18459 0.717542
-4.17959 0.70813
-4.17459 0.698821
-4.16958 0.689616
-4.16458 0.680513
-4.15958 0.671515
-4.15458 0.662621
-4.14957 0.653831
-4.14457 0.645147
-4.13957 0.636568
-4.13457 0.628094
-4.12956 0.619726
-4.12456 0.611464
-4.11956 0.603308
-4.11456 0.595258
-4.10955 0.587315
-4.10455 0.579478
-4.09955 0.571748
-4.09455 0.564124
-4.08954 0.556607
-4.08454 0.549196
-4.07954 0.541891
-4.07454 0.534693
-4.06953 0.527601
-4.06453 0.520615
-4.05953 0.513735
-4.05453 0.506961
-4.04952 0.500292
-4.04452 0.493729
-4.03952 0.487271
-4.03452 0.480917
-4.02951 0.474669
-4.02451 0.468524
-4.01951 0.462483
-4.01451 0.456546
-4.0095 0.450713
-4.0045 0.444981
-3.9995 0.439353
-3.9945 0.433826
-3.98949 0.428401
-3.98449 0.423077
-3.97949 0.417854
-3.97449 0.412731
-3.96948 0.407707
-3.96448 0.402783
-3.95948 0.397957
-3.95448 0.393229
-3.94947 0.388599
-3.94447 0.384066
-3.93947 0.379629
-3.93447 0.375288
-3.92946 0.371042
-3.92446 0.366891
-3.91946 0.362833
-3.91446 0.358869
-3.90945 0.354997
-3.90445 0.351217
-3.89945 0.347528
-3.89445 0.34393
-3.88944 0.340422
-3.88444 0.337003
-3.87944 0.333672
-3.87444 0.330429
-3.86943 0.327273
-3.86443 0.324203
-3.85943 0.321218
-3.85443 0.318319
-3.84942 0.315503
-3.84442 0.31277
-3.83942 0.31012
-3.83442 0.307552
-3.82941 0.305064
-3.82441 0.302656
-3.81941 0.300328
-3.81441 0.298078
-3.8094 0.295905
-3.8044 0.29381
-3.7994 0.29179
-3.7944 0.289846
-3.78939 0.287975
-3.78439 0.286179
-3.77939 0.284455
-3.77439 0.282802
-3.76938 0.281221
-3.76438 0.27971
-3.75938 0.278268
-3.75438 0.276895
-3.74937 0.275589
-3.74437 0.27435
-3.73937 0.273177
-3.73437 0.272069
-3.72936 0.271025
-3.72436 0.270045
-3.71936 0.269126
-3.71436 0.26827
-3.70935 0.267474
-3.70435 0.266738
-3.69935 0.266061
-3.69435 0.265443
-3.68934 0.264881
-3.68434 0.264377
-3.67934 0.263927
-3.67434 0.263533
-3.66933 0.263192
-3.66433 0.262905
-3.65933 0.262669
-3.65433 0.262485
-3.64932 0.262352
-3.64432 0.262268
-3.63932 0.262233
-3.63432 0.262246
-3.62931 0.262306
-3.62431 0.262413
-3.61931 0.262565
-3.61431 0.262761
-3.6093 0.263002
-3.6043 0.263285
-3.5993 0.263611
-3.5943 0.263978
-3.58929 0.264385
-3.58429 0.264833
-3.57929 0.265319
-3.57429 0.265843
-3.56928 0.266405
-3.56428 0.267003
-3.55928 0.267637
-3.55428 0.268306
-3.54927 0.269009
-3.54427 0.269746
-3.53927 0.270515
-3.53427 0.271316
-3.52926 0.272149
-3.52426 0.273011
-3.51926 0.273904
-3.51426 0.274825
-3.50925 0.275774
-3.50425 0.276751
-3.49925 0.277754
-3.49425 0.278784
-3.48924 0.279838
-3.48424 0.280917
-3.47924 0.28202
-3.47424 0.283146
-3.46923 0.284295
-3.46423 0.285465
-3.45923 0.286656
-3.45423 0.287868
-3.44922 0.2891
-3.44422 0.29035
-3.43922 0.291619
-3.43422 0.292906
-3.42921 0.294209
-3.42421 0.295529
-3.41921 0.296865
-3.41421 0.298217
-3.4092 0.299582
-3.4042 0.300962
-3.3992 0.302355
-3.3942 0.303761
-3.38919 0.30518
-3.38419 0.306609
-3.37919 0.30805
-3.37419 0.309501
-3.36918 0.310963
-3.36418 0.312433
-3.35918 0.313912
-3.35418 0.3154
-3.34917 0.316895
-3.34417 0.318398
-3.33917 0.319907
-3.33417 0.321422
-3.32916 0.322943
-3.32416 0.324469
-3.31916 0.326
-3.31416 0.327535
-3.30915 0.329073
-3.30415 0.330615
-3.29915 0.33216
-3.29415 0.333707
-3.28914 0.335255
-3.28414 0.336806
-3.27914 0.338357
-3.27414 0.339909
-3.26913 0.341461
-3.26413 0.343012
-3.25913 0.344563
-3.25413 0.346113
-3.24912 0.347662
-3.24412 0.349209
-3.23912 0.350753
-3.23412 0.352295
-3.22911 0.353834
-3.22411 0.35537
-3.21911 0.356902
-3.21411 0.35843
-3.2091 0.359954
-3.2041 0.361473
-3.1991 0.362988
-3.1941 0.364497
-3.18909 0.366001
-3.18409 0.367498
-3.17909 0.36899
-3.17409 0.370475
-3.16908 0.371954
-3.16408 0.373426
-3.15908 0.37489
-3.15408 0.376347
-3.14907 0.377797
-3.14407 0.379238
-3.13907 0.380672
-3.13407 0.382097
-3.12906 0.383513
-3.12406 0.384921
-3.11906 0.386319
-3.11406 0.387709
-3.10905 0.389089
-3.10405 0.39046
-3.09905 0.391821
-3.09405 0.393172
-3.08904 0.394513
-3.08404 0.395843
-3.07904 0.397164
-3.07404 0.398474
-3.06903 0.399773
-3.06403 0.401062
-3.05903 0.40234
-3.05403 0.403607
-3.04902 0.404863
-3.04402 0.406107
-3.03902 0.407341
-3.03402 0.408563
-3.02901 0.409773
-3.02401 0.410972
-3.01901 0.41216
-3.01401 0.413336
-3.009 0.4145
-3.004 0.415653
-2.999 0.416794
-2.994 0.417923
-2.98899 0.41904
-2.98399 0.420145
-2.97899 0.421238
-2.97399 0.42232
-2.96898 0.42339
-2.96398 0.424447
-2.95898 0.425493
-2.95398 0.426527
-2.94897 0.427549
-2.94397 0.42856
-2.93897 0.429558
-2.93397 0.430545
-2.92896 0.43152
-2.92396 0.432483
-2.91896 0.433435
-2.91396 0.434375
-2.90895 0.435303
-2.90395 0.43622
-2.89895 0.437126
-2.89395 0.43802
-2.88894 0.438904
-2.88394 0.439776
-2.87894 0.440636
-2.87394 0.441486
-2.86893 0.442325
-2.86393 0.443154
-2.85893 0.443972
-2.85393 0.444779
-2.84892 0.445575
-2.84392 0.446362
-2.83892 0.447138
-2.83392 0.447904
-2.82891 0.448661
-2.82391 0.449407
-2.81891 0.450145
-2.81391 0.450872
-2.8089 0.45159
-2.8039 0.4523
-2.7989 0.453
-2.7939 0.453691
-2.78889 0.454374
-2.78389 0.455048
-2.77889 0.455714
-2.77389 0.456372
-2.76888 0.457022
-2.76388 0.457664
-2.75888 0.458299
-2.75388 0.458927
-2.74887 0.459547
-2.74387 0.46016
-2.73887 0.460767
-2.73387 0.461367
-2.72886 0.461961
-2.72386 0.462549
-2.71886 0.463131
-2.71386 0.463707
-2.70885 0.464278
-2.70385 0.464844
-2.69885 0.465404
-2.69385 0.46596
-2.68884 0.466512
-2.68384 0.467059
-2.67884 0.467603
-2.67384 0.468142
-2.66883 0.468678
-2.66383 0.469211
-2.65883 0.469741
-2.65383 0.470268
-2.64882 0.470793
-2.64382 0.471315
-2.63882 0.471836
-2.63382 0.472355
-2.62881 0.472872
-2.62381 0.473389
-2.61881 0.473904
-2.61381 0.474419
-2.6088 0.474933
-2.6038 0.475448
-2.5988 0.475962
-2.5938 0.476478
-2.58879 0.476994
-2.58379 0.477511
-2.57879 0.478029
-2.57379 0.478549
-2.56878 0.479071
-2.56378 0.479595
-2.55878 0.480122
-2.55378 0.480652
-2.54877 0.481184
-2.54377 0.48172
-2.53877 0.48226
-2.53377 0.482804
-2.52876 0.483352
-2.52376 0.483904
-2.51876 0.484462
-2.51376 0.485024
-2.50875 0.485593
-2.50375 0.486167
-2.49875 0.486747
-2.49375 0.487333
-2.48874 0.487926
-2.48374 0.488526
-2.47874 0.489134
-2.47374 0.489749
-2.46873 0.490372
-2.46373 0.491003
-2.45873 0.491642
-2.45373 0.492291
-2.44872 0.492949
-2.44372 0.493616
-2.43872 0.494293
-2.43372 0.49498
-2.42871 0.495677
-2.42371 0.496385
-2.41871 0.497104
-2.41371 0.497834
-2.4087 0.498576
-2.4037 0.499329
-2.3987 0.500095
-2.3937 0.500874
-2.38869 0.501665
-2.38369 0.502469
-2.37869 0.503287
-2.37369 0.504118
-2.36868 0.504964
-2.36368 0.505824
-2.35868 0.506698
-2.35368 0.507587
-2.34867 0.508492
-2.34367 0.509412
-2.33867 0.510347
-2.33367 0.511299
-2.32866 0.512268
-2.32366 0.513253
-2.31866 0.514255
-2.31366 0.515274
-2.30865 0.516311
-2.30365 0.517365
-2.29865 0.518438
-2.29365 0.519529
-2.28864 0.520639
-2.28364 0.521768
-2.27864 0.522917
-2.27364 0.524084
-2.26863 0.525272
-2.26363 0.52648
-2.25863 0.527708
-2.25363 0.528957
-2.24862 0.530227
-2.24362 0.531518
-2.23862 0.53283
-2.23362 0.534164
-2.22861 0.53552
-2.22361 0.536899
-2.21861 0.5383
-2.21361 0.539724
-2.2086 0.541171
-2.2036 0.542641
-2.1986 0.544135
-2.1936 0.545652
-2.18859 0.547194
-2.18359 0.54876
-2.17859 0.55035
-2.17359 0.551966
-2.16858 0.553606
-2.16358 0.555272
-2.15858 0.556963
-2.15358 0.55868
-2.14857 0.560423
-2.14357 0.562192
-2.13857 0.563988
-2.13357 0.56581
-2.12856 0.567659
-2.12356 0.569535
-2.11856 0.571439
-2.11356 0.57337
-2.10855 0.575329
-2.10355 0.577316
-2.09855 0.579331
-2.09355 0.581374
-2.08854 0.583446
-2.08354 0.585547
-2.07854 0.587677
-2.07354 0.589836
-2.06853 0.592024
-2.06353 0.594242
-2.05853 0.596489
-2.05353 0.598766
-2.04852 0.601074
-2.04352 0.603412
-2.03852 0.60578
-2.03352 0.608178
-2.02851 0.610608
-2.02351 0.613068
-2.01851 0.61556
-2.01351 0.618083
-2.0085 0.620637
-2.0035 0.623223
-1.9985 0.62584
-1.9935 0.628489
-1.98849 0.631171
-1.98349 0.633884
-1.97849 0.63663
-1.97349 0.639408
-1.96848 0.642218
-1.96348 0.645061
-1.95848 0.647937
-1.95348 0.650846
-1.94847 0.653788
-1.94347 0.656763
-1.93847 0.659771
-1.93347 0.662813
-1.92846 0.665888
-1.92346 0.668996
-1.91846 0.672139
-1.91346 0.675314
-1.90845 0.678524
-1.90345 0.681768
-1.89845 0.685045
-1.89345 0.688357
-1.88844 0.691703
-1.88344 0.695083
-1.87844 0.698497
-1.87344 0.701945
-1.86843 0.705428
-1.86343 0.708946
-1.85843 0.712498
-1.85343 0.716084
-1.84842 0.719705
-1.84342 0.723361
-1.83842 0.727051
-1.83342 0.730777
-1.82841 0.734537
-1.82341 0.738331
-1.81841 0.742161
-1.81341 0.746025
-1.8084 0.749925
-1.8034 0.753859
-1.7984 0.757828
-1.7934 0.761832
-1.78839 0.76587
-1.78339 0.769944
-1.77839 0.774053
-1.77339 0.778196
-1.76838 0.782375
-1.76338 0.786588
-1.75838 0.790836
-1.75338 0.795119
-1.74837 0.799437
-1.74337 0.803789
-1.73837 0.808177
-1.73337 0.812599
-1.72836 0.817055
-1.72336 0.821547
-1.71836 0.826073
-1.71336 0.830633
-1.70835 0.835228
-1.70335 0.839857
-1.69835 0.844521
-1.69335 0.849219
-1.68834 0.853952
-1.68334 0.858718
-1.67834 0.863519
-1.67334 0.868353
-1.66833 0.873222
-1.66333 0.878124
-1.65833 0.88306
-1.65333 0.88803
-1.64832 0.893033
-1.64332 0.89807
-1.63832 0.90314
-1.63332 0.908244
-1.62831 0.913381
-1.62331 0.91855
-1.61831 0.923753
-1.61331 0.928988
-1.6083 0.934257
-1.6033 0.939557
-1.5983 0.94489
-1.5933 0.950256
-1.58829 0.955653
-1.58329 0.961083
-1.57829 0.966544
-1.57329 0.972038
-1.56828 0.977562
-1.56328 0.983119
-1.55828 0.988706
-1.55328 0.994325
-1.54827 0.999974
-1.54327 1.00565
-1.53827 1.01137
-1.53327 1.01711
-1.52826 1.02288
-1.52326 1.02868
-1.51826 1.03451
-1.51326 1.04037
-1.50825 1.04626
-1.50325 1.05218
-1.49825 1.05813
-1.49325 1.06411
-1.48824 1.07012
-1.48324 1.07615
-1.47824 1.08222
-1.47324 1.08831
-1.46823 1.09443
-1.46323 1.10058
-1.45823 1.10675
-1.45323 1.11295
-1.44822 1.11918
-1.44322 1.12544
-1.43822 1.13172
-1.43322 1.13803
-1.42821 1.14436
-1.42321 1.15072
-1.41821 1.15711
-1.41321 1.16352
-1.4082 1.16996
-1.4032 1.17642
-1.3982 1.1829
-1.3932 1.18941
-1.38819 1.19595
-1.38319 1.2025
-1.37819 1.20909
-1.37319 1.21569
-1.36818 1.22232
-1.36318 1.22897
-1.35818 1.23564
-1.35318 1.24233
-1.34817 1.24905
-1.34317 1.25579
-1.33817 1.26255
-1.33317 1.26933
-1.32816 1.27613
-1.32316 1.28295
-1.31816 1.28979
-1.31316 1.29665
-1.30815 1.30353
-1.30315 1.31043
-1.29815 1.31735
-1.29315 1.32429
-1.28814 1.33125
-1.28314 1.33822
-1.27814 1.34521
-1.27314 1.35222
-1.26813 1.35925
-1.26313 1.36629
-1.25813 1.37335
-1.25313 1.38042
-1.24812 1.38751
-1.24312 1.39462
-1.23812 1.40174
-1.23312 1.40887
-1.22811 1.41602
-1.22311 1.42319
-1.21811 1.43036
-1.21311 1.43755
-1.2081 1.44476
-1.2031 1.45197
-1.1981 1.4592
-1.1931 1.46644
-1.18809 1.47369
-1.18309 1.48096
-1.17809 1.48823
-1.17309 1.49551
-1.16808 1.50281
-1.16308 1.51011
-1.15808 1.51743
-1.15308 1.52475
-1.14807 1.53208
-1.14307 1.53942
-1.13807 1.54677
-1.13307 1.55412
-1.12806 1.56149
-1.12306 1.56886
-1.11806 1.57623
-1.11306 1.58361
-1.10805 1.591
-1.10305 1.59839
-1.09805 1.60579
-1.09305 1.61319
-1.08804 1.6206
-1.08304 1.62801
-1.07804 1.63543
-1.07304 1.64284
-1.06803 1.65026
-1.06303 1.65768
-1.05803 1.66511
-1.05303 1.67253
-1.04802 1.67996
-1.04302 1.68739
-1.03802 1.69481
-1.03302 1.70224
-1.02801 1.70967
-1.02301 1.71709
-1.01801 1.72452
-1.01301 1.73194
-1.008 1.73936
-1.003 1.74678
-0.997999 1.7542
-0.992996 1.76161
-0.987994 1.76902
-0.982991 1.77642
-0.977989 1.78382
-0.972986 1.79122
-0.967984 1.79861
-0.962981 1.80599
-0.957979 1.81337
-0.952976 1.82074
-0.947974 1.82811
-0.942971 1.83546
-0.937969 1.84281
-0.932966 1.85016
-0.927964 1.85749
-0.922961 1.86481
-0.917959 1.87213
-0.912956 1.87944
-0.907954 1.88673
-0.902951 1.89402
-0.897949 1.90129
-0.892946 1.90855
-0.887944 1.9158
-0.882941 1.92304
-0.877939 1.93027
-0.872936 1.93748
-0.867934 1.94468
-0.862931 1.95187
-0.857929 1.95904
-0.852926 1.9662
-0.847924 1.97334
-0.842921 1.98047
-0.837919 1.98758
-0.832916 1.99468
-0.827914 2.00176
-0.822911 2.00882
-0.817909 2.01587
-0.812906 2.02289
-0.807904 2.0299
-0.802901 2.03689
-0.797899 2.04387
-0.792896 2.05082
-0.787894 2.05775
-0.782891 2.06466
-0.777889 2.07156
-0.772886 2.07843
-0.767884 2.08528
-0.762881 2.09211
-0.757879 2.09891
-0.752876 2.1057
-0.747874 2.11246
-0.742871 2.11919
-0.737869 2.12591
-0.732866 2.1326
-0.727864 2.13926
-0.722861 2.1459
-0.717859 2.15252
-0.712856 2.15911
-0.707854 2.16567
-0.702851 2.17221
-0.697849 2.17872
-0.692846 2.1852
-0.687844 2.19166
-0.682841 2.19809
-0.677839 2.20449
-0.672836 2.21086
-0.667834 2.2172
-0.662831 2.22352
-0.657829 2.2298
-0.652826 2.23606
-0.647824 2.24228
-0.642821 2.24847
-0.637819 2.25463
-0.632816 2.26076
-0.627814 2.26686
-0.622811 2.27293
-0.617809 2.27896
-0.612806 2.28496
-0.607804 2.29093
-0.602801 2.29686
-0.597799 2.30276
-0.592796 2.30862
-0.587794 2.31445
-0.582791 2.32025
-0.577789 2.32601
-0.572786 2.33173
-0.567784 2.33742
-0.562781 2.34307
-0.557779 2.34869
-0.552776 2.35427
-0.547774 2.35981
-0.542771 2.36531
-0.537769 2.37077
-0.532766 2.3762
-0.527764 2.38159
-0.522761 2.38694
-0.517759 2.39225
-0.512756 2.39752
-0.507754 2.40275
-0.502751 2.40794
-0.497749 2.41308
-0.492746 2.41819
-0.487744 2.42326
-0.482741 2.42828
-0.477739 2.43327
-0.472736 2.43821
-0.467734 2.44311
-0.462731 2.44797
-0.457729 2.45278
-0.452726 2.45755
-0.447724 2.46228
-0.442721 2.46696
-0.437719 2.4716
-0.432716 2.47619
-0.427714 2.48074
-0.422711 2.48525
-0.417709 2.48971
-0.412706 2.49412
-0.407704 2.49849
-0.402701 2.50281
-0.397699 2.50709
-0.392696 2.51132
-0.387694 2.5155
-0.382691 2.51964
-0.377689 2.52373
-0.372686 2.52777
-0.367684 2.53176
-0.362681 2.53571
-0.357679 2.5396
-0.352676 2.54345
-0.347674 2.54725
-0.342671 2.551
-0.337669 2.55471
-0.332666 2.55836
-0.327664 2.56196
-0.322661 2.56551
-0.317659 2.56902
-0.312656 2.57247
-0.307654 2.57587
-0.302651 2.57923
-0.297649 2.58253
-0.292646 2.58578
-0.287644 2.58898
-0.282641 2.59212
-0.277639 2.59522
-0.272636 2.59826
-0.267634 2.60125
-0.262631 2.60419
-0.257629 2.60708
-0.252626 2.60992
-0.247624 2.6127
-0.242621 2.61543
-0.237619 2.6181
-0.232616 2.62073
-0.227614 2.6233
-0.222611 2.62581
-0.217609 2.62827
-0.212606 2.63068
-0.207604 2.63304
-0.202601 2.63534
-0.197599 2.63758
-0.192596 2.63978
-0.187594 2.64191
-0.182591 2.644
-0.177589 2.64602
-0.172586 2.648
-0.167584 2.64991
-0.162581 2.65178
-0.157579 2.65358
-0.152576 2.65534
-0.147574 2.65703
-0.142571 2.65867
-0.137569 2.66026
-0.132566 2.66179
-0.127564 2.66326
-0.122561 2.66468
-0.117559 2.66604
-0.112556 2.66735
-0.107554 2.6686
-0.102551 2.66979
-0.0975488 2.67093
-0.0925463 2.67201
-0.0875438 2.67303
-0.0825413 2.674
-0.0775388 2.67491
-0.0725363 2.67577
-0.0675338 2.67656
-0.0625313 2.6773
-0.0575288 2.67799
-0.0525263 2.67861
-0.0475238 2.67918
-0.0425213 2.6797
-0.0375188 2.68015
-0.0325163 2.68055
-0.0275138 2.6809
-0.0225113 2.68118
-0.0175088 2.68141
-0.0125063 2.68158
-0.00750375 2.68169
-0.00250125 2.68175
0.00250125 2.68175
0.00750375 2.68169
0.0125063 2.68158
0.0175088 2.68141
0.0225113 2.68118
0.0275138 2.6809
0.0325163 2.68055
0.0375188 2.68015
0.0425213 2.6797
0.0475238 2.67918
0.0525263 2.67861
0.0575288 2.67799
0.0625313 2.6773
0.0675338 2.67656
0.0725363 2.67577
0.0775388 2.67491
0.0825413 2.674
0.0875438 2.67303
0.0925463 2.67201
0.0975488 2.67093
0.102551 2.66979
0.107554 2.6686
0.112556 2.66735
0.117559 2.66604
0.122561 2.66468
0.127564 2.66326
0.132566 2.66179
0.137569 2.66026
0.142571 2.65867
0.147574 2.65703
0.152576 2.65534
0.157579 2.65358
0.162581 2.65178
0.167584 2.64991
0.172586 2.648
0.177589 2.64602
0.182591 2.644
0.187594 2.64191
0.192596 2.63978
0.197599 2.63758
0.202601 2.63534
0.207604 2.63304
0.212606 2.63068
0.217609 2.62827
0.222611 2.62581
0.227614 2.6233
0.232616 2.62073
0.237619 2.6181
0.242621 2.61543
0.247624 2.6127
0.252626 2.60992
0.257629 2.60708
0.262631 2.60419
0.267634 2.60125
0.272636 2.59826
0.277639 2.59522
0.282641 2.59212
0.287644 2.58898
0.292646 2.58578
0.297649 2.58253
0.302651 2.57923
0.307654 2.57587
0.312656 2.57247
0.317659 2.56902
0.322661 2.56551
0.327664 2.56196
0.332666 2.55836
0.337669 2.55471
0.342671 2.551
0.347674 2.54725
0.352676 2.54345
0.357679 2.5396
0.362681 2.53571
0.367684 2.53176
0.372686 2.52777
0.377689 2.52373
0.382691 2.51964
0.387694 2.5155
0.392696 2.51132
0.397699 2.50709
0.402701 2.50281
0.407704 2.49849
0.412706 2.49412
0.417709 2.48971
0.422711 2.48525
0.427714 2.48074
0.432716 2.47619
0.437719 2.4716
0.442721 2.46696
0.447724 2.46228
0.452726 2.45755
0.457729 2.45278
0.462731 2.44797
0.467734 2.44311
0.472736 2.43821
0.477739 2.43327
0.482741 2.42828
0.487744 2.42326
0.492746 2.41819
0.497749 2.41308
0.502751 2.40794
0.507754 2.40275
0.512756 2.39752
0.517759 2.39225
0.522761 2.38694
0.527764 2.38159
0.532766 2.3762
0.537769 2.37077
0.542771 2.36531
0.547774 2.35981
0.552776 2.35427
0.557779 2.34869
0.562781 2.34307
0.567784 2.33742
0.572786 2.33173
0.577789 2.32601
0.582791 2.32025
0.587794 2.31445
0.592796 2.30862
0.597799 2.30276
0.602801 2.29686
0.607804 2.29093
0.612806 2.28496
0.617809 2.27896
0.622811 2.27293
0.627814 2.26686
0.632816 2.26076
0.637819 2.25463
0.642821 2.24847
0.647824 2.24228
0.652826 2.23606
0.657829 2.2298
0.662831 2.22352
0.667834 2.2172
0.672836 2.21086
0.677839 2.20449
0.682841 2.19809
0.687844 2.19166
0.692846 2.1852
0.697849 2.17872
0.702851 2.17221
0.707854 2.16567
0.712856 2.15911
0.717859 2.15252
0.722861 2.1459
0.727864 2.13926
0.732866 2.1326
0.737869 2.12591
0.742871 2.11919
0.747874 2.11246
0.752876 2.1057
0.757879 2.09891
0.762881 2.09211
0.767884 2.08528
0.772886 2.07843
0.777889 2.07156
0.782891 2.06466
0.787894 2.05775
0.792896 2.05082
0.797899 2.04387
0.802901 2.03689
0.807904 2.0299
0.812906 2.02289
0.817909 2.01587
0.822911 2.00882
0.827914 2.00176
0.832916 1.99468
0.837919 1.98758
0.842921 1.98047
0.847924 1.97334
0.852926 1.9662
0.857929 1.95904
0.862931 1.95187
0.867934 1.94468
0.872936 1.93748
0.877939 1.93027
0.882941 1.92304
0.887944 1.9158
0.892946 1.90855
0.897949 1.90129
0.902951 1.89402
0.907954 1.88673
0.912956 1.87944
0.917959 1.87213
0.922961 1.86481
0.927964 1.85749
0.932966 1.85016
0.937969 1.84281
0.942971 1.83546
0.947974 1.82811
0.952976 1.82074
0.957979 1.81337
0.962981 1.80599
0.967984 1.79861
0.972986 1.79122
0.977989 1.78382
0.982991 1.77642
0.987994 1.76902
0.992996 1.76161
0.997999 1.7542
1.003 1.74678
1.008 1.73936
1.01301 1.73194
1.01801 1.72452
1.02301 1.71709
1.02801 1.70967
1.03302 1.70224
1.03802 1.69481
1.04302 1.68739
1.04802 1.67996
1.05303 1.67253
1.05803 1.66511
1.06303 1.65768
1.06803 1.65026
1.07304 1.64284
1.07804 1.63543
1.08304 1.62801
1.08804 1.6206
1.09305 1.61319
1.09805 1.60579
1.10305 1.59839
1.10805 1.591
1.11306 1.58361
1.11806 1.57623
1.12306 1.56886
1.12806 1.56149
1.13307 1.55412
1.13807 1.54677
1.14307 1.53942
1.14807 1.53208
1.15308 1.52475
1.15808 1.51743
1.16308 1.51011
1.16808 1.50281
1.17309 1.49551
1.17809 1.48823
1.18309 1.48096
1.18809 1.47369
1.1931 1.46644
1.1981 1.4592
1.2031 1.45197
1.2081 1.44476
1.21311 1.43755
1.21811 1.43036
1.22311 1.42319
1.22811 1.41602
1.23312 1.40887
1.23812 1.40174
1.24312 1.39462
1.24812 1.38751
1.25313 1.38042
1.25813 1.37335
1.26313 1.36629
1.26813 1.35925
1.27314 1.35222
1.27814 1.34521
1.28314 1.33822
1.28814 1.33125
1.29315 1.32429
1.29815 1.31735
1.30315 1.31043
1.30815 1.30353
1.31316 1.29665
1.31816 1.28979
1.32316 1.28295
1.32816 1.27613
1.33317 1.26933
1.33817 1.26255
1.34317 1.25579
1.34817 1.24905
1.35318 1.24233
1.35818 1.23564
1.36318 1.22897
1.36818 1.22232
1.37319 1.21569
1.37819 1.20909
1.38319 1.2025
1.38819 1.19595
1.3932 1.18941
1.3982 1.1829
1.4032 1.17642
1.4082 1.16996
1.41321 1.16352
1.41821 1.15711
1.42321 1.15072
1.42821 1.14436
1.43322 1.13803
1.43822 1.13172
1.44322 1.12544
1.44822 1.11918
1.45323 1.11295
1.45823 1.10675
1.46323 1.10058
1.46823 1.09443
1.47324 1.08831
1.47824 1.08222
1.48324 1.07615
1.48824 1.07012
1.49325 1.06411
1.49825 1.05813
1.50325 1.05218
1.50825 1.04626
1.51326 1.04037
1.51826 1.03451
1.52326 1.02868
1.52826 1.02288
1.53327 1.01711
1.53827 1.01137
1.54327 1.00565
1.54827 0.999974
1.55328 0.994325
1.55828 0.988706
1.56328 0.983119
1.56828 0.977562
1.57329 0.972038
1.57829 0.966544
1.58329 0.961083
1.58829 0.955653
1.5933 0.950256
1.5983 0.94489
1.6033 0.939557
1.6083 0.934257
1.61331 0.928988
1.61831 0.923753
1.62331 0.91855
1.62831 0.913381
1.63332 0.908244
1.63832 0.90314
1.64332 0.89807
1.64832 0.893033
1.65333 0.88803
1.65833 0.88306
1.66333 0.878124
1.66833 0.873222
1.67334 0.868353
1.67834 0.863519
1.68334 0.858718
1.68834 0.853952
1.69335 0.849219
1.69835 0.844521
1.70335 0.839857
1.70835 0.835228
1.71336 0.830633
1.71836 0.826073
1.72336 0.821547
1.72836 0.817055
1.73337 0.812599
1.73837 0.808177
1.74337 0.803789
1.74837 0.799437
1.75338 0.795119
1.75838 0.790836
1.76338 0.786588
1.76838 0.782375
1.77339 0.778196
1.77839 0.774053
1.78339 0.769944
1.78839 0.76587
1.7934 0.761832
1.7984 0.757828
1.8034 0.753859
1.8084 0.749925
1.81341 0.746025
1.81841 0.742161
1.82341 0.738331
1.82841 0.734537
1.83342 0.730777
1.83842 0.727051
1.84342 0.723361
1.84842 0.719705
1.85343 0.716084
1.85843 0.712498
1.86343 0.708946
1.86843 0.705428
1.87344 0.701945
1.87844 0.698497
1.88344 0.695083
1.88844 0.691703
1.89345 0.688357
1.89845 0.685045
1.90345 0.681768
1.90845 0.678524
1.91346 0.675314
1.91846 0.672139
1.92346 0.668996
1.92846 0.665888
1.93347 0.662813
1.93847 0.659771
1.94347 0.656763
1.94847 0.653788
1.95348 0.650846
1.95848 0.647937
1.96348 0.645061
1.96848 0.642218
1.97349 0.639408
1.97849 0.63663
1.98349 0.633884
1.98849 0.631171
1.9935 0.628489
1.9985 0.62584
2.0035 0.623223
2.0085 0.620637
2.01351 0.618083
2.01851 0.61556
2.02351 0.613068
2.02851 0.610608
2.03352 0.608178
2.03852 0.60578
2.04352 0.603412
2.04852 0.601074
2.05353 0.598766
2.05853 0.596489
2.06353 0.594242
2.06853 0.592024
2.07354 0.589836
2.07854 0.587677
2.08354 0.585547
2.08854 0.583446
2.09355 0.581374
2.09855 0.579331
2.10355 0.577316
2.10855 0.575329
2.11356 0.57337
2.11856 0.571439
2.12356 0.569535
2.12856 0.567659
2.13357 0.56581
2.13857 0.563988
2.14357 0.562192
2.14857 0.560423
2.15358 0.55868
2.15858 0.556963
2.16358 0.555272
2.16858 0.553606
2.17359 0.551966
2.17859 0.55035
2.18359 0.54876
2.18859 0.547194
2.1936 0.545652
2.1986 0.544135
2.2036 0.542641
2.2086 0.541171
2.21361 0.539724
2.21861 0.5383
2.22361 0.536899
2.22861 0.53552
2.23362 0.534164
2.23862 0.53283
2.24362 0.531518
2.24862 0.530227
2.25363 0.528957
2.25863 0.527708
2.26363 0.52648
2.26863 0.525272
2.27364 0.524084
2.27864 0.522917
2.28364 0.521768
2.28864 0.520639
2.29365 0.519529
2.29865 0.518438
2.30365 0.517365
2.30865 0.516311
2.31366 0.515274
2.31866 0.514255
2.32366 0.513253
2.32866 0.512268
2.33367 0.511299
2.33867 0.510347
2.34367 0.509412
2.34867 0.508492
2.35368 0.507587
2.35868 0.506698
2.36368 0.505824
2.36868 0.504964
2.37369 0.504118
2.37869 0.503287
2.38369 0.502469
2.38869 0.501665
2.3937 0.500874
2.3987 0.500095
2.4037 0.499329
2.4087 0.498576
2.41371 0.497834
2.41871 0.497104
2.42371 0.496385
2.42871 0.495677
2.43372 0.49498
2.43872 0.494293
2.44372 0.493616
2.44872 0.492949
2.45373 0.492291
2.45873 0.491642
2.46373 0.491003
2.46873 0.490372
2.47374 0.489749
2.47874 0.489134
2.48374 0.488526
2.48874 0.487926
2.49375 0.487333
2.49875 0.486747
2.50375 0.486167
2.50875 0.485593
2.51376 0.485024
2.51876 0.484462
2.52376 0.483904
2.52876 0.483352
2.53377 0.482804
2.53877 0.48226
2.54377 0.48172
2.54877 0.481184
2.55378 0.480652
2.55878 0.480122
2.56378 0.479595
2.56878 0.479071
2.57379 0.478549
2.57879 0.478029
2.58379 0.477511
2.58879 0.476994
2.5938 0.476478
2.5988 0.475962
2.6038 0.475448
2.6088 0.474933
2.61381 0.474419
2.61881 0.473904
2.62381 0.473389
2.62881 0.472872
2.63382 0.472355
2.63882 0.471836
2.64382 0.471315
2.64882 0.470793
2.65383 0.470268
2.65883 0.469741
2.66383 0.469211
2.66883 0.468678
2.67384 0.468142
2.67884 0.467603
2.68384 0.467059
2.68884 0.466512
2.69385 0.46596
2.69885 0.465404
2.70385 0.464844
2.70885 0.464278
2.71386 0.463707
2.71886 0.463131
2.72386 0.462549
2.72886 0.461961
2.73387 0.461367
2.73887 0.460767
2.74387 0.46016
2.74887 0.459547
2.75388 0.458927
2.75888 0.458299
2.76388 0.457664
2.76888 0.457022
2.77389 0.456372
2.77889 0.455714
2.78389 0.455048
2.78889 0.454374
2.7939 0.453691
2.7989 0.453
2.8039 0.4523
2.8089 0.45159
2.81391 0.450872
2.81891 0.450145
2.82391 0.449407
2.82891 0.448661
2.83392 0.447904
2.83892 0.447138
2.84392 0.446362
2.84892 0.445575
2.85393 0.444779
2.85893 0.443972
2.86393 0.443154
2.86893 0.442325
2.87394 0.441486
2.87894 0.440636
2.88394 0.439776
2.88894 0.438904
2.89395 0.43802
2.89895 0.437126
2.90395 0.43622
2.90895 0.435303
2.91396 0.434375
2.91896 0.433435
2.92396 0.432483
2.92896 0.43152
2.93397 0.430545
2.93897 0.429558
2.94397 0.42856
2.94897 0.427549
2.95398 0.426527
2.95898 0.425493
2.96398 0.424447
2.96898 0.42339
2.97399 0.42232
2.97899 0.421238
2.98399 0.420145
2.98899 0.41904
2.994 0.417923
2.999 0.416794
3.004 0.415653
3.009 0.4145
3.01401 0.413336
3.01901 0.41216
3.02401 0.410972
3.02901 0.409773
3.03402 0.408563
3.03902 0.407341
3.04402 0.406107
3.04902 0.404863
3.05403 0.403607
3.05903 0.40234
3.06403 0.401062
3.06903 0.399773
3.07404 0.398474
3.07904 0.397164
3.08404 0.395843
3.08904 0.394513
3.09405 0.393172
3.09905 0.391821
3.10405 0.39046
3.10905 0.389089
3.11406 0.387709
3.11906 0.386319
3.12406 0.384921
3.12906 0.383513
3.13407 0.382097
3.13907 0.380672
3.14407 0.379238
3.14907 0.377797
3.15408 0.376347
3.15908 0.37489
3.16408 0.373426
3.16908 0.371954
3.17409 0.370475
3.17909 0.36899
3.18409 0.367498
3.18909 0.366001
3.1941 0.364497
3.1991 0.362988
3.2041 0.361473
3.2091 0.359954
3.21411 0.35843
3.21911 0.356902
3.22411 0.35537
3.22911 0.353834
3.23412 0.352295
3.23912 0.350753
3.24412 0.349209
3.24912 0.347662
3.25413 0.346113
3.25913 0.344563
3.26413 0.343012
3.26913 0.341461
3.27414 0.339909
3.27914 0.338357
3.28414 0.336806
3.28914 0.335255
3.29415 0.333707
3.29915 0.33216
3.30415 0.330615
3.30915 0.329073
3.31416 0.327535
3.31916 0.326
3.32416 0.324469
3.32916 0.322943
3.33417 0.321422
3.33917 0.319907
3.34417 0.318398
3.34917 0.316895
3.35418 0.3154
3.35918 0.313912
3.36418 0.312433
3.36918 0.310963
3.37419 0.309501
3.37919 0.30805
3.38419 0.306609
3.38919 0.30518
3.3942 0.303761
3.3992 0.302355
3.4042 0.300962
3.4092 0.299582
3.41421 0.298217
3.41921 0.296865
3.42421 0.295529
3.42921 0.294209
3.43422 0.292906
3.43922 0.291619
3.44422 0.29035
3.44922 0.2891
3.45423 0.287868
3.45923 0.286656
3.46423 0.285465
3.46923 0.284295
3.47424 0.283146
3.47924 0.28202
3.48424 0.280917
3.48924 0.279838
3.49425 0.278784
3.49925 0.277754
3.50425 0.276751
3.50925 0.275774
3.51426 0.274825
3.51926 0.273904
3.52426 0.273011
3.52926 0.272149
3.53427 0.271316
3.53927 0.270515
3.54427 0.269746
3.54927 0.269009
3.55428 0.268306
3.55928 0.267637
3.56428 0.267003
3.56928 0.266405
3.57429 0.265843
3.57929 0.265319
3.58429 0.264833
3.58929 0.264385
3.5943 0.263978
3.5993 0.263611
3.6043 0.263285
3.6093 0.263002
3.61431 0.262761
3.61931 0.262565
3.62431 0.262413
3.62931 0.262306
3.63432 0.262246
3.63932 0.262233
3.64432 0.262268
3.64932 0.262352
3.65433 0.262485
3.65933 0.262669
3.66433 0.262905
3.66933 0.263192
3.67434 0.263533
3.67934 0.263927
3.68434 0.264377
3.68934 0.264881
3.69435 0.265443
3.69935 0.266061
3.70435 0.266738
3.70935 0.267474
3.71436 0.26827
3.71936 0.269126
3.72436 0.270045
3.72936 0.271025
3.73437 0.272069
3.73937 0.273177
3.74437 0.27435
3.74937 0.275589
3.75438 0.276895
3.75938 0.278268
3.76438 0.27971
3.76938 0.281221
3.77439 0.282802
3.77939 0.284455
3.78439 0.286179
3.78939 0.287975
3.7944 0.289846
3.7994 0.29179
3.8044 0.29381
3.8094 0.295905
3.81441 0.298078
3.81941 0.300328
3.82441 0.302656
3.82941 0.305064
3.83442 0.307552
3.83942 0.31012
3.84442 0.31277
3.84942 0.315503
3.85443 0.318319
3.85943 0.321218
3.86443 0.324203
3.86943 0.327273
3.87444 0.330429
3.87944 0.333672
3.88444 0.337003
3.88944 0.340422
3.89445 0.34393
3.89945 0.347528
3.90445 0.351217
3.90945 0.354997
3.91446 0.358869
3.91946 0.362833
3.92446 0.366891
3.92946 0.371042
3.93447 0.375288
3.93947 0.379629
3.94447 0.384066
3.94947 0.388599
3.95448 0.393229
3.95948 0.397957
3.96448 0.402783
3.96948 0.407707
3.97449 0.412731
3.97949 0.417854
3.98449 0.423077
3.98949 0.428401
3.9945 0.433826
3.9995 0.439353
4.0045 0.444981
4.0095 0.450713
4.01451 0.456546
4.01951 0.462483
4.02451 0.468524
4.02951 0.474669
4.03452 0.480917
4.03952 0.487271
4.04452 0.493729
4.04952 0.500292
4.05453 0.506961
4.05953 0.513735
4.06453 0.520615
4.06953 0.527601
4.07454 0.534693
4.07954 0.541891
4.08454 0.549196
4.08954 0.556607
4.09455 0.564124
4.09955 0.571748
4.10455 0.579478
4.10955 0.587315
4.11456 0.595258
4.11956 0.603308
4.12456 0.611464
4.12956 0.619726
4.13457 0.628094
4.13957 0.636568
4.14457 0.645147
4.14957 0.653831
4.15458 0.662621
4.15958 0.671515
4.16458 0.680513
4.16958 0.689616
4.17459 0.698821
4.17959 0.70813
4.18459 0.717542
4.18959 0.727055
4.1946 0.73667
4.1996 0.746386
4.2046 0.756201
4.2096 0.766117
4.21461 0.776131
4.21961 0.786243
4.22461 0.796453
4.22961 0.806758
4.23462 0.81716
4.23962 0.827656
4.24462 0.838245
4.24962 0.848928
4.25463 0.859701
4.25963 0.870565
4.26463 0.881519
4.26963 0.89256
4.27464 0.903689
4.27964 0.914903
4.28464 0.926201
4.28964 0.937582
4.29465 0.949044
4.29965 0.960586
4.30465 0.972207
4.30965 0.983904
4.31466 0.995676
4.31966 1.00752
4.32466 1.01944
4.32966 1.03143
4.33467 1.04348
4.33967 1.0556
4.34467 1.06779
4.34967 1.08003
4.35468 1.09234
4.35968 1.1047
4.36468 1.11712
4.36968 1.1296
4.37469 1.14212
4.37969 1.15469
4.38469 1.16731
4.38969 1.17997
4.3947 1.19267
4.3997 1.20541
4.4047 1.21818
4.4097 1.23098
4.41471 1.24382
4.41971 1.25668
4.42471 1.26957
4.42971 1.28247
4.43472 1.29539
4.43972 1.30833
4.44472 1.32127
4.44972 1.33422
4.45473 1.34718
4.45973 1.36013
4.46473 1.37308
4.46973 1.38603
4.47474 1.39896
4.47974 1.41187
4.48474 1.42477
4.48974 1.43764
4.49475 1.45048
4.49975 1.46329
4.50475 1.47607
4.50975 1.4888
4.51476 1.50149
4.51976 1.51413
4.52476 1.52671
4.52976 1.53923
4.53477 1.55169
4.53977 1.56408
4.54477 1.57639
4.54977 1.58862
4.55478 1.60077
4.55978 1.61282
4.56478 1.62478
4.56978 1.63663
4.57479 1.64838
4.57979 1.66001
4.58479 1.67152
4.58979 1.68291
4.5948 1.69416
4.5998 1.70528
4.6048 1.71625
4.6098 1.72706
4.61481 1.73772
4.61981 1.74822
4.62481 1.75854
4.62981 1.76868
4.63482 1.77863
4.63982 1.7884
4.64482 1.79796
4.64982 1.80731
4.65483 1.81644
4.65983 1.82535
4.66483 1.83403
4.66983 1.84247
4.67484 1.85066
4.67984 1.85859
4.68484 1.86626
4.68984 1.87365
4.69485 1.88076
4.69985 1.88758
4.70485 1.8941
4.70985 1.9003
4.71486 1.90619
4.71986 1.91175
4.72486 1.91697
4.72986 1.92185
4.73487 1.92636
4.73987 1.93051
4.74487 1.93428
4.74987 1.93765
4.75488 1.94063
4.75988 1.9432
4.76488 1.94535
4.76988 1.94707
4.77489 1.94834
4.77989 1.94915
4.78489 1.9495
4.78989 1.94938
4.7949 1.94876
4.7999 1.94764
4.8049 1.946
4.8099 1.94384
4.81491 1.94113
4.81991 1.93788
4.82491 1.93406
4.82991 1.92966
4.83492 1.92467
4.83992 1.91907
4.84492 1.91285
4.84992 1.906
4.85493 1.8985
4.85993 1.89034
4.86493 1.8815
4.86993 1.87197
4.87494 1.86174
4.87994 1.85078
4.88494 1.83908
4.88994 1.82664
4.89495 1.81342
4.89995 1.79942
4.90495 1.78462
4.90995 1.769
4.91496 1.75255
4.91996 1.73525
4.92496 1.71707
4.92996 1.69802
4.93497 1.67806
4.93997 1.65718
4.94497 1.63536
4.94997 1.61258
4.95498 1.58883
4.95998 1.56409
4.96498 1.53833
4.96998 1.51154
4.97499 1.48369
4.97999 1.45477
4.98499 1.42477
4.98999 1.39365
4.995 1.36139
5 1.32798
