-5 0.0121079
-4.995 0.0175202
-4.98999 0.0229272
-4.98499 0.0283287
-4.97999 0.0337248
-4.97499 0.0391154
-4.96998 0.0445007
-4.96498 0.0498805
-4.95998 0.055255
-4.95498 0.060624
-4.94997 0.0659876
-4.94497 0.0713457
-4.93997 0.0766985
-4.93497 0.0820458
-4.92996 0.0873877
-4.92496 0.0927242
-4.91996 0.0980553
-4.91496 0.103381
-4.90995 0.108701
-4.90495 0.114016
-4.89995 0.119325
-4.89495 0.124629
-4.88994 0.129928
-4.88494 0.135221
-4.87994 0.140509
-4.87494 0.145791
-4.86993 0.151068
-4.86493 0.15634
-4.85993 0.161606
-4.85493 0.166866
-4.84992 0.172122
-4.84492 0.177371
-4.83992 0.182616
-4.83492 0.187855
-4.82991 0.193088
-4.82491 0.198316
-4.81991 0.203539
-4.81491 0.208756
-4.8099 0.213968
-4.8049 0.219175
-4.7999 0.224376
-4.7949 0.229572
-4.78989 0.234762
-4.78489 0.239947
-4.77989 0.245126
-4.77489 0.2503
-4.76988 0.255468
-4.76488 0.260632
-4.75988 0.265789
-4.75488 0.270942
-4.74987 0.276088
-4.74487 0.28123
-4.73987 0.286366
-4.73487 0.291497
-4.72986 0.296622
-4.72486 0.301742
-4.71986 0.306856
-4.71486 0.311965
-4.70985 0.317068
-4.70485 0.322167
-4.69985 0.327259
-4.69485 0.332347
-4.68984 0.337428
-4.68484 0.342505
-4.67984 0.347576
-4.67484 0.352641
-4.66983 0.357702
-4.66483 0.362756
-4.65983 0.367806
-4.65483 0.37285
-4.64982 0.377888
-4.64482 0.382921
-4.63982 0.387949
-4.63482 0.392971
-4.62981 0.397988
-4.62481 0.403
-4.61981 0.408006
-4.61481 0.413006
-4.6098 0.418001
-4.6048 0.422991
-4.5998 0.427975
-4.5948 0.432954
-4.58979 0.437928
-4.58479 0.442896
-4.57979 0.447859
-4.57479 0.452816
-4.56978 0.457768
-4.56478 0.462714
-4.55978 0.467655
-4.55478 0.472591
-4.54977 0.477521
-4.54477 0.482446
-4.53977 0.487365
-4.53477 0.492279
-4.52976 0.497187
-4.52476 0.50209
-4.51976 0.506988
-4.51476 0.51188
-4.50975 0.516767
-4.50475 0.521649
-4.49975 0.526525
-4.49475 0.531395
-4.48974 0.53626
-4.48474 0.54112
-4.47974 0.545974
-4.47474 0.550823
-4.46973 0.555667
-4.46473 0.560505
-4.45973 0.565337
-4.45473 0.570165
-4.44972 0.574987
-4.44472 0.579803
-4.43972 0.584614
-4.43472 0.589419
-4.42971 0.59422
-4.42471 0.599014
-4.41971 0.603804
-4.41471 0.608587
-4.4097 0.613366
-4.4047 0.618139
-4.3997 0.622907
-4.3947 0.627669
-4.38969 0.632426
-4.38469 0.637177
-4.37969 0.641923
-4.37469 0.646664
-4.36968 0.651399
-4.36468 0.656128
-4.35968 0.660853
-4.35468 0.665572
-4.34967 0.670285
-4.34467 0.674993
-4.33967 0.679696
-4.33467 0.684393
-4.32966 0.689085
-4.32466 0.693771
-4.31966 0.698452
-4.31466 0.703127
-4.30965 0.707798
-4.30465 0.712462
-4.29965 0.717122
-4.29465 0.721775
-4.28964 0.726424
-4.28464 0.731067
-4.27964 0.735704
-4.27464 0.740337
-4.26963 0.744963
-4.26463 0.749585
-4.25963 0.754201
-4.25463 0.758811
-4.24962 0.763416
-4.24462 0.768016
-4.23962 0.77261
-4.23462 0.777199
-4.22961 0.781783
-4.22461 0.786361
-4.21961 0.790933
-4.21461 0.7955
-4.2096 0.800062
-4.2046 0.804618
-4.1996 0.809169
-4.1946 0.813715
-4.18959 0.818255
-4.18459 0.82279
-4.17959 0.827319
-4.17459 0.831843
-4.16958 0.836361
-4.16458 0.840874
-4.15958 0.845382
-4.15458 0.849884
-4.14957 0.854381
-4.14457 0.858872
-4.13957 0.863358
-4.13457 0.867838
-4.12956 0.872313
-4.12456 0.876783
-4.11956 0.881247
-4.11456 0.885706
-4.10955 0.89016
-4.10455 0.894608
-4.09955 0.89905
-4.09455 0.903487
-4.08954 0.907919
-4.08454 0.912345
-4.07954 0.916766
-4.07454 0.921182
-4.06953 0.925592
-4.06453 0.929996
-4.05953 0.934396
-4.05453 0.938789
-4.04952 0.943178
-4.04452 0.947561
-4.03952 0.951938
-4.03452 0.95631
-4.02951 0.960677
-4.02451 0.965038
-4.01951 0.969394
-4.01451 0.973745
-4.0095 0.97809
-4.0045 0.982429
-3.9995 0.986764
-3.9945 0.991092
-3.98949 0.995416
-3.98449 0.999734
-3.97949 1.00405
-3.97449 1.00835
-3.96948 1.01266
-3.96448 1.01695
-3.95948 1.02124
-3.95448 1.02553
-3.94947 1.02981
-3.94447 1.03408
-3.93947 1.03835
-3.93447 1.04262
-3.92946 1.04687
-3.92446 1.05113
-3.91946 1.05537
-3.91446 1.05962
-3.90945 1.06385
-3.90445 1.06808
-3.89945 1.07231
-3.89445 1.07653
-3.88944 1.08075
-3.88444 1.08496
-3.87944 1.08916
-3.87444 1.09336
-3.86943 1.09755
-3.86443 1.10174
-3.85943 1.10592
-3.85443 1.1101
-3.84942 1.11427
-3.84442 1.11844
-3.83942 1.1226
-3.83442 1.12675
-3.82941 1.1309
-3.82441 1.13505
-3.81941 1.13919
-3.81441 1.14332
-3.8094 1.14745
-3.8044 1.15157
-3.7994 1.15569
-3.7944 1.1598
-3.78939 1.16391
-3.78439 1.16801
-3.77939 1.17211
-3.77439 1.1762
-3.76938 1.18028
-3.76438 1.18436
-3.75938 1.18843
-3.75438 1.1925
-3.74937 1.19657
-3.74437 1.20062
-3.73937 1.20468
-3.73437 1.20872
-3.72936 1.21277
-3.72436 1.2168
-3.71936 1.22083
-3.71436 1.22486
-3.70935 1.22888
-3.70435 1.23289
-3.69935 1.2369
-3.69435 1.24091
-3.68934 1.2449
-3.68434 1.2489
-3.67934 1.25288
-3.67434 1.25687
-3.66933 1.26084
-3.66433 1.26481
-3.65933 1.26878
-3.65433 1.27274
-3.64932 1.2767
-3.64432 1.28064
-3.63932 1.28459
-3.63432 1.28853
-3.62931 1.29246
-3.62431 1.29639
-3.61931 1.30031
-3.61431 1.30423
-3.6093 1.30814
-3.6043 1.31205
-3.5993 1.31595
-3.5943 1.31984
-3.58929 1.32373
-3.58429 1.32762
-3.57929 1.3315
-3.57429 1.33537
-3.56928 1.33924
-3.56428 1.3431
-3.55928 1.34696
-3.55428 1.35081
-3.54927 1.35466
-3.54427 1.3585
-3.53927 1.36233
-3.53427 1.36616
-3.52926 1.36999
-3.52426 1.37381
-3.51926 1.37762
-3.51426 1.38143
-3.50925 1.38523
-3.50425 1.38903
-3.49925 1.39283
-3.49425 1.39661
-3.48924 1.40039
-3.48424 1.40417
-3.47924 1.40794
-3.47424 1.41171
-3.46923 1.41547
-3.46423 1.41922
-3.45923 1.42297
-3.45423 1.42671
-3.44922 1.43045
-3.44422 1.43418
-3.43922 1.43791
-3.43422 1.44163
-3.42921 1.44535
-3.42421 1.44906
-3.41921 1.45277
-3.41421 1.45647
-3.4092 1.46016
-3.4042 1.46385
-3.3992 1.46754
-3.3942 1.47121
-3.38919 1.47489
-3.38419 1.47856
-3.37919 1.48222
-3.37419 1.48588
-3.36918 1.48953
-3.36418 1.49317
-3.35918 1.49681
-3.35418 1.50045
-3.34917 1.50408
-3.34417 1.5077
-3.33917 1.51132
-3.33417 1.51494
-3.32916 1.51854
-3.32416 1.52215
-3.31916 1.52574
-3.31416 1.52934
-3.30915 1.53292
-3.30415 1.5365
-3.29915 1.54008
-3.29415 1.54365
-3.28914 1.54722
-3.28414 1.55077
-3.27914 1.55433
-3.27414 1.55788
-3.26913 1.56142
-3.26413 1.56496
-3.25913 1.56849
-3.25413 1.57202
-3.24912 1.57554
-3.24412 1.57906
-3.23912 1.58257
-3.23412 1.58607
-3.22911 1.58957
-3.22411 1.59307
-3.21911 1.59655
-3.21411 1.60004
-3.2091 1.60352
-3.2041 1.60699
-3.1991 1.61046
-3.1941 1.61392
-3.18909 1.61738
-3.18409 1.62083
-3.17909 1.62427
-3.17409 1.62771
-3.16908 1.63115
-3.16408 1.63458
-3.15908 1.638
-3.15408 1.64142
-3.14907 1.64483
-3.14407 1.64824
-3.13907 1.65164
-3.13407 1.65504
-3.12906 1.65843
-3.12406 1.66182
-3.11906 1.6652
-3.11406 1.66857
-3.10905 1.67194
-3.10405 1.67531
-3.09905 1.67867
-3.09405 1.68202
-3.08904 1.68537
-3.08404 1.68871
-3.07904 1.69205
-3.07404 1.69538
-3.06903 1.69871
-3.06403 1.70203
-3.05903 1.70534
-3.05403 1.70865
-3.04902 1.71196
-3.04402 1.71526
-3.03902 1.71855
-3.03402 1.72184
-3.02901 1.72512
-3.02401 1.7284
-3.01901 1.73167
-3.01401 1.73494
-3.009 1.7382
-3.004 1.74146
-2.999 1.74471
-2.994 1.74795
-2.98899 1.75119
-2.98399 1.75443
-2.97899 1.75766
-2.97399 1.76088
-2.96898 1.7641
-2.96398 1.76731
-2.95898 1.77052
-2.95398 1.77372
-2.94897 1.77692
-2.94397 1.78011
-2.93897 1.78329
-2.93397 1.78647
-2.92896 1.78965
-2.92396 1.79282
-2.91896 1.79598
-2.91396 1.79914
-2.90895 1.80229
-2.90395 1.80544
-2.89895 1.80858
-2.89395 1.81172
-2.88894 1.81485
-2.88394 1.81798
-2.87894 1.8211
-2.87394 1.82421
-2.86893 1.82732
-2.86393 1.83043
-2.85893 1.83353
-2.85393 1.83662
-2.84892 1.83971
-2.84392 1.84279
-2.83892 1.84587
-2.83392 1.84894
-2.82891 1.85201
-2.82391 1.85507
-2.81891 1.85812
-2.81391 1.86117
-2.8089 1.86422
-2.8039 1.86726
-2.7989 1.87029
-2.7939 1.87332
-2.78889 1.87634
-2.78389 1.87936
-2.77889 1.88237
-2.77389 1.88538
-2.76888 1.88838
-2.76388 1.89138
-2.75888 1.89437
-2.75388 1.89735
-2.74887 1.90033
-2.74387 1.90331
-2.73887 1.90628
-2.73387 1.90924
-2.72886 1.9122
-2.72386 1.91515
-2.71886 1.9181
-2.71386 1.92104
-2.70885 1.92398
-2.70385 1.92691
-2.69885 1.92983
-2.69385 1.93275
-2.68884 1.93567
-2.68384 1.93858
-2.67884 1.94148
-2.67384 1.94438
-2.66883 1.94727
-2.66383 1.95016
-2.65883 1.95304
-2.65383 1.95592
-2.64882 1.95879
-2.64382 1.96166
-2.63882 1.96452
-2.63382 1.96737
-2.62881 1.97022
-2.62381 1.97307
-2.61881 1.97591
-2.61381 1.97874
-2.6088 1.98157
-2.6038 1.98439
-2.5988 1.98721
-2.5938 1.99002
-2.58879 1.99283
-2.58379 1.99563
-2.57879 1.99842
-2.57379 2.00121
-2.56878 2.004
-2.56378 2.00678
-2.55878 2.00955
-2.55378 2.01232
-2.54877 2.01508
-2.54377 2.01784
-2.53877 2.02059
-2.53377 2.02334
-2.52876 2.02608
-2.52376 2.02882
-2.51876 2.03155
-2.51376 2.03427
-2.50875 2.03699
-2.50375 2.03971
-2.49875 2.04242
-2.49375 2.04512
-2.48874 2.04782
-2.48374 2.05051
-2.47874 2.0532
-2.47374 2.05588
-2.46873 2.05855
-2.46373 2.06123
-2.45873 2.06389
-2.45373 2.06655
-2.44872 2.06921
-2.44372 2.07186
-2.43872 2.0745
-2.43372 2.07714
-2.42871 2.07977
-2.42371 2.0824
-2.41871 2.08502
-2.41371 2.08764
-2.4087 2.09025
-2.4037 2.09285
-2.3987 2.09545
-2.3937 2.09805
-2.38869 2.10064
-2.38369 2.10322
-2.37869 2.1058
-2.37369 2.10838
-2.36868 2.11094
-2.36368 2.11351
-2.35868 2.11606
-2.35368 2.11862
-2.34867 2.12116
-2.34367 2.1237
-2.33867 2.12624
-2.33367 2.12877
-2.32866 2.13129
-2.32366 2.13381
-2.31866 2.13633
-2.31366 2.13884
-2.30865 2.14134
-2.30365 2.14384
-2.29865 2.14633
-2.29365 2.14881
-2.28864 2.1513
-2.28364 2.15377
-2.27864 2.15624
-2.27364 2.15871
-2.26863 2.16117
-2.26363 2.16362
-2.25863 2.16607
-2.25363 2.16851
-2.24862 2.17095
-2.24362 2.17338
-2.23862 2.17581
-2.23362 2.17823
-2.22861 2.18065
-2.22361 2.18306
-2.21861 2.18547
-2.21361 2.18787
-2.2086 2.19026
-2.2036 2.19265
-2.1986 2.19503
-2.1936 2.19741
-2.18859 2.19978
-2.18359 2.20215
-2.17859 2.20451
-2.17359 2.20687
-2.16858 2.20922
-2.16358 2.21157
-2.15858 2.21391
-2.15358 2.21624
-2.14857 2.21857
-2.14357 2.2209
-2.13857 2.22322
-2.13357 2.22553
-2.12856 2.22784
-2.12356 2.23014
-2.11856 2.23244
-2.11356 2.23473
-2.10855 2.23702
-2.10355 2.2393
-2.09855 2.24157
-2.09355 2.24384
-2.08854 2.24611
-2.08354 2.24837
-2.07854 2.25062
-2.07354 2.25287
-2.06853 2.25511
-2.06353 2.25735
-2.05853 2.25958
-2.05353 2.26181
-2.04852 2.26403
-2.04352 2.26624
-2.03852 2.26846
-2.03352 2.27066
-2.02851 2.27286
-2.02351 2.27505
-2.01851 2.27724
-2.01351 2.27943
-2.0085 2.2816
-2.0035 2.28378
-1.9985 2.28594
-1.9935 2.28811
-1.98849 2.29026
-1.98349 2.29241
-1.97849 2.29456
-1.97349 2.2967
-1.96848 2.29883
-1.96348 2.30096
-1.95848 2.30309
-1.95348 2.3052
-1.94847 2.30732
-1.94347 2.30942
-1.93847 2.31153
-1.93347 2.31362
-1.92846 2.31571
-1.92346 2.3178
-1.91846 2.31988
-1.91346 2.32196
-1.90845 2.32403
-1.90345 2.32609
-1.89845 2.32815
-1.89345 2.3302
-1.88844 2.33225
-1.88344 2.33429
-1.87844 2.33633
-1.87344 2.33836
-1.86843 2.34039
-1.86343 2.34241
-1.85843 2.34442
-1.85343 2.34643
-1.84842 2.34844
-1.84342 2.35044
-1.83842 2.35243
-1.83342 2.35442
-1.82841 2.3564
-1.82341 2.35838
-1.81841 2.36035
-1.81341 2.36232
-1.8084 2.36428
-1.8034 2.36623
-1.7984 2.36819
-1.7934 2.37013
-1.78839 2.37207
-1.78339 2.374
-1.77839 2.37593
-1.77339 2.37786
-1.76838 2.37977
-1.76338 2.38169
-1.75838 2.38359
-1.75338 2.38549
-1.74837 2.38739
-1.74337 2.38928
-1.73837 2.39117
-1.73337 2.39305
-1.72836 2.39492
-1.72336 2.39679
-1.71836 2.39865
-1.71336 2.40051
-1.70835 2.40237
-1.70335 2.40421
-1.69835 2.40606
-1.69335 2.40789
-1.68834 2.40972
-1.68334 2.41155
-1.67834 2.41337
-1.67334 2.41518
-1.66833 2.41699
-1.66333 2.4188
-1.65833 2.4206
-1.65333 2.42239
-1.64832 2.42418
-1.64332 2.42596
-1.63832 2.42774
-1.63332 2.42951
-1.62831 2.43128
-1.62331 2.43304
-1.61831 2.43479
-1.61331 2.43654
-1.6083 2.43829
-1.6033 2.44002
-1.5983 2.44176
-1.5933 2.44349
-1.58829 2.44521
-1.58329 2.44693
-1.57829 2.44864
-1.57329 2.45035
-1.56828 2.45205
-1.56328 2.45374
-1.55828 2.45543
-1.55328 2.45712
-1.54827 2.4588
-1.54327 2.46047
-1.53827 2.46214
-1.53327 2.4638
-1.52826 2.46546
-1.52326 2.46711
-1.51826 2.46876
-1.51326 2.4704
-1.50825 2.47204
-1.50325 2.47367
-1.49825 2.47529
-1.49325 2.47691
-1.48824 2.47853
-1.48324 2.48014
-1.47824 2.48174
-1.47324 2.48334
-1.46823 2.48493
-1.46323 2.48652
-1.45823 2.4881
-1.45323 2.48968
-1.44822 2.49125
-1.44322 2.49282
-1.43822 2.49438
-1.43322 2.49593
-1.42821 2.49748
-1.42321 2.49902
-1.41821 2.50056
-1.41321 2.5021
-1.4082 2.50362
-1.4032 2.50515
-1.3982 2.50666
-1.3932 2.50817
-1.38819 2.50968
-1.38319 2.51118
-1.37819 2.51268
-1.37319 2.51417
-1.36818 2.51565
-1.36318 2.51713
-1.35818 2.5186
-1.35318 2.52007
-1.34817 2.52154
-1.34317 2.52299
-1.33817 2.52444
-1.33317 2.52589
-1.32816 2.52733
-1.32316 2.52877
-1.31816 2.5302
-1.31316 2.53162
-1.30815 2.53304
-1.30315 2.53446
-1.29815 2.53587
-1.29315 2.53727
-1.28814 2.53867
-1.28314 2.54006
-1.27814 2.54145
-1.27314 2.54283
-1.26813 2.5442
-1.26313 2.54557
-1.25813 2.54694
-1.25313 2.5483
-1.24812 2.54965
-1.24312 2.551
-1.23812 2.55235
-1.23312 2.55368
-1.22811 2.55502
-1.22311 2.55634
-1.21811 2.55767
-1.21311 2.55898
-1.2081 2.56029
-1.2031 2.5616
-1.1981 2.5629
-1.1931 2.56419
-1.18809 2.56548
-1.18309 2.56677
-1.17809 2.56805
-1.17309 2.56932
-1.16808 2.57059
-1.16308 2.57185
-1.15808 2.57311
-1.15308 2.57436
-1.14807 2.5756
-1.14307 2.57684
-1.13807 2.57808
-1.13307 2.57931
-1.12806 2.58053
-1.12306 2.58175
-1.11806 2.58297
-1.11306 2.58418
-1.10805 2.58538
-1.10305 2.58658
-1.09805 2.58777
-1.09305 2.58895
-1.08804 2.59013
-1.08304 2.59131
-1.07804 2.59248
-1.07304 2.59365
-1.06803 2.5948
-1.06303 2.59596
-1.05803 2.59711
-1.05303 2.59825
-1.04802 2.59939
-1.04302 2.60052
-1.03802 2.60165
-1.03302 2.60277
-1.02801 2.60389
-1.02301 2.605
-1.01801 2.6061
-1.01301 2.6072
-1.008 2.6083
-1.003 2.60938
-0.997999 2.61047
-0.992996 2.61155
-0.987994 2.61262
-0.982991 2.61369
-0.977989 2.61475
-0.972986 2.6158
-0.967984 2.61686
-0.962981 2.6179
-0.957979 2.61894
-0.952976 2.61998
-0.947974 2.62101
-0.942971 2.62203
-0.937969 2.62305
-0.932966 2.62406
-0.927964 2.62507
-0.922961 2.62607
-0.917959 2.62707
-0.912956 2.62806
-0.907954 2.62905
-0.902951 2.63003
-0.897949 2.631
-0.892946 2.63197
-0.887944 2.63294
-0.882941 2.63389
-0.877939 2.63485
-0.872936 2.6358
-0.867934 2.63674
-0.862931 2.63768
-0.857929 2.63861
-0.852926 2.63953
-0.847924 2.64045
-0.842921 2.64137
-0.837919 2.64228
-0.832916 2.64319
-0.827914 2.64408
-0.822911 2.64498
-0.817909 2.64587
-0.812906 2.64675
-0.807904 2.64763
-0.802901 2.6485
-0.797899 2.64937
-0.792896 2.65023
-0.787894 2.65108
-0.782891 2.65194
-0.777889 2.65278
-0.772886 2.65362
-0.767884 2.65445
-0.762881 2.65528
-0.757879 2.65611
-0.752876 2.65692
-0.747874 2.65774
-0.742871 2.65854
-0.737869 2.65935
-0.732866 2.66014
-0.727864 2.66093
-0.722861 2.66172
-0.717859 2.6625
-0.712856 2.66327
-0.707854 2.66404
-0.702851 2.66481
-0.697849 2.66557
-0.692846 2.66632
-0.687844 2.66707
-0.682841 2.66781
-0.677839 2.66855
-0.672836 2.66928
-0.667834 2.67
-0.662831 2.67072
-0.657829 2.67144
-0.652826 2.67215
-0.647824 2.67285
-0.642821 2.67355
-0.637819 2.67425
-0.632816 2.67493
-0.627814 2.67562
-0.622811 2.67629
-0.617809 2.67697
-0.612806 2.67763
-0.607804 2.67829
-0.602801 2.67895
-0.597799 2.6796
-0.592796 2.68024
-0.587794 2.68088
-0.582791 2.68152
-0.577789 2.68214
-0.572786 2.68277
-0.567784 2.68339
-0.562781 2.684
-0.557779 2.6846
-0.552776 2.68521
-0.547774 2.6858
-0.542771 2.68639
-0.537769 2.68698
-0.532766 2.68756
-0.527764 2.68813
-0.522761 2.6887
-0.517759 2.68926
-0.512756 2.68982
-0.507754 2.69037
-0.502751 2.69092
-0.497749 2.69146
-0.492746 2.692
-0.487744 2.69253
-0.482741 2.69306
-0.477739 2.69358
-0.472736 2.69409
-0.467734 2.6946
-0.462731 2.6951
-0.457729 2.6956
-0.452726 2.6961
-0.447724 2.69658
-0.442721 2.69707
-0.437719 2.69754
-0.432716 2.69801
-0.427714 2.69848
-0.422711 2.69894
-0.417709 2.69939
-0.412706 2.69984
-0.407704 2.70029
-0.402701 2.70073
-0.397699 2.70116
-0.392696 2.70159
-0.387694 2.70201
-0.382691 2.70243
-0.377689 2.70284
-0.372686 2.70325
-0.367684 2.70365
-0.362681 2.70404
-0.357679 2.70443
-0.352676 2.70482
-0.347674 2.7052
-0.342671 2.70557
-0.337669 2.70594
-0.332666 2.7063
-0.327664 2.70666
-0.322661 2.70701
-0.317659 2.70736
-0.312656 2.7077
-0.307654 2.70804
-0.302651 2.70837
-0.297649 2.70869
-0.292646 2.70901
-0.287644 2.70933
-0.282641 2.70963
-0.277639 2.70994
-0.272636 2.71024
-0.267634 2.71053
-0.262631 2.71082
-0.257629 2.7111
-0.252626 2.71137
-0.247624 2.71164
-0.242621 2.71191
-0.237619 2.71217
-0.232616 2.71242
-0.227614 2.71267
-0.222611 2.71292
-0.217609 2.71316
-0.212606 2.71339
-0.207604 2.71362
-0.202601 2.71384
-0.197599 2.71406
-0.192596 2.71427
-0.187594 2.71447
-0.182591 2.71467
-0.177589 2.71487
-0.172586 2.71506
-0.167584 2.71524
-0.162581 2.71542
-0.157579 2.71559
-0.152576 2.71576
-0.147574 2.71592
-0.142571 2.71608
-0.137569 2.71623
-0.132566 2.71638
-0.127564 2.71652
-0.122561 2.71666
-0.117559 2.71679
-0.112556 2.71691
-0.107554 2.71703
-0.102551 2.71714
-0.0975488 2.71725
-0.0925463 2.71735
-0.0875438 2.71745
-0.0825413 2.71754
-0.0775388 2.71763
-0.0725363 2.71771
-0.0675338 2.71779
-0.0625313 2.71786
-0.0575288 2.71792
-0.0525263 2.71798
-0.0475238 2.71804
-0.0425213 2.71809
-0.0375188 2.71813
-0.0325163 2.71817
-0.0275138 2.7182
-0.0225113 2.71823
-0.0175088 2.71825
-0.0125063 2.71826
-0.00750375 2.71828
-0.00250125 2.71828
0.00250125 2.71828
0.00750375 2.71828
0.0125063 2.71826
0.0175088 2.71825
0.0225113 2.71823
0.0275138 2.7182
0.0325163 2.71817
0.0375188 2.71813
0.0425213 2.71809
0.0475238 2.71804
0.0525263 2.71798
0.0575288 2.71792
0.0625313 2.71786
0.0675338 2.71779
0.0725363 2.71771
0.0775388 2.71763
0.0825413 2.71754
0.0875438 2.71745
0.0925463 2.71735
0.0975488 2.71725
0.102551 2.71714
0.107554 2.71703
0.112556 2.71691
0.117559 2.71679
0.122561 2.71666
0.127564 2.71652
0.132566 2.71638
0.137569 2.71623
0.142571 2.71608
0.147574 2.71592
0.152576 2.71576
0.157579 2.71559
0.162581 2.71542
0.167584 2.71524
0.172586 2.71506
0.177589 2.71487
0.182591 2.71467
0.187594 2.71447
0.192596 2.71427
0.197599 2.71406
0.202601 2.71384
0.207604 2.71362
0.212606 2.71339
0.217609 2.71316
0.222611 2.71292
0.227614 2.71267
0.232616 2.71242
0.237619 2.71217
0.242621 2.71191
0.247624 2.71164
0.252626 2.71137
0.257629 2.7111
0.262631 2.71082
0.267634 2.71053
0.272636 2.71024
0.277639 2.70994
0.282641 2.70963
0.287644 2.70933
0.292646 2.70901
0.297649 2.70869
0.302651 2.70837
0.307654 2.70804
0.312656 2.7077
0.317659 2.70736
0.322661 2.70701
0.327664 2.70666
0.332666 2.7063
0.337669 2.70594
0.342671 2.70557
0.347674 2.7052
0.352676 2.70482
0.357679 2.70443
0.362681 2.70404
0.367684 2.70365
0.372686 2.70325
0.377689 2.70284
0.382691 2.70243
0.387694 2.70201
0.392696 2.70159
0.397699 2.70116
0.402701 2.70073
0.407704 2.70029
0.412706 2.69984
0.417709 2.69939
0.422711 2.69894
0.427714 2.69848
0.432716 2.69801
0.437719 2.69754
0.442721 2.69707
0.447724 2.69658
0.452726 2.6961
0.457729 2.6956
0.462731 2.6951
0.467734 2.6946
0.472736 2.69409
0.477739 2.69358
0.482741 2.69306
0.487744 2.69253
0.492746 2.692
0.497749 2.69146
0.502751 2.69092
0.507754 2.69037
0.512756 2.68982
0.517759 2.68926
0.522761 2.6887
0.527764 2.68813
0.532766 2.68756
0.537769 2.68698
0.542771 2.68639
0.547774 2.6858
0.552776 2.68521
0.557779 2.6846
0.562781 2.684
0.567784 2.68339
0.572786 2.68277
0.577789 2.68214
0.582791 2.68152
0.587794 2.68088
0.592796 2.68024
0.597799 2.6796
0.602801 2.67895
0.607804 2.67829
0.612806 2.67763
0.617809 2.67697
0.622811 2.67629
0.627814 2.67562
0.632816 2.67493
0.637819 2.67425
0.642821 2.67355
0.647824 2.67285
0.652826 2.67215
0.657829 2.67144
0.662831 2.67072
0.667834 2.67
0.672836 2.66928
0.677839 2.66855
0.682841 2.66781
0.687844 2.66707
0.692846 2.66632
0.697849 2.66557
0.702851 2.66481
0.707854 2.66404
0.712856 2.66327
0.717859 2.6625
0.722861 2.66172
0.727864 2.66093
0.732866 2.66014
0.737869 2.65935
0.742871 2.65854
0.747874 2.65774
0.752876 2.65692
0.757879 2.65611
0.762881 2.65528
0.767884 2.65445
0.772886 2.65362
0.777889 2.65278
0.782891 2.65194
0.787894 2.65108
0.792896 2.65023
0.797899 2.64937
0.802901 2.6485
0.807904 2.64763
0.812906 2.64675
0.817909 2.64587
0.822911 2.64498
0.827914 2.64408
0.832916 2.64319
0.837919 2.64228
0.842921 2.64137
0.847924 2.64045
0.852926 2.63953
0.857929 2.63861
0.862931 2.63768
0.867934 2.63674
0.872936 2.6358
0.877939 2.63485
0.882941 2.63389
0.887944 2.63294
0.892946 2.63197
0.897949 2.631
0.902951 2.63003
0.907954 2.62905
0.912956 2.62806
0.917959 2.62707
0.922961 2.62607
0.927964 2.62507
0.932966 2.62406
0.937969 2.62305
0.942971 2.62203
0.947974 2.62101
0.952976 2.61998
0.957979 2.61894
0.962981 2.6179
0.967984 2.61686
0.972986 2.6158
0.977989 2.61475
0.982991 2.61369
0.987994 2.61262
0.992996 2.61155
0.997999 2.61047
1.003 2.60938
1.008 2.6083
1.01301 2.6072
1.01801 2.6061
1.02301 2.605
1.02801 2.60389
1.03302 2.60277
1.03802 2.60165
1.04302 2.60052
1.04802 2.59939
1.05303 2.59825
1.05803 2.59711
1.06303 2.59596
1.06803 2.5948
1.07304 2.59365
1.07804 2.59248
1.08304 2.59131
1.08804 2.59013
1.09305 2.58895
1.09805 2.58777
1.10305 2.58658
1.10805 2.58538
1.11306 2.58418
1.11806 2.58297
1.12306 2.58175
1.12806 2.58053
1.13307 2.57931
1.13807 2.57808
1.14307 2.57684
1.14807 2.5756
1.15308 2.57436
1.15808 2.57311
1.16308 2.57185
1.16808 2.57059
1.17309 2.56932
1.17809 2.56805
1.18309 2.56677
1.18809 2.56548
1.1931 2.56419
1.1981 2.5629
1.2031 2.5616
1.2081 2.56029
1.21311 2.55898
1.21811 2.55767
1.22311 2.55634
1.22811 2.55502
1.23312 2.55368
1.23812 2.55235
1.24312 2.551
1.24812 2.54965
1.25313 2.5483
1.25813 2.54694
1.26313 2.54557
1.26813 2.5442
1.27314 2.54283
1.27814 2.54145
1.28314 2.54006
1.28814 2.53867
1.29315 2.53727
1.29815 2.53587
1.30315 2.53446
1.30815 2.53304
1.31316 2.53162
1.31816 2.5302
1.32316 2.52877
1.32816 2.52733
1.33317 2.52589
1.33817 2.52444
1.34317 2.52299
1.34817 2.52154
1.35318 2.52007
1.35818 2.5186
1.36318 2.51713
1.36818 2.51565
1.37319 2.51417
1.37819 2.51268
1.38319 2.51118
1.38819 2.50968
1.3932 2.50817
1.3982 2.50666
1.4032 2.50515
1.4082 2.50362
1.41321 2.5021
1.41821 2.50056
1.42321 2.49902
1.42821 2.49748
1.43322 2.49593
1.43822 2.49438
1.44322 2.49282
1.44822 2.49125
1.45323 2.48968
1.45823 2.4881
1.46323 2.48652
1.46823 2.48493
1.47324 2.48334
1.47824 2.48174
1.48324 2.48014
1.48824 2.47853
1.49325 2.47691
1.49825 2.47529
1.50325 2.47367
1.50825 2.47204
1.51326 2.4704
1.51826 2.46876
1.52326 2.46711
1.52826 2.46546
1.53327 2.4638
1.53827 2.46214
1.54327 2.46047
1.54827 2.4588
1.55328 2.45712
1.55828 2.45543
1.56328 2.45374
1.56828 2.45205
1.57329 2.45035
1.57829 2.44864
1.58329 2.44693
1.58829 2.44521
1.5933 2.44349
1.5983 2.44176
1.6033 2.44002
1.6083 2.43829
1.61331 2.43654
1.61831 2.43479
1.62331 2.43304
1.62831 2.43128
1.63332 2.42951
1.63832 2.42774
1.64332 2.42596
1.64832 2.42418
1.65333 2.42239
1.65833 2.4206
1.66333 2.4188
1.66833 2.41699
1.67334 2.41518
1.67834 2.41337
1.68334 2.41155
1.68834 2.40972
1.69335 2.40789
1.69835 2.40606
1.70335 2.40421
1.70835 2.40237
1.71336 2.40051
1.71836 2.39865
1.72336 2.39679
1.72836 2.39492
1.73337 2.39305
1.73837 2.39117
1.74337 2.38928
1.74837 2.38739
1.75338 2.38549
1.75838 2.38359
1.76338 2.38169
1.76838 2.37977
1.77339 2.37786
1.77839 2.37593
1.78339 2.374
1.78839 2.37207
1.7934 2.37013
1.7984 2.36819
1.8034 2.36623
1.8084 2.36428
1.81341 2.36232
1.81841 2.36035
1.82341 2.35838
1.82841 2.3564
1.83342 2.35442
1.83842 2.35243
1.84342 2.35044
1.84842 2.34844
1.85343 2.34643
1.85843 2.34442
1.86343 2.34241
1.86843 2.34039
1.87344 2.33836
1.87844 2.33633
1.88344 2.33429
1.88844 2.33225
1.89345 2.3302
1.89845 2.32815
1.90345 2.32609
1.90845 2.32403
1.91346 2.32196
1.91846 2.31988
1.92346 2.3178
1.92846 2.31571
1.93347 2.31362
1.93847 2.31153
1.94347 2.30942
1.94847 2.30732
1.95348 2.3052
1.95848 2.30309
1.96348 2.30096
1.96848 2.29883
1.97349 2.2967
1.97849 2.29456
1.98349 2.29241
1.98849 2.29026
1.9935 2.28811
1.9985 2.28594
2.0035 2.28378
2.0085 2.2816
2.01351 2.27943
2.01851 2.27724
2.02351 2.27505
2.02851 2.27286
2.03352 2.27066
2.03852 2.26846
2.04352 2.26624
2.04852 2.26403
2.05353 2.26181
2.05853 2.25958
2.06353 2.25735
2.06853 2.25511
2.07354 2.25287
2.07854 2.25062
2.08354 2.24837
2.08854 2.24611
2.09355 2.24384
2.09855 2.24157
2.10355 2.2393
2.10855 2.23702
2.11356 2.23473
2.11856 2.23244
2.12356 2.23014
2.12856 2.22784
2.13357 2.22553
2.13857 2.22322
2.14357 2.2209
2.14857 2.21857
2.15358 2.21624
2.15858 2.21391
2.16358 2.21157
2.16858 2.20922
2.17359 2.20687
2.17859 2.20451
2.18359 2.20215
2.18859 2.19978
2.1936 2.19741
2.1986 2.19503
2.2036 2.19265
2.2086 2.19026
2.21361 2.18787
2.21861 2.18547
2.22361 2.18306
2.22861 2.18065
2.23362 2.17823
2.23862 2.17581
2.24362 2.17338
2.24862 2.17095
2.25363 2.16851
2.25863 2.16607
2.26363 2.16362
2.26863 2.16117
2.27364 2.15871
2.27864 2.15624
2.28364 2.15377
2.28864 2.1513
2.29365 2.14881
2.29865 2.14633
2.30365 2.14384
2.30865 2.14134
2.31366 2.13884
2.31866 2.13633
2.32366 2.13381
2.32866 2.13129
2.33367 2.12877
2.33867 2.12624
2.34367 2.1237
2.34867 2.12116
2.35368 2.11862
2.35868 2.11606
2.36368 2.11351
2.36868 2.11094
2.37369 2.10838
2.37869 2.1058
2.38369 2.10322
2.38869 2.10064
2.3937 2.09805
2.3987 2.09545
2.4037 2.09285
2.4087 2.09025
2.41371 2.08764
2.41871 2.08502
2.42371 2.0824
2.42871 2.07977
2.43372 2.07714
2.43872 2.0745
2.44372 2.07186
2.44872 2.06921
2.45373 2.06655
2.45873 2.06389
2.46373 2.06123
2.46873 2.05855
2.47374 2.05588
2.47874 2.0532
2.48374 2.05051
2.48874 2.04782
2.49375 2.04512
2.49875 2.04242
2.50375 2.03971
2.50875 2.03699
2.51376 2.03427
2.51876 2.03155
2.52376 2.02882
2.52876 2.02608
2.53377 2.02334
2.53877 2.02059
2.54377 2.01784
2.54877 2.01508
2.55378 2.01232
2.55878 2.00955
2.56378 2.00678
2.56878 2.004
2.57379 2.00121
2.57879 1.99842
2.58379 1.99563
2.58879 1.99283
2.5938 1.99002
2.5988 1.98721
2.6038 1.98439
2.6088 1.98157
2.61381 1.97874
2.61881 1.97591
2.62381 1.97307
2.62881 1.97022
2.63382 1.96737
2.63882 1.96452
2.64382 1.96166
2.64882 1.95879
2.65383 1.95592
2.65883 1.95304
2.66383 1.95016
2.66883 1.94727
2.67384 1.94438
2.67884 1.94148
2.68384 1.93858
2.68884 1.93567
2.69385 1.93275
2.69885 1.92983
2.70385 1.92691
2.70885 1.92398
2.71386 1.92104
2.71886 1.9181
2.72386 1.91515
2.72886 1.9122
2.73387 1.90924
2.73887 1.90628
2.74387 1.90331
2.74887 1.90033
2.75388 1.89735
2.75888 1.89437
2.76388 1.89138
2.76888 1.88838
2.77389 1.88538
2.77889 1.88237
2.78389 1.87936
2.78889 1.87634
2.7939 1.87332
2.7989 1.87029
2.8039 1.86726
2.8089 1.86422
2.81391 1.86117
2.81891 1.85812
2.82391 1.85507
2.82891 1.85201
2.83392 1.84894
2.83892 1.84587
2.84392 1.84279
2.84892 1.83971
2.85393 1.83662
2.85893 1.83353
2.86393 1.83043
2.86893 1.82732
2.87394 1.82421
2.87894 1.8211
2.88394 1.81798
2.88894 1.81485
2.89395 1.81172
2.89895 1.80858
2.90395 1.80544
2.90895 1.80229
2.91396 1.79914
2.91896 1.79598
2.92396 1.79282
2.92896 1.78965
2.93397 1.78647
2.93897 1.78329
2.94397 1.78011
2.94897 1.77692
2.95398 1.77372
2.95898 1.77052
2.96398 1.76731
2.96898 1.7641
2.97399 1.76088
2.97899 1.75766
2.98399 1.75443
2.98899 1.75119
2.994 1.74795
2.999 1.74471
3.004 1.74146
3.009 1.7382
3.01401 1.73494
3.01901 1.73167
3.02401 1.7284
3.02901 1.72512
3.03402 1.72184
3.03902 1.71855
3.04402 1.71526
3.04902 1.71196
3.05403 1.70865
3.05903 1.70534
3.06403 1.70203
3.06903 1.69871
3.07404 1.69538
3.07904 1.69205
3.08404 1.68871
3.08904 1.68537
3.09405 1.68202
3.09905 1.67867
3.10405 1.67531
3.10905 1.67194
3.11406 1.66857
3.11906 1.6652
3.12406 1.66182
3.12906 1.65843
3.13407 1.65504
3.13907 1.65164
3.14407 1.64824
3.14907 1.64483
3.15408 1.64142
3.15908 1.638
3.16408 1.63458
3.16908 1.63115
3.17409 1.62771
3.17909 1.62427
3.18409 1.62083
3.18909 1.61738
3.1941 1.61392
3.1991 1.61046
3.2041 1.60699
3.2091 1.60352
3.21411 1.60004
3.21911 1.59655
3.22411 1.59307
3.22911 1.58957
3.23412 1.58607
3.23912 1.58257
3.24412 1.57906
3.24912 1.57554
3.25413 1.57202
3.25913 1.56849
3.26413 1.56496
3.26913 1.56142
3.27414 1.55788
3.27914 1.55433
3.28414 1.55077
3.28914 1.54722
3.29415 1.54365
3.29915 1.54008
3.30415 1.5365
3.30915 1.53292
3.31416 1.52934
3.31916 1.52574
3.32416 1.52215
3.32916 1.51854
3.33417 1.51494
3.33917 1.51132
3.34417 1.5077
3.34917 1.50408
3.35418 1.50045
3.35918 1.49681
3.36418 1.49317
3.36918 1.48953
3.37419 1.48588
3.37919 1.48222
3.38419 1.47856
3.38919 1.47489
3.3942 1.47121
3.3992 1.46754
3.4042 1.46385
3.4092 1.46016
3.41421 1.45647
3.41921 1.45277
3.42421 1.44906
3.42921 1.44535
3.43422 1.44163
3.43922 1.43791
3.44422 1.43418
3.44922 1.43045
3.45423 1.42671
3.45923 1.42297
3.46423 1.41922
3.46923 1.41547
3.47424 1.41171
3.47924 1.40794
3.48424 1.40417
3.48924 1.40039
3.49425 1.39661
3.49925 1.39283
3.50425 1.38903
3.50925 1.38523
3.51426 1.38143
3.51926 1.37762
3.52426 1.37381
3.52926 1.36999
3.53427 1.36616
3.53927 1.36233
3.54427 1.3585
3.54927 1.35466
3.55428 1.35081
3.55928 1.34696
3.56428 1.3431
3.56928 1.33924
3.57429 1.33537
3.57929 1.3315
3.58429 1.32762
3.58929 1.32373
3.5943 1.31984
3.5993 1.31595
3.6043 1.31205
3.6093 1.30814
3.61431 1.30423
3.61931 1.30031
3.62431 1.29639
3.62931 1.29246
3.63432 1.28853
3.63932 1.28459
3.64432 1.28064
3.64932 1.2767
3.65433 1.27274
3.65933 1.26878
3.66433 1.26481
3.66933 1.26084
3.67434 1.25687
3.67934 1.25288
3.68434 1.2489
3.68934 1.2449
3.69435 1.24091
3.69935 1.2369
3.70435 1.23289
3.70935 1.22888
3.71436 1.22486
3.71936 1.22083
3.72436 1.2168
3.72936 1.21277
3.73437 1.20872
3.73937 1.20468
3.74437 1.20062
3.74937 1.19657
3.75438 1.1925
3.75938 1.18843
3.76438 1.18436
3.76938 1.18028
3.77439 1.1762
3.77939 1.17211
3.78439 1.16801
3.78939 1.16391
3.7944 1.1598
3.7994 1.15569
3.8044 1.15157
3.8094 1.14745
3.81441 1.14332
3.81941 1.13919
3.82441 1.13505
3.82941 1.1309
3.83442 1.12675
3.83942 1.1226
3.84442 1.11844
3.84942 1.11427
3.85443 1.1101
3.85943 1.10592
3.86443 1.10174
3.86943 1.09755
3.87444 1.09336
3.87944 1.08916
3.88444 1.08496
3.88944 1.08075
3.89445 1.07653
3.89945 1.07231
3.90445 1.06808
3.90945 1.06385
3.91446 1.05962
3.91946 1.05537
3.92446 1.05113
3.92946 1.04687
3.93447 1.04262
3.93947 1.03835
3.94447 1.03408
3.94947 1.02981
3.95448 1.02553
3.95948 1.02124
3.96448 1.01695
3.96948 1.01266
3.97449 1.00835
3.97949 1.00405
3.98449 0.999734
3.98949 0.995416
3.9945 0.991092
3.9995 0.986764
4.0045 0.982429
4.0095 0.97809
4.01451 0.973745
4.01951 0.969394
4.02451 0.965038
4.02951 0.960677
4.03452 0.95631
4.03952 0.951938
4.04452 0.947561
4.04952 0.943178
4.05453 0.938789
4.05953 0.934396
4.06453 0.929996
4.06953 0.925592
4.07454 0.921182
4.07954 0.916766
4.08454 0.912345
4.08954 0.907919
4.09455 0.903487
4.09955 0.89905
4.10455 0.894608
4.10955 0.89016
4.11456 0.885706
4.11956 0.881247
4.12456 0.876783
4.12956 0.872313
4.13457 0.867838
4.13957 0.863358
4.14457 0.858872
4.14957 0.854381
4.15458 0.849884
4.15958 0.845382
4.16458 0.840874
4.16958 0.836361
4.17459 0.831843
4.17959 0.827319
4.18459 0.82279
4.18959 0.818255
4.1946 0.813715
4.1996 0.809169
4.2046 0.804618
4.2096 0.800062
4.21461 0.7955
4.21961 0.790933
4.22461 0.786361
4.22961 0.781783
4.23462 0.777199
4.23962 0.77261
4.24462 0.768016
4.24962 0.763416
4.25463 0.758811
4.25963 0.754201
4.26463 0.749585
4.26963 0.744963
4.27464 0.740337
4.27964 0.735704
4.28464 0.731067
4.28964 0.726424
4.29465 0.721775
4.29965 0.717122
4.30465 0.712462
4.30965 0.707798
4.31466 0.703127
4.31966 0.698452
4.32466 0.693771
4.32966 0.689085
4.33467 0.684393
4.33967 0.679696
4.34467 0.674993
4.34967 0.670285
4.35468 0.665572
4.35968 0.660853
4.36468 0.656128
4.36968 0.651399
4.37469 0.646664
4.37969 0.641923
4.38469 0.637177
4.38969 0.632426
4.3947 0.627669
4.3997 0.622907
4.4047 0.618139
4.4097 0.613366
4.41471 0.608587
4.41971 0.603804
4.42471 0.599014
4.42971 0.59422
4.43472 0.589419
4.43972 0.584614
4.44472 0.579803
4.44972 0.574987
4.45473 0.570165
4.45973 0.565337
4.46473 0.560505
4.46973 0.555667
4.47474 0.550823
4.47974 0.545974
4.48474 0.54112
4.48974 0.53626
4.49475 0.531395
4.49975 0.526525
4.50475 0.521649
4.50975 0.516767
4.51476 0.51188
4.51976 0.506988
4.52476 0.50209
4.52976 0.497187
4.53477 0.492279
4.53977 0.487365
4.54477 0.482446
4.54977 0.477521
4.55478 0.472591
4.55978 0.467655
4.56478 0.462714
4.56978 0.457768
4.57479 0.452816
4.57979 0.447859
4.58479 0.442896
4.58979 0.437928
4.5948 0.432954
4.5998 0.427975
4.6048 0.422991
4.6098 0.418001
4.61481 0.413006
4.61981 0.408006
4.62481 0.403
4.62981 0.397988
4.63482 0.392971
4.63982 0.387949
4.64482 0.382921
4.64982 0.377888
4.65483 0.37285
4.65983 0.367806
4.66483 0.362756
4.66983 0.357702
4.67484 0.352641
4.67984 0.347576
4.68484 0.342505
4.68984 0.337428
4.69485 0.332347
4.69985 0.327259
4.70485 0.322167
4.70985 0.317068
4.71486 0.311965
4.71986 0.306856
4.72486 0.301742
4.72986 0.296622
4.73487 0.291497
4.73987 0.286366
4.74487 0.28123
4.74987 0.276088
4.75488 0.270942
4.75988 0.265789
4.76488 0.260632
4.76988 0.255468
4.77489 0.2503
4.77989 0.245126
4.78489 0.239947
4.78989 0.234762
4.7949 0.229572
4.7999 0.224376
4.8049 0.219175
4.8099 0.213968
4.81491 0.208756
4.81991 0.203539
4.82491 0.198316
4.82991 0.193088
4.83492 0.187855
4.83992 0.182616
4.84492 0.177371
4.84992 0.172122
4.85493 0.166866
4.85993 0.161606
4.86493 0.15634
4.86993 0.151068
4.87494 0.145791
4.87994 0.140509
4.88494 0.135221
4.88994 0.129928
4.89495 0.124629
4.89995 0.119325
4.90495 0.114016
4.90995 0.108701
4.91496 0.103381
4.91996 0.0980553
4.92496 0.0927242
4.92996 0.0873877
4.93497 0.0820458
4.93997 0.0766985
4.94497 0.0713457
4.94997 0.0659876
4.95498 0.060624
4.95998 0.055255
4.96498 0.0498805
4.96998 0.0445007
4.97499 0.0391154
4.97999 0.0337248
4.98499 0.0283287
4.98999 0.0229272
4.995 0.0175202
5 0.0121079
