-3 0.371579
-2.99399 0.363464
-2.98799 0.355743
-2.98198 0.348407
-2.97598 0.341447
-2.96997 0.334853
-2.96396 0.328615
-2.95796 0.322725
-2.95195 0.317173
-2.94595 0.311951
-2.93994 0.30705
-2.93393 0.302461
-2.92793 0.298176
-2.92192 0.294186
-2.91592 0.290485
-2.90991 0.287063
-2.9039 0.283913
-2.8979 0.281028
-2.89189 0.278399
-2.88589 0.27602
-2.87988 0.273884
-2.87387 0.271983
-2.86787 0.27031
-2.86186 0.268859
-2.85586 0.267623
-2.84985 0.266595
-2.84384 0.26577
-2.83784 0.26514
-2.83183 0.2647
-2.82583 0.264444
-2.81982 0.264365
-2.81381 0.264459
-2.80781 0.264719
-2.8018 0.26514
-2.7958 0.265717
-2.78979 0.266443
-2.78378 0.267315
-2.77778 0.268327
-2.77177 0.269475
-2.76577 0.270752
-2.75976 0.272155
-2.75375 0.273679
-2.74775 0.27532
-2.74174 0.277072
-2.73574 0.278932
-2.72973 0.280896
-2.72372 0.28296
-2.71772 0.285118
-2.71171 0.287369
-2.70571 0.289707
-2.6997 0.292129
-2.69369 0.294631
-2.68769 0.297211
-2.68168 0.299864
-2.67568 0.302587
-2.66967 0.305377
-2.66366 0.308231
-2.65766 0.311145
-2.65165 0.314117
-2.64565 0.317143
-2.63964 0.320222
-2.63363 0.323349
-2.62763 0.326523
-2.62162 0.329741
-2.61562 0.333
-2.60961 0.336298
-2.6036 0.339633
-2.5976 0.343001
-2.59159 0.346401
-2.58559 0.349832
-2.57958 0.35329
-2.57357 0.356773
-2.56757 0.36028
-2.56156 0.363809
-2.55556 0.367358
-2.54955 0.370926
-2.54354 0.374509
-2.53754 0.378108
-2.53153 0.38172
-2.52553 0.385344
-2.51952 0.388978
-2.51351 0.392621
-2.50751 0.396271
-2.5015 0.399928
-2.4955 0.40359
-2.48949 0.407256
-2.48348 0.410925
-2.47748 0.414595
-2.47147 0.418266
-2.46547 0.421937
-2.45946 0.425606
-2.45345 0.429273
-2.44745 0.432937
-2.44144 0.436598
-2.43544 0.440254
-2.42943 0.443905
-2.42342 0.44755
-2.41742 0.451188
-2.41141 0.454819
-2.40541 0.458443
-2.3994 0.462059
-2.39339 0.465666
-2.38739 0.469264
-2.38138 0.472853
-2.37538 0.476433
-2.36937 0.480002
-2.36336 0.483561
-2.35736 0.48711
-2.35135 0.490648
-2.34535 0.494175
-2.33934 0.497691
-2.33333 0.501196
-2.32733 0.50469
-2.32132 0.508172
-2.31532 0.511644
-2.30931 0.515104
-2.3033 0.518553
-2.2973 0.52199
-2.29129 0.525417
-2.28529 0.528832
-2.27928 0.532237
-2.27327 0.535631
-2.26727 0.539015
-2.26126 0.542388
-2.25526 0.545752
-2.24925 0.549105
-2.24324 0.552449
-2.23724 0.555784
-2.23123 0.55911
-2.22523 0.562427
-2.21922 0.565736
-2.21321 0.569037
-2.20721 0.57233
-2.2012 0.575617
-2.1952 0.578896
-2.18919 0.58217
-2.18318 0.585437
-2.17718 0.588699
-2.17117 0.591956
-2.16517 0.595209
-2.15916 0.598458
-2.15315 0.601703
-2.14715 0.604945
-2.14114 0.608185
-2.13514 0.611423
-2.12913 0.61466
-2.12312 0.617896
-2.11712 0.621132
-2.11111 0.624368
-2.10511 0.627605
-2.0991 0.630843
-2.09309 0.634084
-2.08709 0.637328
-2.08108 0.640575
-2.07508 0.643826
-2.06907 0.647081
-2.06306 0.650342
-2.05706 0.653609
-2.05105 0.656882
-2.04505 0.660162
-2.03904 0.663451
-2.03303 0.666747
-2.02703 0.670053
-2.02102 0.673368
-2.01502 0.676694
-2.00901 0.680031
-2.003 0.683379
-1.997 0.68674
-1.99099 0.690114
-1.98498 0.693502
-1.97898 0.696904
-1.97297 0.700321
-1.96697 0.703754
-1.96096 0.707203
-1.95495 0.710668
-1.94895 0.714152
-1.94294 0.717654
-1.93694 0.721174
-1.93093 0.724715
-1.92492 0.728275
-1.91892 0.731856
-1.91291 0.735459
-1.90691 0.739084
-1.9009 0.742731
-1.89489 0.746402
-1.88889 0.750097
-1.88288 0.753816
-1.87688 0.757561
-1.87087 0.761331
-1.86486 0.765128
-1.85886 0.768952
-1.85285 0.772803
-1.84685 0.776683
-1.84084 0.780591
-1.83483 0.784528
-1.82883 0.788495
-1.82282 0.792493
-1.81682 0.796522
-1.81081 0.800582
-1.8048 0.804674
-1.7988 0.808798
-1.79279 0.812956
-1.78679 0.817147
-1.78078 0.821372
-1.77477 0.825632
-1.76877 0.829927
-1.76276 0.834257
-1.75676 0.838623
-1.75075 0.843026
-1.74474 0.847465
-1.73874 0.851942
-1.73273 0.856456
-1.72673 0.861009
-1.72072 0.8656
-1.71471 0.87023
-1.70871 0.874899
-1.7027 0.879608
-1.6967 0.884357
-1.69069 0.889146
-1.68468 0.893977
-1.67868 0.898848
-1.67267 0.903761
-1.66667 0.908715
-1.66066 0.913712
-1.65465 0.918751
-1.64865 0.923832
-1.64264 0.928957
-1.63664 0.934124
-1.63063 0.939335
-1.62462 0.94459
-1.61862 0.949888
-1.61261 0.955231
-1.60661 0.960617
-1.6006 0.966049
-1.59459 0.971525
-1.58859 0.977045
-1.58258 0.982611
-1.57658 0.988222
-1.57057 0.993878
-1.56456 0.99958
-1.55856 1.00533
-1.55255 1.01112
-1.54655 1.01696
-1.54054 1.02284
-1.53453 1.02877
-1.52853 1.03475
-1.52252 1.04077
-1.51652 1.04684
-1.51051 1.05295
-1.5045 1.05911
-1.4985 1.06532
-1.49249 1.07157
-1.48649 1.07787
-1.48048 1.08421
-1.47447 1.0906
-1.46847 1.09703
-1.46246 1.10352
-1.45646 1.11004
-1.45045 1.11661
-1.44444 1.12323
-1.43844 1.12989
-1.43243 1.1366
-1.42643 1.14335
-1.42042 1.15015
-1.41441 1.15699
-1.40841 1.16388
-1.4024 1.17081
-1.3964 1.17779
-1.39039 1.18481
-1.38438 1.19187
-1.37838 1.19898
-1.37237 1.20613
-1.36637 1.21332
-1.36036 1.22055
-1.35435 1.22783
-1.34835 1.23515
-1.34234 1.24251
-1.33634 1.24991
-1.33033 1.25736
-1.32432 1.26484
-1.31832 1.27237
-1.31231 1.27993
-1.30631 1.28754
-1.3003 1.29518
-1.29429 1.30287
-1.28829 1.31059
-1.28228 1.31835
-1.27628 1.32615
-1.27027 1.33398
-1.26426 1.34185
-1.25826 1.34976
-1.25225 1.35771
-1.24625 1.36569
-1.24024 1.3737
-1.23423 1.38175
-1.22823 1.38984
-1.22222 1.39795
-1.21622 1.40611
-1.21021 1.41429
-1.2042 1.4225
-1.1982 1.43075
-1.19219 1.43903
-1.18619 1.44734
-1.18018 1.45567
-1.17417 1.46404
-1.16817 1.47244
-1.16216 1.48086
-1.15616 1.48931
-1.15015 1.49779
-1.14414 1.50629
-1.13814 1.51482
-1.13213 1.52338
-1.12613 1.53195
-1.12012 1.54056
-1.11411 1.54918
-1.10811 1.55783
-1.1021 1.5665
-1.0961 1.57519
-1.09009 1.5839
-1.08408 1.59263
-1.07808 1.60138
-1.07207 1.61015
-1.06607 1.61894
-1.06006 1.62774
-1.05405 1.63656
-1.04805 1.64539
-1.04204 1.65424
-1.03604 1.6631
-1.03003 1.67198
-1.02402 1.68086
-1.01802 1.68976
-1.01201 1.69867
-1.00601 1.7076
-1 1.71653
-0.993994 1.72546
-0.987988 1.73441
-0.981982 1.74336
-0.975976 1.75232
-0.96997 1.76129
-0.963964 1.77026
-0.957958 1.77923
-0.951952 1.78821
-0.945946 1.79719
-0.93994 1.80617
-0.933934 1.81515
-0.927928 1.82413
-0.921922 1.83311
-0.915916 1.84209
-0.90991 1.85107
-0.903904 1.86004
-0.897898 1.86901
-0.891892 1.87797
-0.885886 1.88693
-0.87988 1.89588
-0.873874 1.90482
-0.867868 1.91375
-0.861862 1.92268
-0.855856 1.93159
-0.84985 1.94049
-0.843844 1.94938
-0.837838 1.95826
-0.831832 1.96713
-0.825826 1.97598
-0.81982 1.98481
-0.813814 1.99363
-0.807808 2.00243
-0.801802 2.01121
-0.795796 2.01998
-0.78979 2.02872
-0.783784 2.03745
-0.777778 2.04615
-0.771772 2.05483
-0.765766 2.06349
-0.75976 2.07212
-0.753754 2.08073
-0.747748 2.08931
-0.741742 2.09787
-0.735736 2.1064
-0.72973 2.1149
-0.723724 2.12337
-0.717718 2.13181
-0.711712 2.14022
-0.705706 2.1486
-0.6997 2.15695
-0.693694 2.16526
-0.687688 2.17354
-0.681682 2.18178
-0.675676 2.18999
-0.66967 2.19816
-0.663664 2.20629
-0.657658 2.21439
-0.651652 2.22244
-0.645646 2.23046
-0.63964 2.23843
-0.633634 2.24637
-0.627628 2.25426
-0.621622 2.2621
-0.615616 2.2699
-0.60961 2.27766
-0.603604 2.28537
-0.597598 2.29304
-0.591592 2.30065
-0.585586 2.30822
-0.57958 2.31574
-0.573574 2.32321
-0.567568 2.33063
-0.561562 2.338
-0.555556 2.34532
-0.54955 2.35258
-0.543544 2.35979
-0.537538 2.36694
-0.531532 2.37404
-0.525526 2.38109
-0.51952 2.38807
-0.513514 2.395
-0.507508 2.40187
-0.501502 2.40868
-0.495495 2.41544
-0.489489 2.42213
-0.483483 2.42876
-0.477477 2.43533
-0.471471 2.44183
-0.465465 2.44828
-0.459459 2.45466
-0.453453 2.46097
-0.447447 2.46722
-0.441441 2.4734
-0.435435 2.47952
-0.429429 2.48557
-0.423423 2.49155
-0.417417 2.49746
-0.411411 2.50331
-0.405405 2.50908
-0.399399 2.51479
-0.393393 2.52042
-0.387387 2.52598
-0.381381 2.53147
-0.375375 2.53688
-0.369369 2.54222
-0.363363 2.54749
-0.357357 2.55269
-0.351351 2.5578
-0.345345 2.56285
-0.339339 2.56781
-0.333333 2.5727
-0.327327 2.57751
-0.321321 2.58225
-0.315315 2.5869
-0.309309 2.59148
-0.303303 2.59598
-0.297297 2.6004
-0.291291 2.60473
-0.285285 2.60899
-0.279279 2.61317
-0.273273 2.61726
-0.267267 2.62127
-0.261261 2.6252
-0.255255 2.62904
-0.249249 2.63281
-0.243243 2.63648
-0.237237 2.64008
-0.231231 2.64359
-0.225225 2.64701
-0.219219 2.65035
-0.213213 2.6536
-0.207207 2.65677
-0.201201 2.65985
-0.195195 2.66284
-0.189189 2.66575
-0.183183 2.66856
-0.177177 2.67129
-0.171171 2.67394
-0.165165 2.67649
-0.159159 2.67895
-0.153153 2.68133
-0.147147 2.68362
-0.141141 2.68582
-0.135135 2.68792
-0.129129 2.68994
-0.123123 2.69187
-0.117117 2.6937
-0.111111 2.69545
-0.105105 2.69711
-0.0990991 2.69867
-0.0930931 2.70015
-0.0870871 2.70153
-0.0810811 2.70282
-0.0750751 2.70402
-0.0690691 2.70513
-0.0630631 2.70614
-0.0570571 2.70706
-0.0510511 2.7079
-0.045045 2.70864
-0.039039 2.70928
-0.033033 2.70984
-0.027027 2.7103
-0.021021 2.71067
-0.015015 2.71095
-0.00900901 2.71113
-0.003003 2.71122
0.003003 2.71122
0.00900901 2.71113
0.015015 2.71095
0.021021 2.71067
0.027027 2.7103
0.033033 2.70984
0.039039 2.70928
0.045045 2.70864
0.0510511 2.7079
0.0570571 2.70706
0.0630631 2.70614
0.0690691 2.70513
0.0750751 2.70402
0.0810811 2.70282
0.0870871 2.70153
0.0930931 2.70015
0.0990991 2.69867
0.105105 2.69711
0.111111 2.69545
0.117117 2.6937
0.123123 2.69187
0.129129 2.68994
0.135135 2.68792
0.141141 2.68582
0.147147 2.68362
0.153153 2.68133
0.159159 2.67895
0.165165 2.67649
0.171171 2.67394
0.177177 2.67129
0.183183 2.66856
0.189189 2.66575
0.195195 2.66284
0.201201 2.65985
0.207207 2.65677
0.213213 2.6536
0.219219 2.65035
0.225225 2.64701
0.231231 2.64359
0.237237 2.64008
0.243243 2.63648
0.249249 2.63281
0.255255 2.62904
0.261261 2.6252
0.267267 2.62127
0.273273 2.61726
0.279279 2.61317
0.285285 2.60899
0.291291 2.60473
0.297297 2.6004
0.303303 2.59598
0.309309 2.59148
0.315315 2.5869
0.321321 2.58225
0.327327 2.57751
0.333333 2.5727
0.339339 2.56781
0.345345 2.56285
0.351351 2.5578
0.357357 2.55269
0.363363 2.54749
0.369369 2.54222
0.375375 2.53688
0.381381 2.53147
0.387387 2.52598
0.393393 2.52042
0.399399 2.51479
0.405405 2.50908
0.411411 2.50331
0.417417 2.49746
0.423423 2.49155
0.429429 2.48557
0.435435 2.47952
0.441441 2.4734
0.447447 2.46722
0.453453 2.46097
0.459459 2.45466
0.465465 2.44828
0.471471 2.44183
0.477477 2.43533
0.483483 2.42876
0.489489 2.42213
0.495495 2.41544
0.501502 2.40868
0.507508 2.40187
0.513514 2.395
0.51952 2.38807
0.525526 2.38109
0.531532 2.37404
0.537538 2.36694
0.543544 2.35979
0.54955 2.35258
0.555556 2.34532
0.561562 2.338
0.567568 2.33063
0.573574 2.32321
0.57958 2.31574
0.585586 2.30822
0.591592 2.30065
0.597598 2.29304
0.603604 2.28537
0.60961 2.27766
0.615616 2.2699
0.621622 2.2621
0.627628 2.25426
0.633634 2.24637
0.63964 2.23843
0.645646 2.23046
0.651652 2.22244
0.657658 2.21439
0.663664 2.20629
0.66967 2.19816
0.675676 2.18999
0.681682 2.18178
0.687688 2.17354
0.693694 2.16526
0.6997 2.15695
0.705706 2.1486
0.711712 2.14022
0.717718 2.13181
0.723724 2.12337
0.72973 2.1149
0.735736 2.1064
0.741742 2.09787
0.747748 2.08931
0.753754 2.08073
0.75976 2.07212
0.765766 2.06349
0.771772 2.05483
0.777778 2.04615
0.783784 2.03745
0.78979 2.02872
0.795796 2.01998
0.801802 2.01121
0.807808 2.00243
0.813814 1.99363
0.81982 1.98481
0.825826 1.97598
0.831832 1.96713
0.837838 1.95826
0.843844 1.94938
0.84985 1.94049
0.855856 1.93159
0.861862 1.92268
0.867868 1.91375
0.873874 1.90482
0.87988 1.89588
0.885886 1.88693
0.891892 1.87797
0.897898 1.86901
0.903904 1.86004
0.90991 1.85107
0.915916 1.84209
0.921922 1.83311
0.927928 1.82413
0.933934 1.81515
0.93994 1.80617
0.945946 1.79719
0.951952 1.78821
0.957958 1.77923
0.963964 1.77026
0.96997 1.76129
0.975976 1.75232
0.981982 1.74336
0.987988 1.73441
0.993994 1.72546
1 1.71653
1.00601 1.7076
1.01201 1.69867
1.01802 1.68976
1.02402 1.68086
1.03003 1.67198
1.03604 1.6631
1.04204 1.65424
1.04805 1.64539
1.05405 1.63656
1.06006 1.62774
1.06607 1.61894
1.07207 1.61015
1.07808 1.60138
1.08408 1.59263
1.09009 1.5839
1.0961 1.57519
1.1021 1.5665
1.10811 1.55783
1.11411 1.54918
1.12012 1.54056
1.12613 1.53195
1.13213 1.52338
1.13814 1.51482
1.14414 1.50629
1.15015 1.49779
1.15616 1.48931
1.16216 1.48086
1.16817 1.47244
1.17417 1.46404
1.18018 1.45567
1.18619 1.44734
1.19219 1.43903
1.1982 1.43075
1.2042 1.4225
1.21021 1.41429
1.21622 1.40611
1.22222 1.39795
1.22823 1.38984
1.23423 1.38175
1.24024 1.3737
1.24625 1.36569
1.25225 1.35771
1.25826 1.34976
1.26426 1.34185
1.27027 1.33398
1.27628 1.32615
1.28228 1.31835
1.28829 1.31059
1.29429 1.30287
1.3003 1.29518
1.30631 1.28754
1.31231 1.27993
1.31832 1.27237
1.32432 1.26484
1.33033 1.25736
1.33634 1.24991
1.34234 1.24251
1.34835 1.23515
1.35435 1.22783
1.36036 1.22055
1.36637 1.21332
1.37237 1.20613
1.37838 1.19898
1.38438 1.19187
1.39039 1.18481
1.3964 1.17779
1.4024 1.17081
1.40841 1.16388
1.41441 1.15699
1.42042 1.15015
1.42643 1.14335
1.43243 1.1366
1.43844 1.12989
1.44444 1.12323
1.45045 1.11661
1.45646 1.11004
1.46246 1.10352
1.46847 1.09703
1.47447 1.0906
1.48048 1.08421
1.48649 1.07787
1.49249 1.07157
1.4985 1.06532
1.5045 1.05911
1.51051 1.05295
1.51652 1.04684
1.52252 1.04077
1.52853 1.03475
1.53453 1.02877
1.54054 1.02284
1.54655 1.01696
1.55255 1.01112
1.55856 1.00533
1.56456 0.99958
1.57057 0.993878
1.57658 0.988222
1.58258 0.982611
1.58859 0.977045
1.59459 0.971525
1.6006 0.966049
1.60661 0.960617
1.61261 0.955231
1.61862 0.949888
1.62462 0.94459
1.63063 0.939335
1.63664 0.934124
1.64264 0.928957
1.64865 0.923832
1.65465 0.918751
1.66066 0.913712
1.66667 0.908715
1.67267 0.903761
1.67868 0.898848
1.68468 0.893977
1.69069 0.889146
1.6967 0.884357
1.7027 0.879608
1.70871 0.874899
1.71471 0.87023
1.72072 0.8656
1.72673 0.861009
1.73273 0.856456
1.73874 0.851942
1.74474 0.847465
1.75075 0.843026
1.75676 0.838623
1.76276 0.834257
1.76877 0.829927
1.77477 0.825632
1.78078 0.821372
1.78679 0.817147
1.79279 0.812956
1.7988 0.808798
1.8048 0.804674
1.81081 0.800582
1.81682 0.796522
1.82282 0.792493
1.82883 0.788495
1.83483 0.784528
1.84084 0.780591
1.84685 0.776683
1.85285 0.772803
1.85886 0.768952
1.86486 0.765128
1.87087 0.761331
1.87688 0.757561
1.88288 0.753816
1.88889 0.750097
1.89489 0.746402
1.9009 0.742731
1.90691 0.739084
1.91291 0.735459
1.91892 0.731856
1.92492 0.728275
1.93093 0.724715
1.93694 0.721174
1.94294 0.717654
1.94895 0.714152
1.95495 0.710668
1.96096 0.707203
1.96697 0.703754
1.97297 0.700321
1.97898 0.696904
1.98498 0.693502
1.99099 0.690114
1.997 0.68674
2.003 0.683379
2.00901 0.680031
2.01502 0.676694
2.02102 0.673368
2.02703 0.670053
2.03303 0.666747
2.03904 0.663451
2.04505 0.660162
2.05105 0.656882
2.05706 0.653609
2.06306 0.650342
2.06907 0.647081
2.07508 0.643826
2.08108 0.640575
2.08709 0.637328
2.09309 0.634084
2.0991 0.630843
2.10511 0.627605
2.11111 0.624368
2.11712 0.621132
2.12312 0.617896
2.12913 0.61466
2.13514 0.611423
2.14114 0.608185
2.14715 0.604945
2.15315 0.601703
2.15916 0.598458
2.16517 0.595209
2.17117 0.591956
2.17718 0.588699
2.18318 0.585437
2.18919 0.58217
2.1952 0.578896
2.2012 0.575617
2.20721 0.57233
2.21321 0.569037
2.21922 0.565736
2.22523 0.562427
2.23123 0.55911
2.23724 0.555784
2.24324 0.552449
2.24925 0.549105
2.25526 0.545752
2.26126 0.542388
2.26727 0.539015
2.27327 0.535631
2.27928 0.532237
2.28529 0.528832
2.29129 0.525417
2.2973 0.52199
2.3033 0.518553
2.30931 0.515104
2.31532 0.511644
2.32132 0.508172
2.32733 0.50469
2.33333 0.501196
2.33934 0.497691
2.34535 0.494175
2.35135 0.490648
2.35736 0.48711
2.36336 0.483561
2.36937 0.480002
2.37538 0.476433
2.38138 0.472853
2.38739 0.469264
2.39339 0.465666
2.3994 0.462059
2.40541 0.458443
2.41141 0.454819
2.41742 0.451188
2.42342 0.44755
2.42943 0.443905
2.43544 0.440254
2.44144 0.436598
2.44745 0.432937
2.45345 0.429273
2.45946 0.425606
2.46547 0.421937
2.47147 0.418266
2.47748 0.414595
2.48348 0.410925
2.48949 0.407256
2.4955 0.40359
2.5015 0.399928
2.50751 0.396271
2.51351 0.392621
2.51952 0.388978
2.52553 0.385344
2.53153 0.38172
2.53754 0.378108
2.54354 0.374509
2.54955 0.370926
2.55556 0.367358
2.56156 0.363809
2.56757 0.36028
2.57357 0.356773
2.57958 0.35329
2.58559 0.349832
2.59159 0.346401
2.5976 0.343001
2.6036 0.339633
2.60961 0.336298
2.61562 0.333
2.62162 0.329741
2.62763 0.326523
2.63363 0.323349
2.63964 0.320222
2.64565 0.317143
2.65165 0.314117
2.65766 0.311145
2.66366 0.308231
2.66967 0.305377
2.67568 0.302587
2.68168 0.299864
2.68769 0.297211
2.69369 0.294631
2.6997 0.292129
2.70571 0.289707
2.71171 0.287369
2.71772 0.285118
2.72372 0.28296
2.72973 0.280896
2.73574 0.278932
2.74174 0.277072
2.74775 0.27532
2.75375 0.273679
2.75976 0.272155
2.76577 0.270752
2.77177 0.269475
2.77778 0.268327
2.78378 0.267315
2.78979 0.266443
2.7958 0.265717
2.8018 0.26514
2.80781 0.264719
2.81381 0.264459
2.81982 0.264365
2.82583 0.264444
2.83183 0.2647
2.83784 0.26514
2.84384 0.26577
2.84985 0.266595
2.85586 0.267623
2.86186 0.268859
2.86787 0.27031
2.87387 0.271983
2.87988 0.273884
2.88589 0.27602
2.89189 0.278399
2.8979 0.281028
2.9039 0.283913
2.90991 0.287063
2.91592 0.290485
2.92192 0.294186
2.92793 0.298176
2.93393 0.302461
2.93994 0.30705
2.94595 0.311951
2.95195 0.317173
2.95796 0.322725
2.96396 0.328615
2.96997 0.334853
2.97598 0.341447
2.98198 0.348407
2.98799 0.355743
2.99399 0.363464
3 0.371579
