-5 1.32798
-4.995 1.31031
-4.98999 1.29273
-4.98499 1.27525
-4.97999 1.25787
-4.97499 1.24058
-4.96998 1.2234
-4.96498 1.20632
-4.95998 1.18933
-4.95498 1.17244
-4.94997 1.15565
-4.94497 1.13896
-4.93997 1.12236
-4.93497 1.10586
-4.92996 1.08946
-4.92496 1.07315
-4.91996 1.05694
-4.91496 1.04082
-4.90995 1.0248
-4.90495 1.00888
-4.89995 0.993052
-4.89495 0.977319
-4.88994 0.96168
-4.88494 0.946136
-4.87994 0.930685
-4.87494 0.915329
-4.86993 0.900067
-4.86493 0.884898
-4.85993 0.869822
-4.85493 0.854839
-4.84992 0.839949
-4.84492 0.825152
-4.83992 0.810447
-4.83492 0.795834
-4.82991 0.781313
-4.82491 0.766883
-4.81991 0.752545
-4.81491 0.738298
-4.8099 0.724141
-4.8049 0.710076
-4.7999 0.696101
-4.7949 0.682216
-4.78989 0.66842
-4.78489 0.654715
-4.77989 0.641099
-4.77489 0.627572
-4.76988 0.614134
-4.76488 0.600785
-4.75988 0.587525
-4.75488 0.574353
-4.74987 0.561268
-4.74487 0.548272
-4.73987 0.535363
-4.73487 0.522542
-4.72986 0.509807
-4.72486 0.49716
-4.71986 0.484599
-4.71486 0.472124
-4.70985 0.459736
-4.70485 0.447434
-4.69985 0.435217
-4.69485 0.423086
-4.68984 0.41104
-4.68484 0.399079
-4.67984 0.387203
-4.67484 0.375412
-4.66983 0.363704
-4.66483 0.352081
-4.65983 0.340542
-4.65483 0.329087
-4.64982 0.317714
-4.64482 0.306425
-4.63982 0.295219
-4.63482 0.284096
-4.62981 0.273055
-4.62481 0.262096
-4.61981 0.25122
-4.61481 0.240425
-4.6098 0.229712
-4.6048 0.21908
-4.5998 0.20853
-4.5948 0.19806
-4.58979 0.187671
-4.58479 0.177362
-4.57979 0.167133
-4.57479 0.156985
-4.56978 0.146916
-4.56478 0.136927
-4.55978 0.127017
-4.55478 0.117187
-4.54977 0.107435
-4.54477 0.0977616
-4.53977 0.0881668
-4.53477 0.0786502
-4.52976 0.0692116
-4.52476 0.0598507
-4.51976 0.0505674
-4.51476 0.0413614
-4.50975 0.0322324
-4.50475 0.0231803
-4.49975 0.0142048
-4.49475 0.0053058
-4.48974 -0.00351705
-4.48474 -0.0122639
-4.47974 -0.0209351
-4.47474 -0.0295306
-4.46973 -0.0380509
-4.46473 -0.0464961
-4.45973 -0.0548665
-4.45473 -0.0631621
-4.44972 -0.0713834
-4.44472 -0.0795304
-4.43972 -0.0876035
-4.43472 -0.0956027
-4.42971 -0.103528
-4.42471 -0.111381
-4.41971 -0.11916
-4.41471 -0.126866
-4.4097 -0.1345
-4.4047 -0.142061
-4.3997 -0.14955
-4.3947 -0.156967
-4.38969 -0.164312
-4.38469 -0.171586
-4.37969 -0.178788
-4.37469 -0.185919
-4.36968 -0.192979
-4.36468 -0.199968
-4.35968 -0.206887
-4.35468 -0.213736
-4.34967 -0.220514
-4.34467 -0.227223
-4.33967 -0.233861
-4.33467 -0.240431
-4.32966 -0.246931
-4.32466 -0.253362
-4.31966 -0.259725
-4.31466 -0.266018
-4.30965 -0.272244
-4.30465 -0.278401
-4.29965 -0.28449
-4.29465 -0.290512
-4.28964 -0.296466
-4.28464 -0.302352
-4.27964 -0.308172
-4.27464 -0.313925
-4.26963 -0.31961
-4.26463 -0.32523
-4.25963 -0.330783
-4.25463 -0.33627
-4.24962 -0.341692
-4.24462 -0.347047
-4.23962 -0.352338
-4.23462 -0.357563
-4.22961 -0.362723
-4.22461 -0.367818
-4.21961 -0.372848
-4.21461 -0.377815
-4.2096 -0.382717
-4.2046 -0.387555
-4.1996 -0.392329
-4.1946 -0.39704
-4.18959 -0.401687
-4.18459 -0.406272
-4.17959 -0.410793
-4.17459 -0.415252
-4.16958 -0.419648
-4.16458 -0.423981
-4.15958 -0.428253
-4.15458 -0.432463
-4.14957 -0.436611
-4.14457 -0.440697
-4.13957 -0.444723
-4.13457 -0.448687
-4.12956 -0.45259
-4.12456 -0.456433
-4.11956 -0.460215
-4.11456 -0.463937
-4.10955 -0.467598
-4.10455 -0.4712
-4.09955 -0.474743
-4.09455 -0.478225
-4.08954 -0.481649
-4.08454 -0.485013
-4.07954 -0.488319
-4.07454 -0.491566
-4.06953 -0.494754
-4.06453 -0.497884
-4.05953 -0.500957
-4.05453 -0.503971
-4.04952 -0.506927
-4.04452 -0.509827
-4.03952 -0.512668
-4.03452 -0.515453
-4.02951 -0.518181
-4.02451 -0.520853
-4.01951 -0.523467
-4.01451 -0.526026
-4.0095 -0.528529
-4.0045 -0.530975
-3.9995 -0.533366
-3.9945 -0.535702
-3.98949 -0.537982
-3.98449 -0.540207
-3.97949 -0.542377
-3.97449 -0.544493
-3.96948 -0.546554
-3.96448 -0.548561
-3.95948 -0.550513
-3.95448 -0.552412
-3.94947 -0.554257
-3.94447 -0.556049
-3.93947 -0.557787
-3.93447 -0.559472
-3.92946 -0.561104
-3.92446 -0.562683
-3.91946 -0.56421
-3.91446 -0.565685
-3.90945 -0.567107
-3.90445 -0.568478
-3.89945 -0.569796
-3.89445 -0.571063
-3.88944 -0.572279
-3.88444 -0.573443
-3.87944 -0.574557
-3.87444 -0.575619
-3.86943 -0.576631
-3.86443 -0.577593
-3.85943 -0.578504
-3.85443 -0.579365
-3.84942 -0.580177
-3.84442 -0.580938
-3.83942 -0.581651
-3.83442 -0.582313
-3.82941 -0.582927
-3.82441 -0.583492
-3.81941 -0.584008
-3.81441 -0.584476
-3.8094 -0.584895
-3.8044 -0.585266
-3.7994 -0.585589
-3.7944 -0.585865
-3.78939 -0.586093
-3.78439 -0.586273
-3.77939 -0.586406
-3.77439 -0.586492
-3.76938 -0.586531
-3.76438 -0.586524
-3.75938 -0.58647
-3.75438 -0.586369
-3.74937 -0.586223
-3.74437 -0.586031
-3.73937 -0.585793
-3.73437 -0.585509
-3.72936 -0.58518
-3.72436 -0.584806
-3.71936 -0.584387
-3.71436 -0.583923
-3.70935 -0.583414
-3.70435 -0.582861
-3.69935 -0.582263
-3.69435 -0.581622
-3.68934 -0.580937
-3.68434 -0.580207
-3.67934 -0.579435
-3.67434 -0.578619
-3.66933 -0.577759
-3.66433 -0.576857
-3.65933 -0.575912
-3.65433 -0.574924
-3.64932 -0.573894
-3.64432 -0.572822
-3.63932 -0.571707
-3.63432 -0.570551
-3.62931 -0.569352
-3.62431 -0.568112
-3.61931 -0.566831
-3.61431 -0.565509
-3.6093 -0.564145
-3.6043 -0.562741
-3.5993 -0.561296
-3.5943 -0.559811
-3.58929 -0.558285
-3.58429 -0.556719
-3.57929 -0.555113
-3.57429 -0.553467
-3.56928 -0.551782
-3.56428 -0.550057
-3.55928 -0.548293
-3.55428 -0.54649
-3.54927 -0.544648
-3.54427 -0.542767
-3.53927 -0.540848
-3.53427 -0.53889
-3.52926 -0.536894
-3.52426 -0.53486
-3.51926 -0.532789
-3.51426 -0.530679
-3.50925 -0.528532
-3.50425 -0.526348
-3.49925 -0.524126
-3.49425 -0.521868
-3.48924 -0.519572
-3.48424 -0.51724
-3.47924 -0.514872
-3.47424 -0.512467
-3.46923 -0.510026
-3.46423 -0.507549
-3.45923 -0.505036
-3.45423 -0.502488
-3.44922 -0.499904
-3.44422 -0.497285
-3.43922 -0.49463
-3.43422 -0.491941
-3.42921 -0.489217
-3.42421 -0.486459
-3.41921 -0.483666
-3.41421 -0.480838
-3.4092 -0.477977
-3.4042 -0.475082
-3.3992 -0.472152
-3.3942 -0.46919
-3.38919 -0.466194
-3.38419 -0.463164
-3.37919 -0.460102
-3.37419 -0.457006
-3.36918 -0.453878
-3.36418 -0.450717
-3.35918 -0.447524
-3.35418 -0.444298
-3.34917 -0.441041
-3.34417 -0.437751
-3.33917 -0.43443
-3.33417 -0.431077
-3.32916 -0.427692
-3.32416 -0.424277
-3.31916 -0.42083
-3.31416 -0.417352
-3.30915 -0.413844
-3.30415 -0.410304
-3.29915 -0.406735
-3.29415 -0.403135
-3.28914 -0.399505
-3.28414 -0.395845
-3.27914 -0.392155
-3.27414 -0.388435
-3.26913 -0.384686
-3.26413 -0.380908
-3.25913 -0.3771
-3.25413 -0.373264
-3.24912 -0.369398
-3.24412 -0.365504
-3.23912 -0.361582
-3.23412 -0.357631
-3.22911 -0.353652
-3.22411 -0.349645
-3.21911 -0.345609
-3.21411 -0.341547
-3.2091 -0.337456
-3.2041 -0.333338
-3.1991 -0.329193
-3.1941 -0.325021
-3.18909 -0.320822
-3.18409 -0.316596
-3.17909 -0.312344
-3.17409 -0.308065
-3.16908 -0.303759
-3.16408 -0.299428
-3.15908 -0.29507
-3.15408 -0.290687
-3.14907 -0.286278
-3.14407 -0.281843
-3.13907 -0.277383
-3.13407 -0.272898
-3.12906 -0.268388
-3.12406 -0.263853
-3.11906 -0.259293
-3.11406 -0.254709
-3.10905 -0.2501
-3.10405 -0.245466
-3.09905 -0.240809
-3.09405 -0.236127
-3.08904 -0.231422
-3.08404 -0.226693
-3.07904 -0.221941
-3.07404 -0.217165
-3.06903 -0.212366
-3.06403 -0.207544
-3.05903 -0.202698
-3.05403 -0.197831
-3.04902 -0.19294
-3.04402 -0.188027
-3.03902 -0.183092
-3.03402 -0.178134
-3.02901 -0.173155
-3.02401 -0.168153
-3.01901 -0.16313
-3.01401 -0.158085
-3.009 -0.153019
-3.004 -0.147931
-2.999 -0.142823
-2.994 -0.137693
-2.98899 -0.132543
-2.98399 -0.127372
-2.97899 -0.12218
-2.97399 -0.116968
-2.96898 -0.111735
-2.96398 -0.106483
-2.95898 -0.101211
-2.95398 -0.0959183
-2.94897 -0.0906063
-2.94397 -0.0852749
-2.93897 -0.0799241
-2.93397 -0.074554
-2.92896 -0.0691648
-2.92396 -0.0637567
-2.91896 -0.0583298
-2.91396 -0.0528843
-2.90895 -0.0474202
-2.90395 -0.0419377
-2.89895 -0.0364371
-2.89395 -0.0309183
-2.88894 -0.0253816
-2.88394 -0.0198271
-2.87894 -0.0142549
-2.87394 -0.00866527
-2.86893 -0.00305822
-2.86393 0.00256606
-2.85893 0.00820743
-2.85393 0.0138658
-2.84892 0.0195409
-2.84392 0.0252327
-2.83892 0.030941
-2.83392 0.0366657
-2.82891 0.0424067
-2.82391 0.0481638
-2.81891 0.0539368
-2.81391 0.0597257
-2.8089 0.0655303
-2.8039 0.0713504
-2.7989 0.0771859
-2.7939 0.0830367
-2.78889 0.0889027
-2.78389 0.0947837
-2.77889 0.100679
-2.77389 0.10659
-2.76888 0.112515
-2.76388 0.118455
-2.75888 0.124409
-2.75388 0.130377
-2.74887 0.136359
-2.74387 0.142355
-2.73887 0.148365
-2.73387 0.154388
-2.72886 0.160425
-2.72386 0.166476
-2.71886 0.172539
-2.71386 0.178616
-2.70885 0.184705
-2.70385 0.190808
-2.69885 0.196923
-2.69385 0.203051
-2.68884 0.209191
-2.68384 0.215344
-2.67884 0.221508
-2.67384 0.227685
-2.66883 0.233874
-2.66383 0.240074
-2.65883 0.246286
-2.65383 0.252509
-2.64882 0.258744
-2.64382 0.264991
-2.63882 0.271248
-2.63382 0.277516
-2.62881 0.283795
-2.62381 0.290085
-2.61881 0.296386
-2.61381 0.302697
-2.6088 0.309018
-2.6038 0.315349
-2.5988 0.321691
-2.5938 0.328043
-2.58879 0.334404
-2.58379 0.340775
-2.57879 0.347156
-2.57379 0.353546
-2.56878 0.359945
-2.56378 0.366354
-2.55878 0.372771
-2.55378 0.379198
-2.54877 0.385634
-2.54377 0.392078
-2.53877 0.39853
-2.53377 0.404992
-2.52876 0.411461
-2.52376 0.417939
-2.51876 0.424424
-2.51376 0.430918
-2.50875 0.437419
-2.50375 0.443929
-2.49875 0.450445
-2.49375 0.456969
-2.48874 0.463501
-2.48374 0.47004
-2.47874 0.476585
-2.47374 0.483138
-2.46873 0.489698
-2.46373 0.496264
-2.45873 0.502837
-2.45373 0.509416
-2.44872 0.516002
-2.44372 0.522594
-2.43872 0.529192
-2.43372 0.535796
-2.42871 0.542406
-2.42371 0.549021
-2.41871 0.555642
-2.41371 0.562269
-2.4087 0.568901
-2.4037 0.575539
-2.3987 0.582181
-2.3937 0.588829
-2.38869 0.595481
-2.38369 0.602139
-2.37869 0.608801
-2.37369 0.615467
-2.36868 0.622138
-2.36368 0.628814
-2.35868 0.635493
-2.35368 0.642177
-2.34867 0.648864
-2.34367 0.655556
-2.33867 0.662251
-2.33367 0.66895
-2.32866 0.675652
-2.32366 0.682358
-2.31866 0.689067
-2.31366 0.695779
-2.30865 0.702495
-2.30365 0.709213
-2.29865 0.715934
-2.29365 0.722658
-2.28864 0.729384
-2.28364 0.736113
-2.27864 0.742844
-2.27364 0.749578
-2.26863 0.756313
-2.26363 0.763051
-2.25863 0.769791
-2.25363 0.776532
-2.24862 0.783275
-2.24362 0.79002
-2.23862 0.796767
-2.23362 0.803514
-2.22861 0.810263
-2.22361 0.817013
-2.21861 0.823764
-2.21361 0.830516
-2.2086 0.837269
-2.2036 0.844023
-2.1986 0.850777
-2.1936 0.857532
-2.18859 0.864287
-2.18359 0.871042
-2.17859 0.877798
-2.17359 0.884554
-2.16858 0.891309
-2.16358 0.898065
-2.15858 0.90482
-2.15358 0.911575
-2.14857 0.918329
-2.14357 0.925083
-2.13857 0.931836
-2.13357 0.938589
-2.12856 0.94534
-2.12356 0.952091
-2.11856 0.95884
-2.11356 0.965588
-2.10855 0.972335
-2.10355 0.979081
-2.09855 0.985825
-2.09355 0.992567
-2.08854 0.999308
-2.08354 1.00605
-2.07854 1.01278
-2.07354 1.01952
-2.06853 1.02625
-2.06353 1.03298
-2.05853 1.03971
-2.05353 1.04644
-2.04852 1.05316
-2.04352 1.05988
-2.03852 1.0666
-2.03352 1.07331
-2.02851 1.08002
-2.02351 1.08673
-2.01851 1.09344
-2.01351 1.10014
-2.0085 1.10684
-2.0035 1.11354
-1.9985 1.12023
-1.9935 1.12692
-1.98849 1.1336
-1.98349 1.14028
-1.97849 1.14696
-1.97349 1.15363
-1.96848 1.1603
-1.96348 1.16697
-1.95848 1.17363
-1.95348 1.18029
-1.94847 1.18694
-1.94347 1.19358
-1.93847 1.20023
-1.93347 1.20686
-1.92846 1.2135
-1.92346 1.22012
-1.91846 1.22675
-1.91346 1.23336
-1.90845 1.23998
-1.90345 1.24658
-1.89845 1.25318
-1.89345 1.25978
-1.88844 1.26637
-1.88344 1.27295
-1.87844 1.27953
-1.87344 1.28611
-1.86843 1.29267
-1.86343 1.29923
-1.85843 1.30579
-1.85343 1.31233
-1.84842 1.31888
-1.84342 1.32541
-1.83842 1.33194
-1.83342 1.33846
-1.82841 1.34498
-1.82341 1.35148
-1.81841 1.35799
-1.81341 1.36448
-1.8084 1.37097
-1.8034 1.37745
-1.7984 1.38392
-1.7934 1.39039
-1.78839 1.39684
-1.78339 1.40329
-1.77839 1.40974
-1.77339 1.41617
-1.76838 1.4226
-1.76338 1.42902
-1.75838 1.43543
-1.75338 1.44183
-1.74837 1.44823
-1.74337 1.45461
-1.73837 1.46099
-1.73337 1.46736
-1.72836 1.47372
-1.72336 1.48008
-1.71836 1.48642
-1.71336 1.49276
-1.70835 1.49908
-1.70335 1.5054
-1.69835 1.51171
-1.69335 1.51801
-1.68834 1.5243
-1.68334 1.53058
-1.67834 1.53685
-1.67334 1.54311
-1.66833 1.54937
-1.66333 1.55561
-1.65833 1.56184
-1.65333 1.56807
-1.64832 1.57428
-1.64332 1.58049
-1.63832 1.58668
-1.63332 1.59286
-1.62831 1.59904
-1.62331 1.6052
-1.61831 1.61135
-1.61331 1.6175
-1.6083 1.62363
-1.6033 1.62975
-1.5983 1.63586
-1.5933 1.64196
-1.58829 1.64805
-1.58329 1.65413
-1.57829 1.6602
-1.57329 1.66626
-1.56828 1.6723
-1.56328 1.67834
-1.55828 1.68436
-1.55328 1.69037
-1.54827 1.69637
-1.54327 1.70236
-1.53827 1.70834
-1.53327 1.7143
-1.52826 1.72026
-1.52326 1.7262
-1.51826 1.73213
-1.51326 1.73805
-1.50825 1.74395
-1.50325 1.74985
-1.49825 1.75573
-1.49325 1.7616
-1.48824 1.76746
-1.48324 1.7733
-1.47824 1.77913
-1.47324 1.78495
-1.46823 1.79076
-1.46323 1.79656
-1.45823 1.80234
-1.45323 1.80811
-1.44822 1.81386
-1.44322 1.81961
-1.43822 1.82534
-1.43322 1.83105
-1.42821 1.83676
-1.42321 1.84245
-1.41821 1.84813
-1.41321 1.85379
-1.4082 1.85944
-1.4032 1.86508
-1.3982 1.8707
-1.3932 1.87631
-1.38819 1.88191
-1.38319 1.88749
-1.37819 1.89306
-1.37319 1.89861
-1.36818 1.90415
-1.36318 1.90968
-1.35818 1.91519
-1.35318 1.92069
-1.34817 1.92617
-1.34317 1.93164
-1.33817 1.93709
-1.33317 1.94253
-1.32816 1.94796
-1.32316 1.95337
-1.31816 1.95877
-1.31316 1.96415
-1.30815 1.96952
-1.30315 1.97487
-1.29815 1.9802
-1.29315 1.98553
-1.28814 1.99083
-1.28314 1.99613
-1.27814 2.0014
-1.27314 2.00666
-1.26813 2.01191
-1.26313 2.01714
-1.25813 2.02236
-1.25313 2.02756
-1.24812 2.03274
-1.24312 2.03791
-1.23812 2.04306
-1.23312 2.0482
-1.22811 2.05332
-1.22311 2.05842
-1.21811 2.06351
-1.21311 2.06859
-1.2081 2.07364
-1.2031 2.07869
-1.1981 2.08371
-1.1931 2.08872
-1.18809 2.09371
-1.18309 2.09869
-1.17809 2.10365
-1.17309 2.10859
-1.16808 2.11352
-1.16308 2.11843
-1.15808 2.12332
-1.15308 2.1282
-1.14807 2.13306
-1.14307 2.1379
-1.13807 2.14273
-1.13307 2.14754
-1.12806 2.15233
-1.12306 2.15711
-1.11806 2.16186
-1.11306 2.16661
-1.10805 2.17133
-1.10305 2.17604
-1.09805 2.18073
-1.09305 2.1854
-1.08804 2.19005
-1.08304 2.19469
-1.07804 2.19931
-1.07304 2.20391
-1.06803 2.2085
-1.06303 2.21306
-1.05803 2.21761
-1.05303 2.22214
-1.04802 2.22666
-1.04302 2.23115
-1.03802 2.23563
-1.03302 2.24009
-1.02801 2.24453
-1.02301 2.24895
-1.01801 2.25336
-1.01301 2.25775
-1.008 2.26211
-1.003 2.26646
-0.997999 2.2708
-0.992996 2.27511
-0.987994 2.27941
-0.982991 2.28368
-0.977989 2.28794
-0.972986 2.29218
-0.967984 2.2964
-0.962981 2.3006
-0.957979 2.30479
-0.952976 2.30895
-0.947974 2.3131
-0.942971 2.31723
-0.937969 2.32133
-0.932966 2.32542
-0.927964 2.32949
-0.922961 2.33354
-0.917959 2.33758
-0.912956 2.34159
-0.907954 2.34558
-0.902951 2.34956
-0.897949 2.35351
-0.892946 2.35745
-0.887944 2.36136
-0.882941 2.36526
-0.877939 2.36914
-0.872936 2.373
-0.867934 2.37684
-0.862931 2.38065
-0.857929 2.38445
-0.852926 2.38823
-0.847924 2.39199
-0.842921 2.39573
-0.837919 2.39945
-0.832916 2.40315
-0.827914 2.40683
-0.822911 2.4105
-0.817909 2.41414
-0.812906 2.41776
-0.807904 2.42136
-0.802901 2.42494
-0.797899 2.4285
-0.792896 2.43204
-0.787894 2.43556
-0.782891 2.43906
-0.777889 2.44254
-0.772886 2.446
-0.767884 2.44944
-0.762881 2.45285
-0.757879 2.45625
-0.752876 2.45963
-0.747874 2.46299
-0.742871 2.46632
-0.737869 2.46964
-0.732866 2.47293
-0.727864 2.47621
-0.722861 2.47946
-0.717859 2.4827
-0.712856 2.48591
-0.707854 2.4891
-0.702851 2.49227
-0.697849 2.49542
-0.692846 2.49855
-0.687844 2.50166
-0.682841 2.50474
-0.677839 2.50781
-0.672836 2.51085
-0.667834 2.51388
-0.662831 2.51688
-0.657829 2.51986
-0.652826 2.52282
-0.647824 2.52576
-0.642821 2.52868
-0.637819 2.53158
-0.632816 2.53445
-0.627814 2.53731
-0.622811 2.54014
-0.617809 2.54295
-0.612806 2.54574
-0.607804 2.54851
-0.602801 2.55126
-0.597799 2.55398
-0.592796 2.55669
-0.587794 2.55937
-0.582791 2.56203
-0.577789 2.56467
-0.572786 2.56729
-0.567784 2.56988
-0.562781 2.57246
-0.557779 2.57501
-0.552776 2.57754
-0.547774 2.58005
-0.542771 2.58253
-0.537769 2.585
-0.532766 2.58744
-0.527764 2.58986
-0.522761 2.59226
-0.517759 2.59464
-0.512756 2.597
-0.507754 2.59933
-0.502751 2.60164
-0.497749 2.60393
-0.492746 2.6062
-0.487744 2.60844
-0.482741 2.61067
-0.477739 2.61287
-0.472736 2.61505
-0.467734 2.6172
-0.462731 2.61934
-0.457729 2.62145
-0.452726 2.62354
-0.447724 2.62561
-0.442721 2.62765
-0.437719 2.62967
-0.432716 2.63167
-0.427714 2.63365
-0.422711 2.63561
-0.417709 2.63754
-0.412706 2.63945
-0.407704 2.64134
-0.402701 2.64321
-0.397699 2.64505
-0.392696 2.64687
-0.387694 2.64867
-0.382691 2.65044
-0.377689 2.6522
-0.372686 2.65393
-0.367684 2.65563
-0.362681 2.65732
-0.357679 2.65898
-0.352676 2.66062
-0.347674 2.66224
-0.342671 2.66383
-0.337669 2.66541
-0.332666 2.66695
-0.327664 2.66848
-0.322661 2.66998
-0.317659 2.67146
-0.312656 2.67292
-0.307654 2.67436
-0.302651 2.67577
-0.297649 2.67716
-0.292646 2.67853
-0.287644 2.67987
-0.282641 2.68119
-0.277639 2.68249
-0.272636 2.68376
-0.267634 2.68501
-0.262631 2.68624
-0.257629 2.68745
-0.252626 2.68863
-0.247624 2.68979
-0.242621 2.69093
-0.237619 2.69204
-0.232616 2.69314
-0.227614 2.6942
-0.222611 2.69525
-0.217609 2.69627
-0.212606 2.69727
-0.207604 2.69824
-0.202601 2.6992
-0.197599 2.70013
-0.192596 2.70103
-0.187594 2.70192
-0.182591 2.70278
-0.177589 2.70361
-0.172586 2.70443
-0.167584 2.70522
-0.162581 2.70599
-0.157579 2.70673
-0.152576 2.70745
-0.147574 2.70815
-0.142571 2.70882
-0.137569 2.70948
-0.132566 2.7101
-0.127564 2.71071
-0.122561 2.71129
-0.117559 2.71185
-0.112556 2.71239
-0.107554 2.7129
-0.102551 2.71339
-0.0975488 2.71385
-0.0925463 2.7143
-0.0875438 2.71471
-0.0825413 2.71511
-0.0775388 2.71548
-0.0725363 2.71583
-0.0675338 2.71616
-0.0625313 2.71646
-0.0575288 2.71674
-0.0525263 2.717
-0.0475238 2.71723
-0.0425213 2.71744
-0.0375188 2.71763
-0.0325163 2.71779
-0.0275138 2.71793
-0.0225113 2.71805
-0.0175088 2.71814
-0.0125063 2.71821
-0.00750375 2.71826
-0.00250125 2.71828
0.00250125 2.71828
0.00750375 2.71826
0.0125063 2.71821
0.0175088 2.71814
0.0225113 2.71805
0.0275138 2.71793
0.0325163 2.71779
0.0375188 2.71763
0.0425213 2.71744
0.0475238 2.71723
0.0525263 2.717
0.0575288 2.71674
0.0625313 2.71646
0.0675338 2.71616
0.0725363 2.71583
0.0775388 2.71548
0.0825413 2.71511
0.0875438 2.71471
0.0925463 2.7143
0.0975488 2.71385
0.102551 2.71339
0.107554 2.7129
0.112556 2.71239
0.117559 2.71185
0.122561 2.71129
0.127564 2.71071
0.132566 2.7101
0.137569 2.70948
0.142571 2.70882
0.147574 2.70815
0.152576 2.70745
0.157579 2.70673
0.162581 2.70599
0.167584 2.70522
0.172586 2.70443
0.177589 2.70361
0.182591 2.70278
0.187594 2.70192
0.192596 2.70103
0.197599 2.70013
0.202601 2.6992
0.207604 2.69824
0.212606 2.69727
0.217609 2.69627
0.222611 2.69525
0.227614 2.6942
0.232616 2.69314
0.237619 2.69204
0.242621 2.69093
0.247624 2.68979
0.252626 2.68863
0.257629 2.68745
0.262631 2.68624
0.267634 2.68501
0.272636 2.68376
0.277639 2.68249
0.282641 2.68119
0.287644 2.67987
0.292646 2.67853
0.297649 2.67716
0.302651 2.67577
0.307654 2.67436
0.312656 2.67292
0.317659 2.67146
0.322661 2.66998
0.327664 2.66848
0.332666 2.66695
0.337669 2.66541
0.342671 2.66383
0.347674 2.66224
0.352676 2.66062
0.357679 2.65898
0.362681 2.65732
0.367684 2.65563
0.372686 2.65393
0.377689 2.6522
0.382691 2.65044
0.387694 2.64867
0.392696 2.64687
0.397699 2.64505
0.402701 2.64321
0.407704 2.64134
0.412706 2.63945
0.417709 2.63754
0.422711 2.63561
0.427714 2.63365
0.432716 2.63167
0.437719 2.62967
0.442721 2.62765
0.447724 2.62561
0.452726 2.62354
0.457729 2.62145
0.462731 2.61934
0.467734 2.6172
0.472736 2.61505
0.477739 2.61287
0.482741 2.61067
0.487744 2.60844
0.492746 2.6062
0.497749 2.60393
0.502751 2.60164
0.507754 2.59933
0.512756 2.597
0.517759 2.59464
0.522761 2.59226
0.527764 2.58986
0.532766 2.58744
0.537769 2.585
0.542771 2.58253
0.547774 2.58005
0.552776 2.57754
0.557779 2.57501
0.562781 2.57246
0.567784 2.56988
0.572786 2.56729
0.577789 2.56467
0.582791 2.56203
0.587794 2.55937
0.592796 2.55669
0.597799 2.55398
0.602801 2.55126
0.607804 2.54851
0.612806 2.54574
0.617809 2.54295
0.622811 2.54014
0.627814 2.53731
0.632816 2.53445
0.637819 2.53158
0.642821 2.52868
0.647824 2.52576
0.652826 2.52282
0.657829 2.51986
0.662831 2.51688
0.667834 2.51388
0.672836 2.51085
0.677839 2.50781
0.682841 2.50474
0.687844 2.50166
0.692846 2.49855
0.697849 2.49542
0.702851 2.49227
0.707854 2.4891
0.712856 2.48591
0.717859 2.4827
0.722861 2.47946
0.727864 2.47621
0.732866 2.47293
0.737869 2.46964
0.742871 2.46632
0.747874 2.46299
0.752876 2.45963
0.757879 2.45625
0.762881 2.45285
0.767884 2.44944
0.772886 2.446
0.777889 2.44254
0.782891 2.43906
0.787894 2.43556
0.792896 2.43204
0.797899 2.4285
0.802901 2.42494
0.807904 2.42136
0.812906 2.41776
0.817909 2.41414
0.822911 2.4105
0.827914 2.40683
0.832916 2.40315
0.837919 2.39945
0.842921 2.39573
0.847924 2.39199
0.852926 2.38823
0.857929 2.38445
0.862931 2.38065
0.867934 2.37684
0.872936 2.373
0.877939 2.36914
0.882941 2.36526
0.887944 2.36136
0.892946 2.35745
0.897949 2.35351
0.902951 2.34956
0.907954 2.34558
0.912956 2.34159
0.917959 2.33758
0.922961 2.33354
0.927964 2.32949
0.932966 2.32542
0.937969 2.32133
0.942971 2.31723
0.947974 2.3131
0.952976 2.30895
0.957979 2.30479
0.962981 2.3006
0.967984 2.2964
0.972986 2.29218
0.977989 2.28794
0.982991 2.28368
0.987994 2.27941
0.992996 2.27511
0.997999 2.2708
1.003 2.26646
1.008 2.26211
1.01301 2.25775
1.01801 2.25336
1.02301 2.24895
1.02801 2.24453
1.03302 2.24009
1.03802 2.23563
1.04302 2.23115
1.04802 2.22666
1.05303 2.22214
1.05803 2.21761
1.06303 2.21306
1.06803 2.2085
1.07304 2.20391
1.07804 2.19931
1.08304 2.19469
1.08804 2.19005
1.09305 2.1854
1.09805 2.18073
1.10305 2.17604
1.10805 2.17133
1.11306 2.16661
1.11806 2.16186
1.12306 2.15711
1.12806 2.15233
1.13307 2.14754
1.13807 2.14273
1.14307 2.1379
1.14807 2.13306
1.15308 2.1282
1.15808 2.12332
1.16308 2.11843
1.16808 2.11352
1.17309 2.10859
1.17809 2.10365
1.18309 2.09869
1.18809 2.09371
1.1931 2.08872
1.1981 2.08371
1.2031 2.07869
1.2081 2.07364
1.21311 2.06859
1.21811 2.06351
1.22311 2.05842
1.22811 2.05332
1.23312 2.0482
1.23812 2.04306
1.24312 2.03791
1.24812 2.03274
1.25313 2.02756
1.25813 2.02236
1.26313 2.01714
1.26813 2.01191
1.27314 2.00666
1.27814 2.0014
1.28314 1.99613
1.28814 1.99083
1.29315 1.98553
1.29815 1.9802
1.30315 1.97487
1.30815 1.96952
1.31316 1.96415
1.31816 1.95877
1.32316 1.95337
1.32816 1.94796
1.33317 1.94253
1.33817 1.93709
1.34317 1.93164
1.34817 1.92617
1.35318 1.92069
1.35818 1.91519
1.36318 1.90968
1.36818 1.90415
1.37319 1.89861
1.37819 1.89306
1.38319 1.88749
1.38819 1.88191
1.3932 1.87631
1.3982 1.8707
1.4032 1.86508
1.4082 1.85944
1.41321 1.85379
1.41821 1.84813
1.42321 1.84245
1.42821 1.83676
1.43322 1.83105
1.43822 1.82534
1.44322 1.81961
1.44822 1.81386
1.45323 1.80811
1.45823 1.80234
1.46323 1.79656
1.46823 1.79076
1.47324 1.78495
1.47824 1.77913
1.48324 1.7733
1.48824 1.76746
1.49325 1.7616
1.49825 1.75573
1.50325 1.74985
1.50825 1.74395
1.51326 1.73805
1.51826 1.73213
1.52326 1.7262
1.52826 1.72026
1.53327 1.7143
1.53827 1.70834
1.54327 1.70236
1.54827 1.69637
1.55328 1.69037
1.55828 1.68436
1.56328 1.67834
1.56828 1.6723
1.57329 1.66626
1.57829 1.6602
1.58329 1.65413
1.58829 1.64805
1.5933 1.64196
1.5983 1.63586
1.6033 1.62975
1.6083 1.62363
1.61331 1.6175
1.61831 1.61135
1.62331 1.6052
1.62831 1.59904
1.63332 1.59286
1.63832 1.58668
1.64332 1.58049
1.64832 1.57428
1.65333 1.56807
1.65833 1.56184
1.66333 1.55561
1.66833 1.54937
1.67334 1.54311
1.67834 1.53685
1.68334 1.53058
1.68834 1.5243
1.69335 1.51801
1.69835 1.51171
1.70335 1.5054
1.70835 1.49908
1.71336 1.49276
1.71836 1.48642
1.72336 1.48008
1.72836 1.47372
1.73337 1.46736
1.73837 1.46099
1.74337 1.45461
1.74837 1.44823
1.75338 1.44183
1.75838 1.43543
1.76338 1.42902
1.76838 1.4226
1.77339 1.41617
1.77839 1.40974
1.78339 1.40329
1.78839 1.39684
1.7934 1.39039
1.7984 1.38392
1.8034 1.37745
1.8084 1.37097
1.81341 1.36448
1.81841 1.35799
1.82341 1.35148
1.82841 1.34498
1.83342 1.33846
1.83842 1.33194
1.84342 1.32541
1.84842 1.31888
1.85343 1.31233
1.85843 1.30579
1.86343 1.29923
1.86843 1.29267
1.87344 1.28611
1.87844 1.27953
1.88344 1.27295
1.88844 1.26637
1.89345 1.25978
1.89845 1.25318
1.90345 1.24658
1.90845 1.23998
1.91346 1.23336
1.91846 1.22675
1.92346 1.22012
1.92846 1.2135
1.93347 1.20686
1.93847 1.20023
1.94347 1.19358
1.94847 1.18694
1.95348 1.18029
1.95848 1.17363
1.96348 1.16697
1.96848 1.1603
1.97349 1.15363
1.97849 1.14696
1.98349 1.14028
1.98849 1.1336
1.9935 1.12692
1.9985 1.12023
2.0035 1.11354
2.0085 1.10684
2.01351 1.10014
2.01851 1.09344
2.02351 1.08673
2.02851 1.08002
2.03352 1.07331
2.03852 1.0666
2.04352 1.05988
2.04852 1.05316
2.05353 1.04644
2.05853 1.03971
2.06353 1.03298
2.06853 1.02625
2.07354 1.01952
2.07854 1.01278
2.08354 1.00605
2.08854 0.999308
2.09355 0.992567
2.09855 0.985825
2.10355 0.979081
2.10855 0.972335
2.11356 0.965588
2.11856 0.95884
2.12356 0.952091
2.12856 0.94534
2.13357 0.938589
2.13857 0.931836
2.14357 0.925083
2.14857 0.918329
2.15358 0.911575
2.15858 0.90482
2.16358 0.898065
2.16858 0.891309
2.17359 0.884554
2.17859 0.877798
2.18359 0.871042
2.18859 0.864287
2.1936 0.857532
2.1986 0.850777
2.2036 0.844023
2.2086 0.837269
2.21361 0.830516
2.21861 0.823764
2.22361 0.817013
2.22861 0.810263
2.23362 0.803514
2.23862 0.796767
2.24362 0.79002
2.24862 0.783275
2.25363 0.776532
2.25863 0.769791
2.26363 0.763051
2.26863 0.756313
2.27364 0.749578
2.27864 0.742844
2.28364 0.736113
2.28864 0.729384
2.29365 0.722658
2.29865 0.715934
2.30365 0.709213
2.30865 0.702495
2.31366 0.695779
2.31866 0.689067
2.32366 0.682358
2.32866 0.675652
2.33367 0.66895
2.33867 0.662251
2.34367 0.655556
2.34867 0.648864
2.35368 0.642177
2.35868 0.635493
2.36368 0.628814
2.36868 0.622138
2.37369 0.615467
2.37869 0.608801
2.38369 0.602139
2.38869 0.595481
2.3937 0.588829
2.3987 0.582181
2.4037 0.575539
2.4087 0.568901
2.41371 0.562269
2.41871 0.555642
2.42371 0.549021
2.42871 0.542406
2.43372 0.535796
2.43872 0.529192
2.44372 0.522594
2.44872 0.516002
2.45373 0.509416
2.45873 0.502837
2.46373 0.496264
2.46873 0.489698
2.47374 0.483138
2.47874 0.476585
2.48374 0.47004
2.48874 0.463501
2.49375 0.456969
2.49875 0.450445
2.50375 0.443929
2.50875 0.437419
2.51376 0.430918
2.51876 0.424424
2.52376 0.417939
2.52876 0.411461
2.53377 0.404992
2.53877 0.39853
2.54377 0.392078
2.54877 0.385634
2.55378 0.379198
2.55878 0.372771
2.56378 0.366354
2.56878 0.359945
2.57379 0.353546
2.57879 0.347156
2.58379 0.340775
2.58879 0.334404
2.5938 0.328043
2.5988 0.321691
2.6038 0.315349
2.6088 0.309018
2.61381 0.302697
2.61881 0.296386
2.62381 0.290085
2.62881 0.283795
2.63382 0.277516
2.63882 0.271248
2.64382 0.264991
2.64882 0.258744
2.65383 0.252509
2.65883 0.246286
2.66383 0.240074
2.66883 0.233874
2.67384 0.227685
2.67884 0.221508
2.68384 0.215344
2.68884 0.209191
2.69385 0.203051
2.69885 0.196923
2.70385 0.190808
2.70885 0.184705
2.71386 0.178616
2.71886 0.172539
2.72386 0.166476
2.72886 0.160425
2.73387 0.154388
2.73887 0.148365
2.74387 0.142355
2.74887 0.136359
2.75388 0.130377
2.75888 0.124409
2.76388 0.118455
2.76888 0.112515
2.77389 0.10659
2.77889 0.100679
2.78389 0.0947837
2.78889 0.0889027
2.7939 0.0830367
2.7989 0.0771859
2.8039 0.0713504
2.8089 0.0655303
2.81391 0.0597257
2.81891 0.0539368
2.82391 0.0481638
2.82891 0.0424067
2.83392 0.0366657
2.83892 0.030941
2.84392 0.0252327
2.84892 0.0195409
2.85393 0.0138658
2.85893 0.00820743
2.86393 0.00256606
2.86893 -0.00305822
2.87394 -0.00866527
2.87894 -0.0142549
2.88394 -0.0198271
2.88894 -0.0253816
2.89395 -0.0309183
2.89895 -0.0364371
2.90395 -0.0419377
2.90895 -0.0474202
2.91396 -0.0528843
2.91896 -0.0583298
2.92396 -0.0637567
2.92896 -0.0691648
2.93397 -0.074554
2.93897 -0.0799241
2.94397 -0.0852749
2.94897 -0.0906063
2.95398 -0.0959183
2.95898 -0.101211
2.96398 -0.106483
2.96898 -0.111735
2.97399 -0.116968
2.97899 -0.12218
2.98399 -0.127372
2.98899 -0.132543
2.994 -0.137693
2.999 -0.142823
3.004 -0.147931
3.009 -0.153019
3.01401 -0.158085
3.01901 -0.16313
3.02401 -0.168153
3.02901 -0.173155
3.03402 -0.178134
3.03902 -0.183092
3.04402 -0.188027
3.04902 -0.19294
3.05403 -0.197831
3.05903 -0.202698
3.06403 -0.207544
3.06903 -0.212366
3.07404 -0.217165
3.07904 -0.221941
3.08404 -0.226693
3.08904 -0.231422
3.09405 -0.236127
3.09905 -0.240809
3.10405 -0.245466
3.10905 -0.2501
3.11406 -0.254709
3.11906 -0.259293
3.12406 -0.263853
3.12906 -0.268388
3.13407 -0.272898
3.13907 -0.277383
3.14407 -0.281843
3.14907 -0.286278
3.15408 -0.290687
3.15908 -0.29507
3.16408 -0.299428
3.16908 -0.303759
3.17409 -0.308065
3.17909 -0.312344
3.18409 -0.316596
3.18909 -0.320822
3.1941 -0.325021
3.1991 -0.329193
3.2041 -0.333338
3.2091 -0.337456
3.21411 -0.341547
3.21911 -0.345609
3.22411 -0.349645
3.22911 -0.353652
3.23412 -0.357631
3.23912 -0.361582
3.24412 -0.365504
3.24912 -0.369398
3.25413 -0.373264
3.25913 -0.3771
3.26413 -0.380908
3.26913 -0.384686
3.27414 -0.388435
3.27914 -0.392155
3.28414 -0.395845
3.28914 -0.399505
3.29415 -0.403135
3.29915 -0.406735
3.30415 -0.410304
3.30915 -0.413844
3.31416 -0.417352
3.31916 -0.42083
3.32416 -0.424277
3.32916 -0.427692
3.33417 -0.431077
3.33917 -0.43443
3.34417 -0.437751
3.34917 -0.441041
3.35418 -0.444298
3.35918 -0.447524
3.36418 -0.450717
3.36918 -0.453878
3.37419 -0.457006
3.37919 -0.460102
3.38419 -0.463164
3.38919 -0.466194
3.3942 -0.46919
3.3992 -0.472152
3.4042 -0.475082
3.4092 -0.477977
3.41421 -0.480838
3.41921 -0.483666
3.42421 -0.486459
3.42921 -0.489217
3.43422 -0.491941
3.43922 -0.49463
3.44422 -0.497285
3.44922 -0.499904
3.45423 -0.502488
3.45923 -0.505036
3.46423 -0.507549
3.46923 -0.510026
3.47424 -0.512467
3.47924 -0.514872
3.48424 -0.51724
3.48924 -0.519572
3.49425 -0.521868
3.49925 -0.524126
3.50425 -0.526348
3.50925 -0.528532
3.51426 -0.530679
3.51926 -0.532789
3.52426 -0.53486
3.52926 -0.536894
3.53427 -0.53889
3.53927 -0.540848
3.54427 -0.542767
3.54927 -0.544648
3.55428 -0.54649
3.55928 -0.548293
3.56428 -0.550057
3.56928 -0.551782
3.57429 -0.553467
3.57929 -0.555113
3.58429 -0.556719
3.58929 -0.558285
3.5943 -0.559811
3.5993 -0.561296
3.6043 -0.562741
3.6093 -0.564145
3.61431 -0.565509
3.61931 -0.566831
3.62431 -0.568112
3.62931 -0.569352
3.63432 -0.570551
3.63932 -0.571707
3.64432 -0.572822
3.64932 -0.573894
3.65433 -0.574924
3.65933 -0.575912
3.66433 -0.576857
3.66933 -0.577759
3.67434 -0.578619
3.67934 -0.579435
3.68434 -0.580207
3.68934 -0.580937
3.69435 -0.581622
3.69935 -0.582263
3.70435 -0.582861
3.70935 -0.583414
3.71436 -0.583923
3.71936 -0.584387
3.72436 -0.584806
3.72936 -0.58518
3.73437 -0.585509
3.73937 -0.585793
3.74437 -0.586031
3.74937 -0.586223
3.75438 -0.586369
3.75938 -0.58647
3.76438 -0.586524
3.76938 -0.586531
3.77439 -0.586492
3.77939 -0.586406
3.78439 -0.586273
3.78939 -0.586093
3.7944 -0.585865
3.7994 -0.585589
3.8044 -0.585266
3.8094 -0.584895
3.81441 -0.584476
3.81941 -0.584008
3.82441 -0.583492
3.82941 -0.582927
3.83442 -0.582313
3.83942 -0.581651
3.84442 -0.580938
3.84942 -0.580177
3.85443 -0.579365
3.85943 -0.578504
3.86443 -0.577593
3.86943 -0.576631
3.87444 -0.575619
3.87944 -0.574557
3.88444 -0.573443
3.88944 -0.572279
3.89445 -0.571063
3.89945 -0.569796
3.90445 -0.568478
3.90945 -0.567107
3.91446 -0.565685
3.91946 -0.56421
3.92446 -0.562683
3.92946 -0.561104
3.93447 -0.559472
3.93947 -0.557787
3.94447 -0.556049
3.94947 -0.554257
3.95448 -0.552412
3.95948 -0.550513
3.96448 -0.548561
3.96948 -0.546554
3.97449 -0.544493
3.97949 -0.542377
3.98449 -0.540207
3.98949 -0.537982
3.9945 -0.535702
3.9995 -0.533366
4.0045 -0.530975
4.0095 -0.528529
4.01451 -0.526026
4.01951 -0.523467
4.02451 -0.520853
4.02951 -0.518181
4.03452 -0.515453
4.03952 -0.512668
4.04452 -0.509827
4.04952 -0.506927
4.05453 -0.503971
4.05953 -0.500957
4.06453 -0.497884
4.06953 -0.494754
4.07454 -0.491566
4.07954 -0.488319
4.08454 -0.485013
4.08954 -0.481649
4.09455 -0.478225
4.09955 -0.474743
4.10455 -0.4712
4.10955 -0.467598
4.11456 -0.463937
4.11956 -0.460215
4.12456 -0.456433
4.12956 -0.45259
4.13457 -0.448687
4.13957 -0.444723
4.14457 -0.440697
4.14957 -0.436611
4.15458 -0.432463
4.15958 -0.428253
4.16458 -0.423981
4.16958 -0.419648
4.17459 -0.415252
4.17959 -0.410793
4.18459 -0.406272
4.18959 -0.401687
4.1946 -0.39704
4.1996 -0.392329
4.2046 -0.387555
4.2096 -0.382717
4.21461 -0.377815
4.21961 -0.372848
4.22461 -0.367818
4.22961 -0.362723
4.23462 -0.357563
4.23962 -0.352338
4.24462 -0.347047
4.24962 -0.341692
4.25463 -0.33627
4.25963 -0.330783
4.26463 -0.32523
4.26963 -0.31961
4.27464 -0.313925
4.27964 -0.308172
4.28464 -0.302352
4.28964 -0.296466
4.29465 -0.290512
4.29965 -0.28449
4.30465 -0.278401
4.30965 -0.272244
4.31466 -0.266018
4.31966 -0.259725
4.32466 -0.253362
4.32966 -0.246931
4.33467 -0.240431
4.33967 -0.233861
4.34467 -0.227223
4.34967 -0.220514
4.35468 -0.213736
4.35968 -0.206887
4.36468 -0.199968
4.36968 -0.192979
4.37469 -0.185919
4.37969 -0.178788
4.38469 -0.171586
4.38969 -0.164312
4.3947 -0.156967
4.3997 -0.14955
4.4047 -0.142061
4.4097 -0.1345
4.41471 -0.126866
4.41971 -0.11916
4.42471 -0.111381
4.42971 -0.103528
4.43472 -0.0956027
4.43972 -0.0876035
4.44472 -0.0795304
4.44972 -0.0713834
4.45473 -0.0631621
4.45973 -0.0548665
4.46473 -0.0464961
4.46973 -0.0380509
4.47474 -0.0295306
4.47974 -0.0209351
4.48474 -0.0122639
4.48974 -0.00351705
4.49475 0.0053058
4.49975 0.0142048
4.50475 0.0231803
4.50975 0.0322324
4.51476 0.0413614
4.51976 0.0505674
4.52476 0.0598507
4.52976 0.0692116
4.53477 0.0786502
4.53977 0.0881668
4.54477 0.0977616
4.54977 0.107435
4.55478 0.117187
4.55978 0.127017
4.56478 0.136927
4.56978 0.146916
4.57479 0.156985
4.57979 0.167133
4.58479 0.177362
4.58979 0.187671
4.5948 0.19806
4.5998 0.20853
4.6048 0.21908
4.6098 0.229712
4.61481 0.240425
4.61981 0.25122
4.62481 0.262096
4.62981 0.273055
4.63482 0.284096
4.63982 0.295219
4.64482 0.306425
4.64982 0.317714
4.65483 0.329087
4.65983 0.340542
4.66483 0.352081
4.66983 0.363704
4.67484 0.375412
4.67984 0.387203
4.68484 0.399079
4.68984 0.41104
4.69485 0.423086
4.69985 0.435217
4.70485 0.447434
4.70985 0.459736
4.71486 0.472124
4.71986 0.484599
4.72486 0.49716
4.72986 0.509807
4.73487 0.522542
4.73987 0.535363
4.74487 0.548272
4.74987 0.561268
4.75488 0.574353
4.75988 0.587525
4.76488 0.600785
4.76988 0.614134
4.77489 0.627572
4.77989 0.641099
4.78489 0.654715
4.78989 0.66842
4.7949 0.682216
4.7999 0.696101
4.8049 0.710076
4.8099 0.724141
4.81491 0.738298
4.81991 0.752545
4.82491 0.766883
4.82991 0.781313
4.83492 0.795834
4.83992 0.810447
4.84492 0.825152
4.84992 0.839949
4.85493 0.854839
4.85993 0.869822
4.86493 0.884898
4.86993 0.900067
4.87494 0.915329
4.87994 0.930685
4.88494 0.946136
4.88994 0.96168
4.89495 0.977319
4.89995 0.993052
4.90495 1.00888
4.90995 1.0248
4.91496 1.04082
4.91996 1.05694
4.92496 1.07315
4.92996 1.08946
4.93497 1.10586
4.93997 1.12236
4.94497 1.13896
4.94997 1.15565
4.95498 1.17244
4.95998 1.18933
4.96498 1.20632
4.96998 1.2234
4.97499 1.24058
4.97999 1.25787
4.98499 1.27525
4.98999 1.29273
4.995 1.31031
5 1.32798
