-3 0.391631
-2.99399 0.390063
-2.98799 0.388626
-2.98198 0.387316
-2.97598 0.38613
-2.96997 0.385062
-2.96396 0.384111
-2.95796 0.383272
-2.95195 0.382542
-2.94595 0.381917
-2.93994 0.381394
-2.93393 0.38097
-2.92793 0.380642
-2.92192 0.380407
-2.91592 0.380261
-2.90991 0.380201
-2.9039 0.380225
-2.8979 0.380331
-2.89189 0.380514
-2.88589 0.380772
-2.87988 0.381104
-2.87387 0.381505
-2.86787 0.381974
-2.86186 0.382509
-2.85586 0.383106
-2.84985 0.383764
-2.84384 0.384481
-2.83784 0.385253
-2.83183 0.38608
-2.82583 0.386958
-2.81982 0.387886
-2.81381 0.388862
-2.80781 0.389885
-2.8018 0.390951
-2.7958 0.392059
-2.78979 0.393209
-2.78378 0.394397
-2.77778 0.395622
-2.77177 0.396883
-2.76577 0.398178
-2.75976 0.399505
-2.75375 0.400864
-2.74775 0.402252
-2.74174 0.403669
-2.73574 0.405112
-2.72973 0.406582
-2.72372 0.408076
-2.71772 0.409593
-2.71171 0.411132
-2.70571 0.412693
-2.6997 0.414273
-2.69369 0.415872
-2.68769 0.41749
-2.68168 0.419124
-2.67568 0.420775
-2.66967 0.422441
-2.66366 0.424122
-2.65766 0.425816
-2.65165 0.427523
-2.64565 0.429242
-2.63964 0.430973
-2.63363 0.432715
-2.62763 0.434466
-2.62162 0.436228
-2.61562 0.437999
-2.60961 0.439778
-2.6036 0.441565
-2.5976 0.44336
-2.59159 0.445162
-2.58559 0.446971
-2.57958 0.448787
-2.57357 0.450608
-2.56757 0.452436
-2.56156 0.454268
-2.55556 0.456106
-2.54955 0.457949
-2.54354 0.459796
-2.53754 0.461648
-2.53153 0.463505
-2.52553 0.465365
-2.51952 0.46723
-2.51351 0.469099
-2.50751 0.470971
-2.5015 0.472848
-2.4955 0.474728
-2.48949 0.476612
-2.48348 0.4785
-2.47748 0.480392
-2.47147 0.482287
-2.46547 0.484187
-2.45946 0.486091
-2.45345 0.487998
-2.44745 0.48991
-2.44144 0.491826
-2.43544 0.493747
-2.42943 0.495673
-2.42342 0.497603
-2.41742 0.499538
-2.41141 0.501479
-2.40541 0.503425
-2.3994 0.505376
-2.39339 0.507334
-2.38739 0.509298
-2.38138 0.511268
-2.37538 0.513245
-2.36937 0.515229
-2.36336 0.517221
-2.35736 0.51922
-2.35135 0.521227
-2.34535 0.523242
-2.33934 0.525266
-2.33333 0.5273
-2.32733 0.529342
-2.32132 0.531394
-2.31532 0.533457
-2.30931 0.53553
-2.3033 0.537614
-2.2973 0.539709
-2.29129 0.541816
-2.28529 0.543935
-2.27928 0.546067
-2.27327 0.548212
-2.26727 0.550371
-2.26126 0.552543
-2.25526 0.554729
-2.24925 0.556931
-2.24324 0.559147
-2.23724 0.56138
-2.23123 0.563628
-2.22523 0.565893
-2.21922 0.568175
-2.21321 0.570475
-2.20721 0.572793
-2.2012 0.575129
-2.1952 0.577485
-2.18919 0.57986
-2.18318 0.582254
-2.17718 0.58467
-2.17117 0.587106
-2.16517 0.589563
-2.15916 0.592043
-2.15315 0.594545
-2.14715 0.597069
-2.14114 0.599617
-2.13514 0.602189
-2.12913 0.604785
-2.12312 0.607406
-2.11712 0.610052
-2.11111 0.612724
-2.10511 0.615422
-2.0991 0.618147
-2.09309 0.620899
-2.08709 0.623679
-2.08108 0.626487
-2.07508 0.629323
-2.06907 0.632189
-2.06306 0.635084
-2.05706 0.638008
-2.05105 0.640964
-2.04505 0.64395
-2.03904 0.646968
-2.03303 0.650017
-2.02703 0.653098
-2.02102 0.656213
-2.01502 0.65936
-2.00901 0.662541
-2.003 0.665755
-1.997 0.669004
-1.99099 0.672288
-1.98498 0.675607
-1.97898 0.678962
-1.97297 0.682352
-1.96697 0.685779
-1.96096 0.689243
-1.95495 0.692743
-1.94895 0.696282
-1.94294 0.699858
-1.93694 0.703472
-1.93093 0.707125
-1.92492 0.710817
-1.91892 0.714548
-1.91291 0.718319
-1.90691 0.72213
-1.9009 0.725981
-1.89489 0.729872
-1.88889 0.733805
-1.88288 0.737778
-1.87688 0.741794
-1.87087 0.745851
-1.86486 0.74995
-1.85886 0.754091
-1.85285 0.758275
-1.84685 0.762502
-1.84084 0.766772
-1.83483 0.771085
-1.82883 0.775442
-1.82282 0.779843
-1.81682 0.784288
-1.81081 0.788777
-1.8048 0.793311
-1.7988 0.797889
-1.79279 0.802512
-1.78679 0.80718
-1.78078 0.811894
-1.77477 0.816652
-1.76877 0.821457
-1.76276 0.826306
-1.75676 0.831202
-1.75075 0.836144
-1.74474 0.841131
-1.73874 0.846165
-1.73273 0.851245
-1.72673 0.856372
-1.72072 0.861545
-1.71471 0.866764
-1.70871 0.87203
-1.7027 0.877343
-1.6967 0.882702
-1.69069 0.888108
-1.68468 0.893561
-1.67868 0.899061
-1.67267 0.904608
-1.66667 0.910201
-1.66066 0.915841
-1.65465 0.921528
-1.64865 0.927262
-1.64264 0.933043
-1.63664 0.93887
-1.63063 0.944744
-1.62462 0.950665
-1.61862 0.956632
-1.61261 0.962646
-1.60661 0.968706
-1.6006 0.974812
-1.59459 0.980965
-1.58859 0.987164
-1.58258 0.993409
-1.57658 0.9997
-1.57057 1.00604
-1.56456 1.01242
-1.55856 1.01885
-1.55255 1.02532
-1.54655 1.03184
-1.54054 1.0384
-1.53453 1.04501
-1.52853 1.05166
-1.52252 1.05836
-1.51652 1.0651
-1.51051 1.07188
-1.5045 1.07871
-1.4985 1.08558
-1.49249 1.0925
-1.48649 1.09945
-1.48048 1.10645
-1.47447 1.1135
-1.46847 1.12058
-1.46246 1.12771
-1.45646 1.13488
-1.45045 1.14209
-1.44444 1.14934
-1.43844 1.15663
-1.43243 1.16396
-1.42643 1.17133
-1.42042 1.17874
-1.41441 1.1862
-1.40841 1.19368
-1.4024 1.20121
-1.3964 1.20878
-1.39039 1.21638
-1.38438 1.22402
-1.37838 1.2317
-1.37237 1.23942
-1.36637 1.24717
-1.36036 1.25496
-1.35435 1.26278
-1.34835 1.27063
-1.34234 1.27853
-1.33634 1.28645
-1.33033 1.29441
-1.32432 1.3024
-1.31832 1.31043
-1.31231 1.31848
-1.30631 1.32657
-1.3003 1.33469
-1.29429 1.34284
-1.28829 1.35102
-1.28228 1.35923
-1.27628 1.36747
-1.27027 1.37574
-1.26426 1.38404
-1.25826 1.39236
-1.25225 1.40071
-1.24625 1.40909
-1.24024 1.41749
-1.23423 1.42592
-1.22823 1.43437
-1.22222 1.44285
-1.21622 1.45135
-1.21021 1.45988
-1.2042 1.46842
-1.1982 1.47699
-1.19219 1.48558
-1.18619 1.49419
-1.18018 1.50282
-1.17417 1.51147
-1.16817 1.52014
-1.16216 1.52883
-1.15616 1.53754
-1.15015 1.54626
-1.14414 1.555
-1.13814 1.56375
-1.13213 1.57252
-1.12613 1.5813
-1.12012 1.5901
-1.11411 1.59891
-1.10811 1.60773
-1.1021 1.61657
-1.0961 1.62542
-1.09009 1.63427
-1.08408 1.64314
-1.07808 1.65201
-1.07207 1.6609
-1.06607 1.66979
-1.06006 1.67869
-1.05405 1.68759
-1.04805 1.6965
-1.04204 1.70542
-1.03604 1.71434
-1.03003 1.72326
-1.02402 1.73219
-1.01802 1.74112
-1.01201 1.75005
-1.00601 1.75898
-1 1.76791
-0.993994 1.77684
-0.987988 1.78577
-0.981982 1.79469
-0.975976 1.80362
-0.96997 1.81254
-0.963964 1.82145
-0.957958 1.83036
-0.951952 1.83927
-0.945946 1.84817
-0.93994 1.85706
-0.933934 1.86594
-0.927928 1.87481
-0.921922 1.88368
-0.915916 1.89253
-0.90991 1.90138
-0.903904 1.91021
-0.897898 1.91903
-0.891892 1.92783
-0.885886 1.93663
-0.87988 1.9454
-0.873874 1.95416
-0.867868 1.96291
-0.861862 1.97164
-0.855856 1.98035
-0.84985 1.98904
-0.843844 1.99772
-0.837838 2.00637
-0.831832 2.01501
-0.825826 2.02362
-0.81982 2.03221
-0.813814 2.04077
-0.807808 2.04932
-0.801802 2.05784
-0.795796 2.06633
-0.78979 2.0748
-0.783784 2.08324
-0.777778 2.09165
-0.771772 2.10004
-0.765766 2.1084
-0.75976 2.11673
-0.753754 2.12502
-0.747748 2.13329
-0.741742 2.14153
-0.735736 2.14973
-0.72973 2.1579
-0.723724 2.16603
-0.717718 2.17413
-0.711712 2.1822
-0.705706 2.19023
-0.6997 2.19822
-0.693694 2.20618
-0.687688 2.2141
-0.681682 2.22197
-0.675676 2.22981
-0.66967 2.23761
-0.663664 2.24537
-0.657658 2.25309
-0.651652 2.26076
-0.645646 2.26839
-0.63964 2.27598
-0.633634 2.28352
-0.627628 2.29102
-0.621622 2.29847
-0.615616 2.30587
-0.60961 2.31323
-0.603604 2.32054
-0.597598 2.32781
-0.591592 2.33502
-0.585586 2.34218
-0.57958 2.34929
-0.573574 2.35636
-0.567568 2.36337
-0.561562 2.37032
-0.555556 2.37723
-0.54955 2.38408
-0.543544 2.39087
-0.537538 2.39762
-0.531532 2.4043
-0.525526 2.41093
-0.51952 2.41751
-0.513514 2.42402
-0.507508 2.43048
-0.501502 2.43688
-0.495495 2.44322
-0.489489 2.4495
-0.483483 2.45573
-0.477477 2.46189
-0.471471 2.46798
-0.465465 2.47402
-0.459459 2.48
-0.453453 2.48591
-0.447447 2.49176
-0.441441 2.49754
-0.435435 2.50326
-0.429429 2.50891
-0.423423 2.5145
-0.417417 2.52002
-0.411411 2.52548
-0.405405 2.53087
-0.399399 2.53619
-0.393393 2.54144
-0.387387 2.54662
-0.381381 2.55174
-0.375375 2.55678
-0.369369 2.56175
-0.363363 2.56666
-0.357357 2.57149
-0.351351 2.57625
-0.345345 2.58094
-0.339339 2.58556
-0.333333 2.5901
-0.327327 2.59457
-0.321321 2.59897
-0.315315 2.60329
-0.309309 2.60754
-0.303303 2.61171
-0.297297 2.61581
-0.291291 2.61983
-0.285285 2.62378
-0.279279 2.62765
-0.273273 2.63145
-0.267267 2.63516
-0.261261 2.6388
-0.255255 2.64236
-0.249249 2.64584
-0.243243 2.64925
-0.237237 2.65257
-0.231231 2.65582
-0.225225 2.65899
-0.219219 2.66208
-0.213213 2.66508
-0.207207 2.66801
-0.201201 2.67086
-0.195195 2.67362
-0.189189 2.67631
-0.183183 2.67891
-0.177177 2.68143
-0.171171 2.68387
-0.165165 2.68623
-0.159159 2.68851
-0.153153 2.6907
-0.147147 2.69281
-0.141141 2.69484
-0.135135 2.69678
-0.129129 2.69865
-0.123123 2.70042
-0.117117 2.70212
-0.111111 2.70373
-0.105105 2.70526
-0.0990991 2.7067
-0.0930931 2.70806
-0.0870871 2.70933
-0.0810811 2.71052
-0.0750751 2.71163
-0.0690691 2.71265
-0.0630631 2.71359
-0.0570571 2.71444
-0.0510511 2.7152
-0.045045 2.71588
-0.039039 2.71648
-0.033033 2.71699
-0.027027 2.71742
-0.021021 2.71776
-0.015015 2.71802
-0.00900901 2.71819
-0.003003 2.71827
0.003003 2.71827
0.00900901 2.71819
0.015015 2.71802
0.021021 2.71776
0.027027 2.71742
0.033033 2.71699
0.039039 2.71648
0.045045 2.71588
0.0510511 2.7152
0.0570571 2.71444
0.0630631 2.71359
0.0690691 2.71265
0.0750751 2.71163
0.0810811 2.71052
0.0870871 2.70933
0.0930931 2.70806
0.0990991 2.7067
0.105105 2.70526
0.111111 2.70373
0.117117 2.70212
0.123123 2.70042
0.129129 2.69865
0.135135 2.69678
0.141141 2.69484
0.147147 2.69281
0.153153 2.6907
0.159159 2.68851
0.165165 2.68623
0.171171 2.68387
0.177177 2.68143
0.183183 2.67891
0.189189 2.67631
0.195195 2.67362
0.201201 2.67086
0.207207 2.66801
0.213213 2.66508
0.219219 2.66208
0.225225 2.65899
0.231231 2.65582
0.237237 2.65257
0.243243 2.64925
0.249249 2.64584
0.255255 2.64236
0.261261 2.6388
0.267267 2.63516
0.273273 2.63145
0.279279 2.62765
0.285285 2.62378
0.291291 2.61983
0.297297 2.61581
0.303303 2.61171
0.309309 2.60754
0.315315 2.60329
0.321321 2.59897
0.327327 2.59457
0.333333 2.5901
0.339339 2.58556
0.345345 2.58094
0.351351 2.57625
0.357357 2.57149
0.363363 2.56666
0.369369 2.56175
0.375375 2.55678
0.381381 2.55174
0.387387 2.54662
0.393393 2.54144
0.399399 2.53619
0.405405 2.53087
0.411411 2.52548
0.417417 2.52002
0.423423 2.5145
0.429429 2.50891
0.435435 2.50326
0.441441 2.49754
0.447447 2.49176
0.453453 2.48591
0.459459 2.48
0.465465 2.47402
0.471471 2.46798
0.477477 2.46189
0.483483 2.45573
0.489489 2.4495
0.495495 2.44322
0.501502 2.43688
0.507508 2.43048
0.513514 2.42402
0.51952 2.41751
0.525526 2.41093
0.531532 2.4043
0.537538 2.39762
0.543544 2.39087
0.54955 2.38408
0.555556 2.37723
0.561562 2.37032
0.567568 2.36337
0.573574 2.35636
0.57958 2.34929
0.585586 2.34218
0.591592 2.33502
0.597598 2.32781
0.603604 2.32054
0.60961 2.31323
0.615616 2.30587
0.621622 2.29847
0.627628 2.29102
0.633634 2.28352
0.63964 2.27598
0.645646 2.26839
0.651652 2.26076
0.657658 2.25309
0.663664 2.24537
0.66967 2.23761
0.675676 2.22981
0.681682 2.22197
0.687688 2.2141
0.693694 2.20618
0.6997 2.19822
0.705706 2.19023
0.711712 2.1822
0.717718 2.17413
0.723724 2.16603
0.72973 2.1579
0.735736 2.14973
0.741742 2.14153
0.747748 2.13329
0.753754 2.12502
0.75976 2.11673
0.765766 2.1084
0.771772 2.10004
0.777778 2.09165
0.783784 2.08324
0.78979 2.0748
0.795796 2.06633
0.801802 2.05784
0.807808 2.04932
0.813814 2.04077
0.81982 2.03221
0.825826 2.02362
0.831832 2.01501
0.837838 2.00637
0.843844 1.99772
0.84985 1.98904
0.855856 1.98035
0.861862 1.97164
0.867868 1.96291
0.873874 1.95416
0.87988 1.9454
0.885886 1.93663
0.891892 1.92783
0.897898 1.91903
0.903904 1.91021
0.90991 1.90138
0.915916 1.89253
0.921922 1.88368
0.927928 1.87481
0.933934 1.86594
0.93994 1.85706
0.945946 1.84817
0.951952 1.83927
0.957958 1.83036
0.963964 1.82145
0.96997 1.81254
0.975976 1.80362
0.981982 1.79469
0.987988 1.78577
0.993994 1.77684
1 1.76791
1.00601 1.75898
1.01201 1.75005
1.01802 1.74112
1.02402 1.73219
1.03003 1.72326
1.03604 1.71434
1.04204 1.70542
1.04805 1.6965
1.05405 1.68759
1.06006 1.67869
1.06607 1.66979
1.07207 1.6609
1.07808 1.65201
1.08408 1.64314
1.09009 1.63427
1.0961 1.62542
1.1021 1.61657
1.10811 1.60773
1.11411 1.59891
1.12012 1.5901
1.12613 1.5813
1.13213 1.57252
1.13814 1.56375
1.14414 1.555
1.15015 1.54626
1.15616 1.53754
1.16216 1.52883
1.16817 1.52014
1.17417 1.51147
1.18018 1.50282
1.18619 1.49419
1.19219 1.48558
1.1982 1.47699
1.2042 1.46842
1.21021 1.45988
1.21622 1.45135
1.22222 1.44285
1.22823 1.43437
1.23423 1.42592
1.24024 1.41749
1.24625 1.40909
1.25225 1.40071
1.25826 1.39236
1.26426 1.38404
1.27027 1.37574
1.27628 1.36747
1.28228 1.35923
1.28829 1.35102
1.29429 1.34284
1.3003 1.33469
1.30631 1.32657
1.31231 1.31848
1.31832 1.31043
1.32432 1.3024
1.33033 1.29441
1.33634 1.28645
1.34234 1.27853
1.34835 1.27063
1.35435 1.26278
1.36036 1.25496
1.36637 1.24717
1.37237 1.23942
1.37838 1.2317
1.38438 1.22402
1.39039 1.21638
1.3964 1.20878
1.4024 1.20121
1.40841 1.19368
1.41441 1.1862
1.42042 1.17874
1.42643 1.17133
1.43243 1.16396
1.43844 1.15663
1.44444 1.14934
1.45045 1.14209
1.45646 1.13488
1.46246 1.12771
1.46847 1.12058
1.47447 1.1135
1.48048 1.10645
1.48649 1.09945
1.49249 1.0925
1.4985 1.08558
1.5045 1.07871
1.51051 1.07188
1.51652 1.0651
1.52252 1.05836
1.52853 1.05166
1.53453 1.04501
1.54054 1.0384
1.54655 1.03184
1.55255 1.02532
1.55856 1.01885
1.56456 1.01242
1.57057 1.00604
1.57658 0.9997
1.58258 0.993409
1.58859 0.987164
1.59459 0.980965
1.6006 0.974812
1.60661 0.968706
1.61261 0.962646
1.61862 0.956632
1.62462 0.950665
1.63063 0.944744
1.63664 0.93887
1.64264 0.933043
1.64865 0.927262
1.65465 0.921528
1.66066 0.915841
1.66667 0.910201
1.67267 0.904608
1.67868 0.899061
1.68468 0.893561
1.69069 0.888108
1.6967 0.882702
1.7027 0.877343
1.70871 0.87203
1.71471 0.866764
1.72072 0.861545
1.72673 0.856372
1.73273 0.851245
1.73874 0.846165
1.74474 0.841131
1.75075 0.836144
1.75676 0.831202
1.76276 0.826306
1.76877 0.821457
1.77477 0.816652
1.78078 0.811894
1.78679 0.80718
1.79279 0.802512
1.7988 0.797889
1.8048 0.793311
1.81081 0.788777
1.81682 0.784288
1.82282 0.779843
1.82883 0.775442
1.83483 0.771085
1.84084 0.766772
1.84685 0.762502
1.85285 0.758275
1.85886 0.754091
1.86486 0.74995
1.87087 0.745851
1.87688 0.741794
1.88288 0.737778
1.88889 0.733805
1.89489 0.729872
1.9009 0.725981
1.90691 0.72213
1.91291 0.718319
1.91892 0.714548
1.92492 0.710817
1.93093 0.707125
1.93694 0.703472
1.94294 0.699858
1.94895 0.696282
1.95495 0.692743
1.96096 0.689243
1.96697 0.685779
1.97297 0.682352
1.97898 0.678962
1.98498 0.675607
1.99099 0.672288
1.997 0.669004
2.003 0.665755
2.00901 0.662541
2.01502 0.65936
2.02102 0.656213
2.02703 0.653098
2.03303 0.650017
2.03904 0.646968
2.04505 0.64395
2.05105 0.640964
2.05706 0.638008
2.06306 0.635084
2.06907 0.632189
2.07508 0.629323
2.08108 0.626487
2.08709 0.623679
2.09309 0.620899
2.0991 0.618147
2.10511 0.615422
2.11111 0.612724
2.11712 0.610052
2.12312 0.607406
2.12913 0.604785
2.13514 0.602189
2.14114 0.599617
2.14715 0.597069
2.15315 0.594545
2.15916 0.592043
2.16517 0.589563
2.17117 0.587106
2.17718 0.58467
2.18318 0.582254
2.18919 0.57986
2.1952 0.577485
2.2012 0.575129
2.20721 0.572793
2.21321 0.570475
2.21922 0.568175
2.22523 0.565893
2.23123 0.563628
2.23724 0.56138
2.24324 0.559147
2.24925 0.556931
2.25526 0.554729
2.26126 0.552543
2.26727 0.550371
2.27327 0.548212
2.27928 0.546067
2.28529 0.543935
2.29129 0.541816
2.2973 0.539709
2.3033 0.537614
2.30931 0.53553
2.31532 0.533457
2.32132 0.531394
2.32733 0.529342
2.33333 0.5273
2.33934 0.525266
2.34535 0.523242
2.35135 0.521227
2.35736 0.51922
2.36336 0.517221
2.36937 0.515229
2.37538 0.513245
2.38138 0.511268
2.38739 0.509298
2.39339 0.507334
2.3994 0.505376
2.40541 0.503425
2.41141 0.501479
2.41742 0.499538
2.42342 0.497603
2.42943 0.495673
2.43544 0.493747
2.44144 0.491826
2.44745 0.48991
2.45345 0.487998
2.45946 0.486091
2.46547 0.484187
2.47147 0.482287
2.47748 0.480392
2.48348 0.4785
2.48949 0.476612
2.4955 0.474728
2.5015 0.472848
2.50751 0.470971
2.51351 0.469099
2.51952 0.46723
2.52553 0.465365
2.53153 0.463505
2.53754 0.461648
2.54354 0.459796
2.54955 0.457949
2.55556 0.456106
2.56156 0.454268
2.56757 0.452436
2.57357 0.450608
2.57958 0.448787
2.58559 0.446971
2.59159 0.445162
2.5976 0.44336
2.6036 0.441565
2.60961 0.439778
2.61562 0.437999
2.62162 0.436228
2.62763 0.434466
2.63363 0.432715
2.63964 0.430973
2.64565 0.429242
2.65165 0.427523
2.65766 0.425816
2.66366 0.424122
2.66967 0.422441
2.67568 0.420775
2.68168 0.419124
2.68769 0.41749
2.69369 0.415872
2.6997 0.414273
2.70571 0.412693
2.71171 0.411132
2.71772 0.409593
2.72372 0.408076
2.72973 0.406582
2.73574 0.405112
2.74174 0.403669
2.74775 0.402252
2.75375 0.400864
2.75976 0.399505
2.76577 0.398178
2.77177 0.396883
2.77778 0.395622
2.78378 0.394397
2.78979 0.393209
2.7958 0.392059
2.8018 0.390951
2.80781 0.389885
2.81381 0.388862
2.81982 0.387886
2.82583 0.386958
2.83183 0.38608
2.83784 0.385253
2.84384 0.384481
2.84985 0.383764
2.85586 0.383106
2.86186 0.382509
2.86787 0.381974
2.87387 0.381505
2.87988 0.381104
2.88589 0.380772
2.89189 0.380514
2.8979 0.380331
2.9039 0.380225
2.90991 0.380201
2.91592 0.380261
2.92192 0.380407
2.92793 0.380642
2.93393 0.38097
2.93994 0.381394
2.94595 0.381917
2.95195 0.382542
2.95796 0.383272
2.96396 0.384111
2.96997 0.385062
2.97598 0.38613
2.98198 0.387316
2.98799 0.388626
2.99399 0.390063
3 0.391631
