-5 1.07813
-4.995 1.08363
-4.98999 1.08899
-4.98499 1.0942
-4.97999 1.09927
-4.97499 1.1042
-4.96998 1.10899
-4.96498 1.11365
-4.95998 1.11817
-4.95498 1.12255
-4.94997 1.1268
-4.94497 1.13091
-4.93997 1.13489
-4.93497 1.13875
-4.92996 1.14247
-4.92496 1.14606
-4.91996 1.14953
-4.91496 1.15287
-4.90995 1.15609
-4.90495 1.15918
-4.89995 1.16215
-4.89495 1.16499
-4.88994 1.16772
-4.88494 1.17032
-4.87994 1.17281
-4.87494 1.17518
-4.86993 1.17744
-4.86493 1.17957
-4.85993 1.1816
-4.85493 1.18351
-4.84992 1.18531
-4.84492 1.18699
-4.83992 1.18857
-4.83492 1.19004
-4.82991 1.1914
-4.82491 1.19265
-4.81991 1.1938
-4.81491 1.19484
-4.8099 1.19578
-4.8049 1.19662
-4.7999 1.19735
-4.7949 1.19799
-4.78989 1.19852
-4.78489 1.19896
-4.77989 1.19929
-4.77489 1.19953
-4.76988 1.19968
-4.76488 1.19973
-4.75988 1.19968
-4.75488 1.19954
-4.74987 1.19931
-4.74487 1.19899
-4.73987 1.19858
-4.73487 1.19808
-4.72986 1.1975
-4.72486 1.19682
-4.71986 1.19606
-4.71486 1.19521
-4.70985 1.19428
-4.70485 1.19327
-4.69985 1.19217
-4.69485 1.19099
-4.68984 1.18973
-4.68484 1.18839
-4.67984 1.18697
-4.67484 1.18548
-4.66983 1.1839
-4.66483 1.18225
-4.65983 1.18053
-4.65483 1.17873
-4.64982 1.17685
-4.64482 1.17491
-4.63982 1.17289
-4.63482 1.1708
-4.62981 1.16864
-4.62481 1.16641
-4.61981 1.16412
-4.61481 1.16175
-4.6098 1.15932
-4.6048 1.15682
-4.5998 1.15426
-4.5948 1.15163
-4.58979 1.14894
-4.58479 1.14619
-4.57979 1.14338
-4.57479 1.1405
-4.56978 1.13757
-4.56478 1.13457
-4.55978 1.13152
-4.55478 1.12841
-4.54977 1.12524
-4.54477 1.12201
-4.53977 1.11873
-4.53477 1.1154
-4.52976 1.11201
-4.52476 1.10857
-4.51976 1.10507
-4.51476 1.10153
-4.50975 1.09793
-4.50475 1.09428
-4.49975 1.09059
-4.49475 1.08684
-4.48974 1.08305
-4.48474 1.07921
-4.47974 1.07533
-4.47474 1.0714
-4.46973 1.06742
-4.46473 1.0634
-4.45973 1.05934
-4.45473 1.05523
-4.44972 1.05108
-4.44472 1.04689
-4.43972 1.04266
-4.43472 1.03839
-4.42971 1.03408
-4.42471 1.02973
-4.41971 1.02535
-4.41471 1.02093
-4.4097 1.01647
-4.4047 1.01197
-4.3997 1.00744
-4.3947 1.00288
-4.38969 0.998277
-4.38469 0.993645
-4.37969 0.988981
-4.37469 0.984286
-4.36968 0.979558
-4.36468 0.974801
-4.35968 0.970014
-4.35468 0.965197
-4.34967 0.960352
-4.34467 0.955479
-4.33967 0.950578
-4.33467 0.945651
-4.32966 0.940698
-4.32466 0.935719
-4.31966 0.930715
-4.31466 0.925687
-4.30965 0.920636
-4.30465 0.915561
-4.29965 0.910464
-4.29465 0.905345
-4.28964 0.900205
-4.28464 0.895045
-4.27964 0.889864
-4.27464 0.884663
-4.26963 0.879444
-4.26463 0.874207
-4.25963 0.868951
-4.25463 0.863679
-4.24962 0.858389
-4.24462 0.853084
-4.23962 0.847763
-4.23462 0.842428
-4.22961 0.837077
-4.22461 0.831713
-4.21961 0.826336
-4.21461 0.820945
-4.2096 0.815543
-4.2046 0.810129
-4.1996 0.804703
-4.1946 0.799267
-4.18959 0.793821
-4.18459 0.788365
-4.17959 0.7829
-4.17459 0.777426
-4.16958 0.771945
-4.16458 0.766455
-4.15958 0.760959
-4.15458 0.755456
-4.14957 0.749947
-4.14457 0.744432
-4.13957 0.738913
-4.13457 0.733388
-4.12956 0.72786
-4.12456 0.722327
-4.11956 0.716792
-4.11456 0.711254
-4.10955 0.705713
-4.10455 0.700171
-4.09955 0.694628
-4.09455 0.689083
-4.08954 0.683539
-4.08454 0.677994
-4.07954 0.67245
-4.07454 0.666907
-4.06953 0.661365
-4.06453 0.655825
-4.05953 0.650287
-4.05453 0.644752
-4.04952 0.63922
-4.04452 0.633692
-4.03952 0.628168
-4.03452 0.622648
-4.02951 0.617133
-4.02451 0.611623
-4.01951 0.606119
-4.01451 0.600621
-4.0095 0.595129
-4.0045 0.589644
-3.9995 0.584167
-3.9945 0.578697
-3.98949 0.573235
-3.98449 0.567782
-3.97949 0.562338
-3.97449 0.556903
-3.96948 0.551477
-3.96448 0.546062
-3.95948 0.540657
-3.95448 0.535263
-3.94947 0.529879
-3.94447 0.524508
-3.93947 0.519148
-3.93447 0.5138
-3.92946 0.508465
-3.92446 0.503143
-3.91946 0.497835
-3.91446 0.49254
-3.90945 0.487259
-3.90445 0.481992
-3.89945 0.47674
-3.89445 0.471503
-3.88944 0.466281
-3.88444 0.461075
-3.87944 0.455885
-3.87444 0.450712
-3.86943 0.445555
-3.86443 0.440415
-3.85943 0.435293
-3.85443 0.430188
-3.84942 0.425101
-3.84442 0.420032
-3.83942 0.414982
-3.83442 0.409951
-3.82941 0.404939
-3.82441 0.399946
-3.81941 0.394974
-3.81441 0.390021
-3.8094 0.385089
-3.8044 0.380177
-3.7994 0.375287
-3.7944 0.370418
-3.78939 0.36557
-3.78439 0.360744
-3.77939 0.35594
-3.77439 0.351158
-3.76938 0.346399
-3.76438 0.341663
-3.75938 0.336951
-3.75438 0.332261
-3.74937 0.327596
-3.74437 0.322954
-3.73937 0.318336
-3.73437 0.313743
-3.72936 0.309175
-3.72436 0.304632
-3.71936 0.300114
-3.71436 0.295621
-3.70935 0.291154
-3.70435 0.286713
-3.69935 0.282298
-3.69435 0.27791
-3.68934 0.273548
-3.68434 0.269213
-3.67934 0.264905
-3.67434 0.260625
-3.66933 0.256372
-3.66433 0.252147
-3.65933 0.24795
-3.65433 0.243781
-3.64932 0.23964
-3.64432 0.235528
-3.63932 0.231445
-3.63432 0.227391
-3.62931 0.223367
-3.62431 0.219371
-3.61931 0.215406
-3.61431 0.21147
-3.6093 0.207564
-3.6043 0.203688
-3.5993 0.199843
-3.5943 0.196029
-3.58929 0.192245
-3.58429 0.188492
-3.57929 0.18477
-3.57429 0.18108
-3.56928 0.177421
-3.56428 0.173794
-3.55928 0.170199
-3.55428 0.166635
-3.54927 0.163104
-3.54427 0.159606
-3.53927 0.156139
-3.53427 0.152706
-3.52926 0.149305
-3.52426 0.145937
-3.51926 0.142603
-3.51426 0.139301
-3.50925 0.136033
-3.50425 0.132799
-3.49925 0.129598
-3.49425 0.126432
-3.48924 0.123299
-3.48424 0.1202
-3.47924 0.117136
-3.47424 0.114106
-3.46923 0.111111
-3.46423 0.108151
-3.45923 0.105225
-3.45423 0.102334
-3.44922 0.0994782
-3.44422 0.0966577
-3.43922 0.0938724
-3.43422 0.0911226
-3.42921 0.0884083
-3.42421 0.0857297
-3.41921 0.0830868
-3.41421 0.0804798
-3.4092 0.0779089
-3.4042 0.075374
-3.3992 0.0728753
-3.3942 0.0704129
-3.38919 0.0679869
-3.38419 0.0655974
-3.37919 0.0632445
-3.37419 0.0609283
-3.36918 0.0586488
-3.36418 0.0564063
-3.35918 0.0542007
-3.35418 0.0520321
-3.34917 0.0499007
-3.34417 0.0478065
-3.33917 0.0457496
-3.33417 0.0437301
-3.32916 0.041748
-3.32416 0.0398035
-3.31916 0.0378966
-3.31416 0.0360273
-3.30915 0.0341958
-3.30415 0.0324021
-3.29915 0.0306462
-3.29415 0.0289284
-3.28914 0.0272485
-3.28414 0.0256067
-3.27914 0.024003
-3.27414 0.0224375
-3.26913 0.0209103
-3.26413 0.0194213
-3.25913 0.0179707
-3.25413 0.0165585
-3.24912 0.0151847
-3.24412 0.0138494
-3.23912 0.0125527
-3.23412 0.0112946
-3.22911 0.010075
-3.22411 0.00889416
-3.21911 0.00775199
-3.21411 0.00664857
-3.2091 0.00558392
-3.2041 0.00455807
-3.1991 0.00357107
-3.1941 0.00262293
-3.18909 0.00171369
-3.18409 0.000843376
-3.17909 1.20121e-05
-3.17409 -0.000780379
-3.16908 -0.00153377
-3.16408 -0.00224815
-3.15908 -0.0029235
-3.15408 -0.00355979
-3.14907 -0.00415702
-3.14407 -0.00471516
-3.13907 -0.00523421
-3.13407 -0.00571416
-3.12906 -0.00615499
-3.12406 -0.00655671
-3.11906 -0.00691929
-3.11406 -0.00724274
-3.10905 -0.00752706
-3.10405 -0.00777223
-3.09905 -0.00797827
-3.09405 -0.00814518
-3.08904 -0.00827295
-3.08404 -0.00836159
-3.07904 -0.00841111
-3.07404 -0.00842152
-3.06903 -0.00839281
-3.06403 -0.00832501
-3.05903 -0.00821813
-3.05403 -0.00807217
-3.04902 -0.00788716
-3.04402 -0.0076631
-3.03902 -0.00740002
-3.03402 -0.00709794
-3.02901 -0.00675687
-3.02401 -0.00637684
-3.01901 -0.00595787
-3.01401 -0.00549998
-3.009 -0.0050032
-3.004 -0.00446757
-2.999 -0.00389309
-2.994 -0.00327982
-2.98899 -0.00262777
-2.98399 -0.00193698
-2.97899 -0.00120749
-2.97399 -0.000439322
-2.96898 0.000367477
-2.96398 0.00121287
-2.95898 0.00209682
-2.95398 0.00301929
-2.94897 0.00398023
-2.94397 0.0049796
-2.93897 0.00601736
-2.93397 0.00709346
-2.92896 0.00820785
-2.92396 0.00936049
-2.91896 0.0105513
-2.91396 0.0117803
-2.90895 0.0130474
-2.90395 0.0143525
-2.89895 0.0156956
-2.89395 0.0170766
-2.88894 0.0184955
-2.88394 0.0199522
-2.87894 0.0214467
-2.87394 0.0229789
-2.86893 0.0245487
-2.86393 0.026156
-2.85893 0.0278009
-2.85393 0.0294832
-2.84892 0.0312029
-2.84392 0.0329599
-2.83892 0.0347541
-2.83392 0.0365855
-2.82891 0.038454
-2.82391 0.0403596
-2.81891 0.042302
-2.81391 0.0442814
-2.8089 0.0462975
-2.8039 0.0483504
-2.7989 0.0504399
-2.7939 0.052566
-2.78889 0.0547286
-2.78389 0.0569276
-2.77889 0.0591629
-2.77389 0.0614345
-2.76888 0.0637422
-2.76388 0.066086
-2.75888 0.0684658
-2.75388 0.0708815
-2.74887 0.073333
-2.74387 0.0758202
-2.73887 0.0783431
-2.73387 0.0809014
-2.72886 0.0834953
-2.72386 0.0861245
-2.71886 0.0887889
-2.71386 0.0914886
-2.70885 0.0942233
-2.70385 0.0969929
-2.69885 0.0997975
-2.69385 0.102637
-2.68884 0.105511
-2.68384 0.108419
-2.67884 0.111362
-2.67384 0.11434
-2.66883 0.117351
-2.66383 0.120397
-2.65883 0.123477
-2.65383 0.126591
-2.64882 0.129739
-2.64382 0.13292
-2.63882 0.136135
-2.63382 0.139384
-2.62881 0.142666
-2.62381 0.145981
-2.61881 0.149329
-2.61381 0.152711
-2.6088 0.156125
-2.6038 0.159572
-2.5988 0.163052
-2.5938 0.166565
-2.58879 0.17011
-2.58379 0.173687
-2.57879 0.177297
-2.57379 0.180939
-2.56878 0.184613
-2.56378 0.188318
-2.55878 0.192056
-2.55378 0.195825
-2.54877 0.199625
-2.54377 0.203457
-2.53877 0.20732
-2.53377 0.211215
-2.52876 0.21514
-2.52376 0.219096
-2.51876 0.223083
-2.51376 0.227101
-2.50875 0.231149
-2.50375 0.235227
-2.49875 0.239336
-2.49375 0.243475
-2.48874 0.247643
-2.48374 0.251842
-2.47874 0.25607
-2.47374 0.260328
-2.46873 0.264615
-2.46373 0.268932
-2.45873 0.273277
-2.45373 0.277652
-2.44872 0.282055
-2.44372 0.286488
-2.43872 0.290948
-2.43372 0.295438
-2.42871 0.299955
-2.42371 0.304501
-2.41871 0.309075
-2.41371 0.313676
-2.4087 0.318306
-2.4037 0.322963
-2.3987 0.327647
-2.3937 0.332359
-2.38869 0.337098
-2.38369 0.341864
-2.37869 0.346656
-2.37369 0.351476
-2.36868 0.356322
-2.36368 0.361194
-2.35868 0.366093
-2.35368 0.371018
-2.34867 0.375969
-2.34367 0.380945
-2.33867 0.385948
-2.33367 0.390975
-2.32866 0.396028
-2.32366 0.401107
-2.31866 0.40621
-2.31366 0.411338
-2.30865 0.416491
-2.30365 0.421669
-2.29865 0.426871
-2.29365 0.432097
-2.28864 0.437348
-2.28364 0.442622
-2.27864 0.44792
-2.27364 0.453242
-2.26863 0.458587
-2.26363 0.463956
-2.25863 0.469348
-2.25363 0.474763
-2.24862 0.4802
-2.24362 0.485661
-2.23862 0.491143
-2.23362 0.496649
-2.22861 0.502176
-2.22361 0.507725
-2.21861 0.513297
-2.21361 0.51889
-2.2086 0.524504
-2.2036 0.53014
-2.1986 0.535797
-2.1936 0.541475
-2.18859 0.547174
-2.18359 0.552894
-2.17859 0.558635
-2.17359 0.564395
-2.16858 0.570176
-2.16358 0.575977
-2.15858 0.581798
-2.15358 0.587639
-2.14857 0.593499
-2.14357 0.599378
-2.13857 0.605277
-2.13357 0.611195
-2.12856 0.617131
-2.12356 0.623087
-2.11856 0.62906
-2.11356 0.635053
-2.10855 0.641063
-2.10355 0.647091
-2.09855 0.653138
-2.09355 0.659202
-2.08854 0.665283
-2.08354 0.671382
-2.07854 0.677498
-2.07354 0.683631
-2.06853 0.68978
-2.06353 0.695947
-2.05853 0.702129
-2.05353 0.708329
-2.04852 0.714544
-2.04352 0.720775
-2.03852 0.727022
-2.03352 0.733284
-2.02851 0.739562
-2.02351 0.745855
-2.01851 0.752164
-2.01351 0.758487
-2.0085 0.764825
-2.0035 0.771177
-1.9985 0.777544
-1.9935 0.783925
-1.98849 0.79032
-1.98349 0.796728
-1.97849 0.803151
-1.97349 0.809587
-1.96848 0.816036
-1.96348 0.822498
-1.95848 0.828974
-1.95348 0.835462
-1.94847 0.841962
-1.94347 0.848475
-1.93847 0.855001
-1.93347 0.861538
-1.92846 0.868087
-1.92346 0.874648
-1.91846 0.881221
-1.91346 0.887804
-1.90845 0.894399
-1.90345 0.901005
-1.89845 0.907622
-1.89345 0.91425
-1.88844 0.920887
-1.88344 0.927535
-1.87844 0.934194
-1.87344 0.940862
-1.86843 0.94754
-1.86343 0.954227
-1.85843 0.960924
-1.85343 0.96763
-1.84842 0.974345
-1.84342 0.981068
-1.83842 0.987801
-1.83342 0.994542
-1.82841 1.00129
-1.82341 1.00805
-1.81841 1.01481
-1.81341 1.02159
-1.8084 1.02837
-1.8034 1.03515
-1.7984 1.04195
-1.7934 1.04875
-1.78839 1.05556
-1.78339 1.06238
-1.77839 1.0692
-1.77339 1.07603
-1.76838 1.08286
-1.76338 1.0897
-1.75838 1.09655
-1.75338 1.1034
-1.74837 1.11026
-1.74337 1.11712
-1.73837 1.12399
-1.73337 1.13086
-1.72836 1.13774
-1.72336 1.14462
-1.71836 1.15151
-1.71336 1.1584
-1.70835 1.16529
-1.70335 1.17219
-1.69835 1.17909
-1.69335 1.18599
-1.68834 1.1929
-1.68334 1.19981
-1.67834 1.20673
-1.67334 1.21365
-1.66833 1.22057
-1.66333 1.22749
-1.65833 1.23441
-1.65333 1.24134
-1.64832 1.24826
-1.64332 1.25519
-1.63832 1.26213
-1.63332 1.26906
-1.62831 1.27599
-1.62331 1.28292
-1.61831 1.28986
-1.61331 1.2968
-1.6083 1.30373
-1.6033 1.31067
-1.5983 1.3176
-1.5933 1.32454
-1.58829 1.33148
-1.58329 1.33841
-1.57829 1.34535
-1.57329 1.35228
-1.56828 1.35921
-1.56328 1.36614
-1.55828 1.37307
-1.55328 1.38
-1.54827 1.38693
-1.54327 1.39385
-1.53827 1.40078
-1.53327 1.4077
-1.52826 1.41462
-1.52326 1.42153
-1.51826 1.42845
-1.51326 1.43536
-1.50825 1.44226
-1.50325 1.44917
-1.49825 1.45607
-1.49325 1.46296
-1.48824 1.46985
-1.48324 1.47674
-1.47824 1.48363
-1.47324 1.49051
-1.46823 1.49738
-1.46323 1.50425
-1.45823 1.51112
-1.45323 1.51798
-1.44822 1.52484
-1.44322 1.53169
-1.43822 1.53853
-1.43322 1.54537
-1.42821 1.55221
-1.42321 1.55903
-1.41821 1.56585
-1.41321 1.57267
-1.4082 1.57948
-1.4032 1.58628
-1.3982 1.59307
-1.3932 1.59986
-1.38819 1.60664
-1.38319 1.61342
-1.37819 1.62018
-1.37319 1.62694
-1.36818 1.63369
-1.36318 1.64043
-1.35818 1.64716
-1.35318 1.65389
-1.34817 1.66061
-1.34317 1.66731
-1.33817 1.67401
-1.33317 1.6807
-1.32816 1.68738
-1.32316 1.69405
-1.31816 1.70072
-1.31316 1.70737
-1.30815 1.71401
-1.30315 1.72064
-1.29815 1.72726
-1.29315 1.73388
-1.28814 1.74048
-1.28314 1.74707
-1.27814 1.75365
-1.27314 1.76022
-1.26813 1.76677
-1.26313 1.77332
-1.25813 1.77985
-1.25313 1.78638
-1.24812 1.79289
-1.24312 1.79939
-1.23812 1.80588
-1.23312 1.81235
-1.22811 1.81881
-1.22311 1.82526
-1.21811 1.8317
-1.21311 1.83813
-1.2081 1.84454
-1.2031 1.85093
-1.1981 1.85732
-1.1931 1.86369
-1.18809 1.87005
-1.18309 1.87639
-1.17809 1.88272
-1.17309 1.88904
-1.16808 1.89534
-1.16308 1.90163
-1.15808 1.9079
-1.15308 1.91416
-1.14807 1.9204
-1.14307 1.92663
-1.13807 1.93284
-1.13307 1.93904
-1.12806 1.94522
-1.12306 1.95139
-1.11806 1.95754
-1.11306 1.96367
-1.10805 1.96979
-1.10305 1.97589
-1.09805 1.98198
-1.09305 1.98805
-1.08804 1.9941
-1.08304 2.00014
-1.07804 2.00616
-1.07304 2.01216
-1.06803 2.01814
-1.06303 2.02411
-1.05803 2.03006
-1.05303 2.03599
-1.04802 2.04191
-1.04302 2.0478
-1.03802 2.05368
-1.03302 2.05954
-1.02801 2.06539
-1.02301 2.07121
-1.01801 2.07701
-1.01301 2.0828
-1.008 2.08857
-1.003 2.09432
-0.997999 2.10005
-0.992996 2.10576
-0.987994 2.11145
-0.982991 2.11712
-0.977989 2.12277
-0.972986 2.1284
-0.967984 2.13401
-0.962981 2.1396
-0.957979 2.14517
-0.952976 2.15073
-0.947974 2.15626
-0.942971 2.16177
-0.937969 2.16725
-0.932966 2.17272
-0.927964 2.17817
-0.922961 2.1836
-0.917959 2.189
-0.912956 2.19438
-0.907954 2.19975
-0.902951 2.20509
-0.897949 2.21041
-0.892946 2.2157
-0.887944 2.22098
-0.882941 2.22623
-0.877939 2.23146
-0.872936 2.23667
-0.867934 2.24185
-0.862931 2.24702
-0.857929 2.25216
-0.852926 2.25727
-0.847924 2.26237
-0.842921 2.26744
-0.837919 2.27249
-0.832916 2.27751
-0.827914 2.28251
-0.822911 2.28749
-0.817909 2.29244
-0.812906 2.29737
-0.807904 2.30228
-0.802901 2.30716
-0.797899 2.31202
-0.792896 2.31685
-0.787894 2.32166
-0.782891 2.32645
-0.777889 2.33121
-0.772886 2.33595
-0.767884 2.34066
-0.762881 2.34534
-0.757879 2.35
-0.752876 2.35464
-0.747874 2.35925
-0.742871 2.36384
-0.737869 2.3684
-0.732866 2.37293
-0.727864 2.37744
-0.722861 2.38192
-0.717859 2.38638
-0.712856 2.39081
-0.707854 2.39522
-0.702851 2.39959
-0.697849 2.40395
-0.692846 2.40827
-0.687844 2.41257
-0.682841 2.41685
-0.677839 2.42109
-0.672836 2.42531
-0.667834 2.42951
-0.662831 2.43367
-0.657829 2.43781
-0.652826 2.44192
-0.647824 2.44601
-0.642821 2.45006
-0.637819 2.45409
-0.632816 2.4581
-0.627814 2.46207
-0.622811 2.46602
-0.617809 2.46994
-0.612806 2.47383
-0.607804 2.47769
-0.602801 2.48153
-0.597799 2.48534
-0.592796 2.48911
-0.587794 2.49286
-0.582791 2.49659
-0.577789 2.50028
-0.572786 2.50395
-0.567784 2.50758
-0.562781 2.51119
-0.557779 2.51477
-0.552776 2.51832
-0.547774 2.52184
-0.542771 2.52533
-0.537769 2.52879
-0.532766 2.53223
-0.527764 2.53563
-0.522761 2.53901
-0.517759 2.54235
-0.512756 2.54567
-0.507754 2.54896
-0.502751 2.55221
-0.497749 2.55544
-0.492746 2.55864
-0.487744 2.5618
-0.482741 2.56494
-0.477739 2.56805
-0.472736 2.57112
-0.467734 2.57417
-0.462731 2.57719
-0.457729 2.58017
-0.452726 2.58313
-0.447724 2.58606
-0.442721 2.58895
-0.437719 2.59181
-0.432716 2.59465
-0.427714 2.59745
-0.422711 2.60022
-0.417709 2.60296
-0.412706 2.60567
-0.407704 2.60835
-0.402701 2.611
-0.397699 2.61362
-0.392696 2.61621
-0.387694 2.61876
-0.382691 2.62128
-0.377689 2.62378
-0.372686 2.62624
-0.367684 2.62867
-0.362681 2.63106
-0.357679 2.63343
-0.352676 2.63577
-0.347674 2.63807
-0.342671 2.64034
-0.337669 2.64258
-0.332666 2.64479
-0.327664 2.64696
-0.322661 2.64911
-0.317659 2.65122
-0.312656 2.6533
-0.307654 2.65535
-0.302651 2.65736
-0.297649 2.65935
-0.292646 2.6613
-0.287644 2.66322
-0.282641 2.66511
-0.277639 2.66696
-0.272636 2.66878
-0.267634 2.67057
-0.262631 2.67233
-0.257629 2.67406
-0.252626 2.67575
-0.247624 2.67741
-0.242621 2.67904
-0.237619 2.68063
-0.232616 2.68219
-0.227614 2.68372
-0.222611 2.68522
-0.217609 2.68668
-0.212606 2.68812
-0.207604 2.68951
-0.202601 2.69088
-0.197599 2.69221
-0.192596 2.69351
-0.187594 2.69478
-0.182591 2.69601
-0.177589 2.69721
-0.172586 2.69838
-0.167584 2.69952
-0.162581 2.70062
-0.157579 2.70168
-0.152576 2.70272
-0.147574 2.70372
-0.142571 2.70469
-0.137569 2.70563
-0.132566 2.70653
-0.127564 2.7074
-0.122561 2.70823
-0.117559 2.70904
-0.112556 2.70981
-0.107554 2.71054
-0.102551 2.71124
-0.0975488 2.71191
-0.0925463 2.71255
-0.0875438 2.71315
-0.0825413 2.71372
-0.0775388 2.71426
-0.0725363 2.71476
-0.0675338 2.71523
-0.0625313 2.71566
-0.0575288 2.71607
-0.0525263 2.71643
-0.0475238 2.71677
-0.0425213 2.71707
-0.0375188 2.71734
-0.0325163 2.71757
-0.0275138 2.71777
-0.0225113 2.71794
-0.0175088 2.71808
-0.0125063 2.71818
-0.00750375 2.71824
-0.00250125 2.71828
0.00250125 2.71828
0.00750375 2.71824
0.0125063 2.71818
0.0175088 2.71808
0.0225113 2.71794
0.0275138 2.71777
0.0325163 2.71757
0.0375188 2.71734
0.0425213 2.71707
0.0475238 2.71677
0.0525263 2.71643
0.0575288 2.71607
0.0625313 2.71566
0.0675338 2.71523
0.0725363 2.71476
0.0775388 2.71426
0.0825413 2.71372
0.0875438 2.71315
0.0925463 2.71255
0.0975488 2.71191
0.102551 2.71124
0.107554 2.71054
0.112556 2.70981
0.117559 2.70904
0.122561 2.70823
0.127564 2.7074
0.132566 2.70653
0.137569 2.70563
0.142571 2.70469
0.147574 2.70372
0.152576 2.70272
0.157579 2.70168
0.162581 2.70062
0.167584 2.69952
0.172586 2.69838
0.177589 2.69721
0.182591 2.69601
0.187594 2.69478
0.192596 2.69351
0.197599 2.69221
0.202601 2.69088
0.207604 2.68951
0.212606 2.68812
0.217609 2.68668
0.222611 2.68522
0.227614 2.68372
0.232616 2.68219
0.237619 2.68063
0.242621 2.67904
0.247624 2.67741
0.252626 2.67575
0.257629 2.67406
0.262631 2.67233
0.267634 2.67057
0.272636 2.66878
0.277639 2.66696
0.282641 2.66511
0.287644 2.66322
0.292646 2.6613
0.297649 2.65935
0.302651 2.65736
0.307654 2.65535
0.312656 2.6533
0.317659 2.65122
0.322661 2.64911
0.327664 2.64696
0.332666 2.64479
0.337669 2.64258
0.342671 2.64034
0.347674 2.63807
0.352676 2.63577
0.357679 2.63343
0.362681 2.63106
0.367684 2.62867
0.372686 2.62624
0.377689 2.62378
0.382691 2.62128
0.387694 2.61876
0.392696 2.61621
0.397699 2.61362
0.402701 2.611
0.407704 2.60835
0.412706 2.60567
0.417709 2.60296
0.422711 2.60022
0.427714 2.59745
0.432716 2.59465
0.437719 2.59181
0.442721 2.58895
0.447724 2.58606
0.452726 2.58313
0.457729 2.58017
0.462731 2.57719
0.467734 2.57417
0.472736 2.57112
0.477739 2.56805
0.482741 2.56494
0.487744 2.5618
0.492746 2.55864
0.497749 2.55544
0.502751 2.55221
0.507754 2.54896
0.512756 2.54567
0.517759 2.54235
0.522761 2.53901
0.527764 2.53563
0.532766 2.53223
0.537769 2.52879
0.542771 2.52533
0.547774 2.52184
0.552776 2.51832
0.557779 2.51477
0.562781 2.51119
0.567784 2.50758
0.572786 2.50395
0.577789 2.50028
0.582791 2.49659
0.587794 2.49286
0.592796 2.48911
0.597799 2.48534
0.602801 2.48153
0.607804 2.47769
0.612806 2.47383
0.617809 2.46994
0.622811 2.46602
0.627814 2.46207
0.632816 2.4581
0.637819 2.45409
0.642821 2.45006
0.647824 2.44601
0.652826 2.44192
0.657829 2.43781
0.662831 2.43367
0.667834 2.42951
0.672836 2.42531
0.677839 2.42109
0.682841 2.41685
0.687844 2.41257
0.692846 2.40827
0.697849 2.40395
0.702851 2.39959
0.707854 2.39522
0.712856 2.39081
0.717859 2.38638
0.722861 2.38192
0.727864 2.37744
0.732866 2.37293
0.737869 2.3684
0.742871 2.36384
0.747874 2.35925
0.752876 2.35464
0.757879 2.35
0.762881 2.34534
0.767884 2.34066
0.772886 2.33595
0.777889 2.33121
0.782891 2.32645
0.787894 2.32166
0.792896 2.31685
0.797899 2.31202
0.802901 2.30716
0.807904 2.30228
0.812906 2.29737
0.817909 2.29244
0.822911 2.28749
0.827914 2.28251
0.832916 2.27751
0.837919 2.27249
0.842921 2.26744
0.847924 2.26237
0.852926 2.25727
0.857929 2.25216
0.862931 2.24702
0.867934 2.24185
0.872936 2.23667
0.877939 2.23146
0.882941 2.22623
0.887944 2.22098
0.892946 2.2157
0.897949 2.21041
0.902951 2.20509
0.907954 2.19975
0.912956 2.19438
0.917959 2.189
0.922961 2.1836
0.927964 2.17817
0.932966 2.17272
0.937969 2.16725
0.942971 2.16177
0.947974 2.15626
0.952976 2.15073
0.957979 2.14517
0.962981 2.1396
0.967984 2.13401
0.972986 2.1284
0.977989 2.12277
0.982991 2.11712
0.987994 2.11145
0.992996 2.10576
0.997999 2.10005
1.003 2.09432
1.008 2.08857
1.01301 2.0828
1.01801 2.07701
1.02301 2.07121
1.02801 2.06539
1.03302 2.05954
1.03802 2.05368
1.04302 2.0478
1.04802 2.04191
1.05303 2.03599
1.05803 2.03006
1.06303 2.02411
1.06803 2.01814
1.07304 2.01216
1.07804 2.00616
1.08304 2.00014
1.08804 1.9941
1.09305 1.98805
1.09805 1.98198
1.10305 1.97589
1.10805 1.96979
1.11306 1.96367
1.11806 1.95754
1.12306 1.95139
1.12806 1.94522
1.13307 1.93904
1.13807 1.93284
1.14307 1.92663
1.14807 1.9204
1.15308 1.91416
1.15808 1.9079
1.16308 1.90163
1.16808 1.89534
1.17309 1.88904
1.17809 1.88272
1.18309 1.87639
1.18809 1.87005
1.1931 1.86369
1.1981 1.85732
1.2031 1.85093
1.2081 1.84454
1.21311 1.83813
1.21811 1.8317
1.22311 1.82526
1.22811 1.81881
1.23312 1.81235
1.23812 1.80588
1.24312 1.79939
1.24812 1.79289
1.25313 1.78638
1.25813 1.77985
1.26313 1.77332
1.26813 1.76677
1.27314 1.76022
1.27814 1.75365
1.28314 1.74707
1.28814 1.74048
1.29315 1.73388
1.29815 1.72726
1.30315 1.72064
1.30815 1.71401
1.31316 1.70737
1.31816 1.70072
1.32316 1.69405
1.32816 1.68738
1.33317 1.6807
1.33817 1.67401
1.34317 1.66731
1.34817 1.66061
1.35318 1.65389
1.35818 1.64716
1.36318 1.64043
1.36818 1.63369
1.37319 1.62694
1.37819 1.62018
1.38319 1.61342
1.38819 1.60664
1.3932 1.59986
1.3982 1.59307
1.4032 1.58628
1.4082 1.57948
1.41321 1.57267
1.41821 1.56585
1.42321 1.55903
1.42821 1.55221
1.43322 1.54537
1.43822 1.53853
1.44322 1.53169
1.44822 1.52484
1.45323 1.51798
1.45823 1.51112
1.46323 1.50425
1.46823 1.49738
1.47324 1.49051
1.47824 1.48363
1.48324 1.47674
1.48824 1.46985
1.49325 1.46296
1.49825 1.45607
1.50325 1.44917
1.50825 1.44226
1.51326 1.43536
1.51826 1.42845
1.52326 1.42153
1.52826 1.41462
1.53327 1.4077
1.53827 1.40078
1.54327 1.39385
1.54827 1.38693
1.55328 1.38
1.55828 1.37307
1.56328 1.36614
1.56828 1.35921
1.57329 1.35228
1.57829 1.34535
1.58329 1.33841
1.58829 1.33148
1.5933 1.32454
1.5983 1.3176
1.6033 1.31067
1.6083 1.30373
1.61331 1.2968
1.61831 1.28986
1.62331 1.28292
1.62831 1.27599
1.63332 1.26906
1.63832 1.26213
1.64332 1.25519
1.64832 1.24826
1.65333 1.24134
1.65833 1.23441
1.66333 1.22749
1.66833 1.22057
1.67334 1.21365
1.67834 1.20673
1.68334 1.19981
1.68834 1.1929
1.69335 1.18599
1.69835 1.17909
1.70335 1.17219
1.70835 1.16529
1.71336 1.1584
1.71836 1.15151
1.72336 1.14462
1.72836 1.13774
1.73337 1.13086
1.73837 1.12399
1.74337 1.11712
1.74837 1.11026
1.75338 1.1034
1.75838 1.09655
1.76338 1.0897
1.76838 1.08286
1.77339 1.07603
1.77839 1.0692
1.78339 1.06238
1.78839 1.05556
1.7934 1.04875
1.7984 1.04195
1.8034 1.03515
1.8084 1.02837
1.81341 1.02159
1.81841 1.01481
1.82341 1.00805
1.82841 1.00129
1.83342 0.994542
1.83842 0.987801
1.84342 0.981068
1.84842 0.974345
1.85343 0.96763
1.85843 0.960924
1.86343 0.954227
1.86843 0.94754
1.87344 0.940862
1.87844 0.934194
1.88344 0.927535
1.88844 0.920887
1.89345 0.91425
1.89845 0.907622
1.90345 0.901005
1.90845 0.894399
1.91346 0.887804
1.91846 0.881221
1.92346 0.874648
1.92846 0.868087
1.93347 0.861538
1.93847 0.855001
1.94347 0.848475
1.94847 0.841962
1.95348 0.835462
1.95848 0.828974
1.96348 0.822498
1.96848 0.816036
1.97349 0.809587
1.97849 0.803151
1.98349 0.796728
1.98849 0.79032
1.9935 0.783925
1.9985 0.777544
2.0035 0.771177
2.0085 0.764825
2.01351 0.758487
2.01851 0.752164
2.02351 0.745855
2.02851 0.739562
2.03352 0.733284
2.03852 0.727022
2.04352 0.720775
2.04852 0.714544
2.05353 0.708329
2.05853 0.702129
2.06353 0.695947
2.06853 0.68978
2.07354 0.683631
2.07854 0.677498
2.08354 0.671382
2.08854 0.665283
2.09355 0.659202
2.09855 0.653138
2.10355 0.647091
2.10855 0.641063
2.11356 0.635053
2.11856 0.62906
2.12356 0.623087
2.12856 0.617131
2.13357 0.611195
2.13857 0.605277
2.14357 0.599378
2.14857 0.593499
2.15358 0.587639
2.15858 0.581798
2.16358 0.575977
2.16858 0.570176
2.17359 0.564395
2.17859 0.558635
2.18359 0.552894
2.18859 0.547174
2.1936 0.541475
2.1986 0.535797
2.2036 0.53014
2.2086 0.524504
2.21361 0.51889
2.21861 0.513297
2.22361 0.507725
2.22861 0.502176
2.23362 0.496649
2.23862 0.491143
2.24362 0.485661
2.24862 0.4802
2.25363 0.474763
2.25863 0.469348
2.26363 0.463956
2.26863 0.458587
2.27364 0.453242
2.27864 0.44792
2.28364 0.442622
2.28864 0.437348
2.29365 0.432097
2.29865 0.426871
2.30365 0.421669
2.30865 0.416491
2.31366 0.411338
2.31866 0.40621
2.32366 0.401107
2.32866 0.396028
2.33367 0.390975
2.33867 0.385948
2.34367 0.380945
2.34867 0.375969
2.35368 0.371018
2.35868 0.366093
2.36368 0.361194
2.36868 0.356322
2.37369 0.351476
2.37869 0.346656
2.38369 0.341864
2.38869 0.337098
2.3937 0.332359
2.3987 0.327647
2.4037 0.322963
2.4087 0.318306
2.41371 0.313676
2.41871 0.309075
2.42371 0.304501
2.42871 0.299955
2.43372 0.295438
2.43872 0.290948
2.44372 0.286488
2.44872 0.282055
2.45373 0.277652
2.45873 0.273277
2.46373 0.268932
2.46873 0.264615
2.47374 0.260328
2.47874 0.25607
2.48374 0.251842
2.48874 0.247643
2.49375 0.243475
2.49875 0.239336
2.50375 0.235227
2.50875 0.231149
2.51376 0.227101
2.51876 0.223083
2.52376 0.219096
2.52876 0.21514
2.53377 0.211215
2.53877 0.20732
2.54377 0.203457
2.54877 0.199625
2.55378 0.195825
2.55878 0.192056
2.56378 0.188318
2.56878 0.184613
2.57379 0.180939
2.57879 0.177297
2.58379 0.173687
2.58879 0.17011
2.5938 0.166565
2.5988 0.163052
2.6038 0.159572
2.6088 0.156125
2.61381 0.152711
2.61881 0.149329
2.62381 0.145981
2.62881 0.142666
2.63382 0.139384
2.63882 0.136135
2.64382 0.13292
2.64882 0.129739
2.65383 0.126591
2.65883 0.123477
2.66383 0.120397
2.66883 0.117351
2.67384 0.11434
2.67884 0.111362
2.68384 0.108419
2.68884 0.105511
2.69385 0.102637
2.69885 0.0997975
2.70385 0.0969929
2.70885 0.0942233
2.71386 0.0914886
2.71886 0.0887889
2.72386 0.0861245
2.72886 0.0834953
2.73387 0.0809014
2.73887 0.0783431
2.74387 0.0758202
2.74887 0.073333
2.75388 0.0708815
2.75888 0.0684658
2.76388 0.066086
2.76888 0.0637422
2.77389 0.0614345
2.77889 0.0591629
2.78389 0.0569276
2.78889 0.0547286
2.7939 0.052566
2.7989 0.0504399
2.8039 0.0483504
2.8089 0.0462975
2.81391 0.0442814
2.81891 0.042302
2.82391 0.0403596
2.82891 0.038454
2.83392 0.0365855
2.83892 0.0347541
2.84392 0.0329599
2.84892 0.0312029
2.85393 0.0294832
2.85893 0.0278009
2.86393 0.026156
2.86893 0.0245487
2.87394 0.0229789
2.87894 0.0214467
2.88394 0.0199522
2.88894 0.0184955
2.89395 0.0170766
2.89895 0.0156956
2.90395 0.0143525
2.90895 0.0130474
2.91396 0.0117803
2.91896 0.0105513
2.92396 0.00936049
2.92896 0.00820785
2.93397 0.00709346
2.93897 0.00601736
2.94397 0.0049796
2.94897 0.00398023
2.95398 0.00301929
2.95898 0.00209682
2.96398 0.00121287
2.96898 0.000367477
2.97399 -0.000439322
2.97899 -0.00120749
2.98399 -0.00193698
2.98899 -0.00262777
2.994 -0.00327982
2.999 -0.00389309
3.004 -0.00446757
3.009 -0.0050032
3.01401 -0.00549998
3.01901 -0.00595787
3.02401 -0.00637684
3.02901 -0.00675687
3.03402 -0.00709794
3.03902 -0.00740002
3.04402 -0.0076631
3.04902 -0.00788716
3.05403 -0.00807217
3.05903 -0.00821813
3.06403 -0.00832501
3.06903 -0.00839281
3.07404 -0.00842152
3.07904 -0.00841111
3.08404 -0.00836159
3.08904 -0.00827295
3.09405 -0.00814518
3.09905 -0.00797827
3.10405 -0.00777223
3.10905 -0.00752706
3.11406 -0.00724274
3.11906 -0.00691929
3.12406 -0.00655671
3.12906 -0.00615499
3.13407 -0.00571416
3.13907 -0.00523421
3.14407 -0.00471516
3.14907 -0.00415702
3.15408 -0.00355979
3.15908 -0.0029235
3.16408 -0.00224815
3.16908 -0.00153377
3.17409 -0.000780379
3.17909 1.20121e-05
3.18409 0.000843376
3.18909 0.00171369
3.1941 0.00262293
3.1991 0.00357107
3.2041 0.00455807
3.2091 0.00558392
3.21411 0.00664857
3.21911 0.00775199
3.22411 0.00889416
3.22911 0.010075
3.23412 0.0112946
3.23912 0.0125527
3.24412 0.0138494
3.24912 0.0151847
3.25413 0.0165585
3.25913 0.0179707
3.26413 0.0194213
3.26913 0.0209103
3.27414 0.0224375
3.27914 0.024003
3.28414 0.0256067
3.28914 0.0272485
3.29415 0.0289284
3.29915 0.0306462
3.30415 0.0324021
3.30915 0.0341958
3.31416 0.0360273
3.31916 0.0378966
3.32416 0.0398035
3.32916 0.041748
3.33417 0.0437301
3.33917 0.0457496
3.34417 0.0478065
3.34917 0.0499007
3.35418 0.0520321
3.35918 0.0542007
3.36418 0.0564063
3.36918 0.0586488
3.37419 0.0609283
3.37919 0.0632445
3.38419 0.0655974
3.38919 0.0679869
3.3942 0.0704129
3.3992 0.0728753
3.4042 0.075374
3.4092 0.0779089
3.41421 0.0804798
3.41921 0.0830868
3.42421 0.0857297
3.42921 0.0884083
3.43422 0.0911226
3.43922 0.0938724
3.44422 0.0966577
3.44922 0.0994782
3.45423 0.102334
3.45923 0.105225
3.46423 0.108151
3.46923 0.111111
3.47424 0.114106
3.47924 0.117136
3.48424 0.1202
3.48924 0.123299
3.49425 0.126432
3.49925 0.129598
3.50425 0.132799
3.50925 0.136033
3.51426 0.139301
3.51926 0.142603
3.52426 0.145937
3.52926 0.149305
3.53427 0.152706
3.53927 0.156139
3.54427 0.159606
3.54927 0.163104
3.55428 0.166635
3.55928 0.170199
3.56428 0.173794
3.56928 0.177421
3.57429 0.18108
3.57929 0.18477
3.58429 0.188492
3.58929 0.192245
3.5943 0.196029
3.5993 0.199843
3.6043 0.203688
3.6093 0.207564
3.61431 0.21147
3.61931 0.215406
3.62431 0.219371
3.62931 0.223367
3.63432 0.227391
3.63932 0.231445
3.64432 0.235528
3.64932 0.23964
3.65433 0.243781
3.65933 0.24795
3.66433 0.252147
3.66933 0.256372
3.67434 0.260625
3.67934 0.264905
3.68434 0.269213
3.68934 0.273548
3.69435 0.27791
3.69935 0.282298
3.70435 0.286713
3.70935 0.291154
3.71436 0.295621
3.71936 0.300114
3.72436 0.304632
3.72936 0.309175
3.73437 0.313743
3.73937 0.318336
3.74437 0.322954
3.74937 0.327596
3.75438 0.332261
3.75938 0.336951
3.76438 0.341663
3.76938 0.346399
3.77439 0.351158
3.77939 0.35594
3.78439 0.360744
3.78939 0.36557
3.7944 0.370418
3.7994 0.375287
3.8044 0.380177
3.8094 0.385089
3.81441 0.390021
3.81941 0.394974
3.82441 0.399946
3.82941 0.404939
3.83442 0.409951
3.83942 0.414982
3.84442 0.420032
3.84942 0.425101
3.85443 0.430188
3.85943 0.435293
3.86443 0.440415
3.86943 0.445555
3.87444 0.450712
3.87944 0.455885
3.88444 0.461075
3.88944 0.466281
3.89445 0.471503
3.89945 0.47674
3.90445 0.481992
3.90945 0.487259
3.91446 0.49254
3.91946 0.497835
3.92446 0.503143
3.92946 0.508465
3.93447 0.5138
3.93947 0.519148
3.94447 0.524508
3.94947 0.529879
3.95448 0.535263
3.95948 0.540657
3.96448 0.546062
3.96948 0.551477
3.97449 0.556903
3.97949 0.562338
3.98449 0.567782
3.98949 0.573235
3.9945 0.578697
3.9995 0.584167
4.0045 0.589644
4.0095 0.595129
4.01451 0.600621
4.01951 0.606119
4.02451 0.611623
4.02951 0.617133
4.03452 0.622648
4.03952 0.628168
4.04452 0.633692
4.04952 0.63922
4.05453 0.644752
4.05953 0.650287
4.06453 0.655825
4.06953 0.661365
4.07454 0.666907
4.07954 0.67245
4.08454 0.677994
4.08954 0.683539
4.09455 0.689083
4.09955 0.694628
4.10455 0.700171
4.10955 0.705713
4.11456 0.711254
4.11956 0.716792
4.12456 0.722327
4.12956 0.72786
4.13457 0.733388
4.13957 0.738913
4.14457 0.744432
4.14957 0.749947
4.15458 0.755456
4.15958 0.760959
4.16458 0.766455
4.16958 0.771945
4.17459 0.777426
4.17959 0.7829
4.18459 0.788365
4.18959 0.793821
4.1946 0.799267
4.1996 0.804703
4.2046 0.810129
4.2096 0.815543
4.21461 0.820945
4.21961 0.826336
4.22461 0.831713
4.22961 0.837077
4.23462 0.842428
4.23962 0.847763
4.24462 0.853084
4.24962 0.858389
4.25463 0.863679
4.25963 0.868951
4.26463 0.874207
4.26963 0.879444
4.27464 0.884663
4.27964 0.889864
4.28464 0.895045
4.28964 0.900205
4.29465 0.905345
4.29965 0.910464
4.30465 0.915561
4.30965 0.920636
4.31466 0.925687
4.31966 0.930715
4.32466 0.935719
4.32966 0.940698
4.33467 0.945651
4.33967 0.950578
4.34467 0.955479
4.34967 0.960352
4.35468 0.965197
4.35968 0.970014
4.36468 0.974801
4.36968 0.979558
4.37469 0.984286
4.37969 0.988981
4.38469 0.993645
4.38969 0.998277
4.3947 1.00288
4.3997 1.00744
4.4047 1.01197
4.4097 1.01647
4.41471 1.02093
4.41971 1.02535
4.42471 1.02973
4.42971 1.03408
4.43472 1.03839
4.43972 1.04266
4.44472 1.04689
4.44972 1.05108
4.45473 1.05523
4.45973 1.05934
4.46473 1.0634
4.46973 1.06742
4.47474 1.0714
4.47974 1.07533
4.48474 1.07921
4.48974 1.08305
4.49475 1.08684
4.49975 1.09059
4.50475 1.09428
4.50975 1.09793
4.51476 1.10153
4.51976 1.10507
4.52476 1.10857
4.52976 1.11201
4.53477 1.1154
4.53977 1.11873
4.54477 1.12201
4.54977 1.12524
4.55478 1.12841
4.55978 1.13152
4.56478 1.13457
4.56978 1.13757
4.57479 1.1405
4.57979 1.14338
4.58479 1.14619
4.58979 1.14894
4.5948 1.15163
4.5998 1.15426
4.6048 1.15682
4.6098 1.15932
4.61481 1.16175
4.61981 1.16412
4.62481 1.16641
4.62981 1.16864
4.63482 1.1708
4.63982 1.17289
4.64482 1.17491
4.64982 1.17685
4.65483 1.17873
4.65983 1.18053
4.66483 1.18225
4.66983 1.1839
4.67484 1.18548
4.67984 1.18697
4.68484 1.18839
4.68984 1.18973
4.69485 1.19099
4.69985 1.19217
4.70485 1.19327
4.70985 1.19428
4.71486 1.19521
4.71986 1.19606
4.72486 1.19682
4.72986 1.1975
4.73487 1.19808
4.73987 1.19858
4.74487 1.19899
4.74987 1.19931
4.75488 1.19954
4.75988 1.19968
4.76488 1.19973
4.76988 1.19968
4.77489 1.19953
4.77989 1.19929
4.78489 1.19896
4.78989 1.19852
4.7949 1.19799
4.7999 1.19735
4.8049 1.19662
4.8099 1.19578
4.81491 1.19484
4.81991 1.1938
4.82491 1.19265
4.82991 1.1914
4.83492 1.19004
4.83992 1.18857
4.84492 1.18699
4.84992 1.18531
4.85493 1.18351
4.85993 1.1816
4.86493 1.17957
4.86993 1.17744
4.87494 1.17518
4.87994 1.17281
4.88494 1.17032
4.88994 1.16772
4.89495 1.16499
4.89995 1.16215
4.90495 1.15918
4.90995 1.15609
4.91496 1.15287
4.91996 1.14953
4.92496 1.14606
4.92996 1.14247
4.93497 1.13875
4.93997 1.13489
4.94497 1.13091
4.94997 1.1268
4.95498 1.12255
4.95998 1.11817
4.96498 1.11365
4.96998 1.10899
4.97499 1.1042
4.97999 1.09927
4.98499 1.0942
4.98999 1.08899
4.995 1.08363
5 1.07813
