-5 1.32798
-4.995 1.29725
-4.98999 1.26707
-4.98499 1.23744
-4.97999 1.20835
-4.97499 1.17981
-4.96998 1.15179
-4.96498 1.1243
-4.95998 1.09733
-4.95498 1.07087
-4.94997 1.04492
-4.94497 1.01946
-4.93997 0.994506
-4.93497 0.970036
-4.92996 0.946048
-4.92496 0.922536
-4.91996 0.899495
-4.91496 0.876918
-4.90995 0.8548
-4.90495 0.833134
-4.89995 0.811916
-4.89495 0.79114
-4.88994 0.7708
-4.88494 0.75089
-4.87994 0.731405
-4.87494 0.71234
-4.86993 0.693688
-4.86493 0.675446
-4.85993 0.657607
-4.85493 0.640166
-4.84992 0.623118
-4.84492 0.606457
-4.83992 0.59018
-4.83492 0.574279
-4.82991 0.558752
-4.82491 0.543591
-4.81991 0.528794
-4.81491 0.514353
-4.8099 0.500266
-4.8049 0.486526
-4.7999 0.473129
-4.7949 0.460071
-4.78989 0.447346
-4.78489 0.434951
-4.77989 0.422879
-4.77489 0.411127
-4.76988 0.399691
-4.76488 0.388565
-4.75988 0.377745
-4.75488 0.367228
-4.74987 0.357007
-4.74487 0.34708
-4.73987 0.337442
-4.73487 0.328088
-4.72986 0.319014
-4.72486 0.310217
-4.71986 0.301691
-4.71486 0.293434
-4.70985 0.28544
-4.70485 0.277706
-4.69985 0.270228
-4.69485 0.263002
-4.68984 0.256024
-4.68484 0.24929
-4.67984 0.242796
-4.67484 0.236538
-4.66983 0.230514
-4.66483 0.224718
-4.65983 0.219147
-4.65483 0.213798
-4.64982 0.208667
-4.64482 0.203751
-4.63982 0.199045
-4.63482 0.194546
-4.62981 0.190252
-4.62481 0.186157
-4.61981 0.18226
-4.61481 0.178556
-4.6098 0.175043
-4.6048 0.171716
-4.5998 0.168573
-4.5948 0.16561
-4.58979 0.162825
-4.58479 0.160214
-4.57979 0.157773
-4.57479 0.1555
-4.56978 0.153392
-4.56478 0.151446
-4.55978 0.149658
-4.55478 0.148026
-4.54977 0.146546
-4.54477 0.145216
-4.53977 0.144033
-4.53477 0.142994
-4.52976 0.142096
-4.52476 0.141336
-4.51976 0.140712
-4.51476 0.140221
-4.50975 0.13986
-4.50475 0.139626
-4.49975 0.139517
-4.49475 0.139531
-4.48974 0.139663
-4.48474 0.139913
-4.47974 0.140277
-4.47474 0.140753
-4.46973 0.141339
-4.46473 0.142032
-4.45973 0.142829
-4.45473 0.143728
-4.44972 0.144727
-4.44472 0.145824
-4.43972 0.147016
-4.43472 0.1483
-4.42971 0.149675
-4.42471 0.151139
-4.41971 0.152689
-4.41471 0.154322
-4.4097 0.156038
-4.4047 0.157833
-4.3997 0.159706
-4.3947 0.161654
-4.38969 0.163676
-4.38469 0.165769
-4.37969 0.167931
-4.37469 0.170161
-4.36968 0.172456
-4.36468 0.174815
-4.35968 0.177235
-4.35468 0.179716
-4.34967 0.182254
-4.34467 0.184848
-4.33967 0.187496
-4.33467 0.190197
-4.32966 0.192948
-4.32466 0.195748
-4.31966 0.198596
-4.31466 0.201489
-4.30965 0.204425
-4.30465 0.207404
-4.29965 0.210424
-4.29465 0.213482
-4.28964 0.216578
-4.28464 0.219709
-4.27964 0.222875
-4.27464 0.226074
-4.26963 0.229303
-4.26463 0.232563
-4.25963 0.23585
-4.25463 0.239165
-4.24962 0.242505
-4.24462 0.245868
-4.23962 0.249255
-4.23462 0.252663
-4.22961 0.25609
-4.22461 0.259537
-4.21961 0.263
-4.21461 0.26648
-4.2096 0.269974
-4.2046 0.273482
-4.1996 0.277002
-4.1946 0.280533
-4.18959 0.284075
-4.18459 0.287625
-4.17959 0.291182
-4.17459 0.294746
-4.16958 0.298316
-4.16458 0.301889
-4.15958 0.305466
-4.15458 0.309045
-4.14957 0.312625
-4.14457 0.316205
-4.13957 0.319784
-4.13457 0.323362
-4.12956 0.326936
-4.12456 0.330507
-4.11956 0.334072
-4.11456 0.337632
-4.10955 0.341186
-4.10455 0.344731
-4.09955 0.348269
-4.09455 0.351797
-4.08954 0.355315
-4.08454 0.358823
-4.07954 0.362318
-4.07454 0.365801
-4.06953 0.369271
-4.06453 0.372726
-4.05953 0.376167
-4.05453 0.379593
-4.04952 0.383002
-4.04452 0.386394
-4.03952 0.389768
-4.03452 0.393124
-4.02951 0.396461
-4.02451 0.399779
-4.01951 0.403076
-4.01451 0.406352
-4.0095 0.409607
-4.0045 0.41284
-3.9995 0.41605
-3.9945 0.419236
-3.98949 0.422399
-3.98449 0.425538
-3.97949 0.428652
-3.97449 0.43174
-3.96948 0.434803
-3.96448 0.437839
-3.95948 0.440849
-3.95448 0.443831
-3.94947 0.446785
-3.94447 0.449711
-3.93947 0.452609
-3.93447 0.455477
-3.92946 0.458316
-3.92446 0.461126
-3.91946 0.463905
-3.91446 0.466653
-3.90945 0.469371
-3.90445 0.472057
-3.89945 0.474712
-3.89445 0.477335
-3.88944 0.479925
-3.88444 0.482483
-3.87944 0.485009
-3.87444 0.487501
-3.86943 0.48996
-3.86443 0.492385
-3.85943 0.494776
-3.85443 0.497133
-3.84942 0.499456
-3.84442 0.501744
-3.83942 0.503998
-3.83442 0.506216
-3.82941 0.5084
-3.82441 0.510548
-3.81941 0.51266
-3.81441 0.514737
-3.8094 0.516778
-3.8044 0.518783
-3.7994 0.520752
-3.7944 0.522685
-3.78939 0.524581
-3.78439 0.526441
-3.77939 0.528265
-3.77439 0.530051
-3.76938 0.531801
-3.76438 0.533515
-3.75938 0.535191
-3.75438 0.536831
-3.74937 0.538433
-3.74437 0.539999
-3.73937 0.541528
-3.73437 0.543019
-3.72936 0.544474
-3.72436 0.545891
-3.71936 0.547271
-3.71436 0.548615
-3.70935 0.549921
-3.70435 0.55119
-3.69935 0.552422
-3.69435 0.553617
-3.68934 0.554776
-3.68434 0.555897
-3.67934 0.556981
-3.67434 0.558029
-3.66933 0.55904
-3.66433 0.560015
-3.65933 0.560953
-3.65433 0.561854
-3.64932 0.562719
-3.64432 0.563548
-3.63932 0.56434
-3.63432 0.565097
-3.62931 0.565818
-3.62431 0.566503
-3.61931 0.567152
-3.61431 0.567765
-3.6093 0.568344
-3.6043 0.568887
-3.5993 0.569395
-3.5943 0.569868
-3.58929 0.570306
-3.58429 0.57071
-3.57929 0.571079
-3.57429 0.571414
-3.56928 0.571715
-3.56428 0.571981
-3.55928 0.572215
-3.55428 0.572415
-3.54927 0.572581
-3.54427 0.572715
-3.53927 0.572815
-3.53427 0.572883
-3.52926 0.572918
-3.52426 0.572922
-3.51926 0.572893
-3.51426 0.572833
-3.50925 0.572741
-3.50425 0.572617
-3.49925 0.572463
-3.49425 0.572278
-3.48924 0.572063
-3.48424 0.571817
-3.47924 0.571541
-3.47424 0.571236
-3.46923 0.570901
-3.46423 0.570536
-3.45923 0.570143
-3.45423 0.569722
-3.44922 0.569272
-3.44422 0.568793
-3.43922 0.568287
-3.43422 0.567754
-3.42921 0.567193
-3.42421 0.566606
-3.41921 0.565992
-3.41421 0.565351
-3.4092 0.564685
-3.4042 0.563993
-3.3992 0.563275
-3.3942 0.562533
-3.38919 0.561766
-3.38419 0.560974
-3.37919 0.560158
-3.37419 0.559319
-3.36918 0.558456
-3.36418 0.55757
-3.35918 0.556661
-3.35418 0.555729
-3.34917 0.554776
-3.34417 0.5538
-3.33917 0.552804
-3.33417 0.551786
-3.32916 0.550747
-3.32416 0.549688
-3.31916 0.548609
-3.31416 0.54751
-3.30915 0.546392
-3.30415 0.545255
-3.29915 0.544099
-3.29415 0.542925
-3.28914 0.541733
-3.28414 0.540523
-3.27914 0.539296
-3.27414 0.538052
-3.26913 0.536792
-3.26413 0.535515
-3.25913 0.534223
-3.25413 0.532915
-3.24912 0.531592
-3.24412 0.530255
-3.23912 0.528903
-3.23412 0.527537
-3.22911 0.526158
-3.22411 0.524765
-3.21911 0.52336
-3.21411 0.521942
-3.2091 0.520512
-3.2041 0.51907
-3.1991 0.517617
-3.1941 0.516153
-3.18909 0.514678
-3.18409 0.513193
-3.17909 0.511698
-3.17409 0.510194
-3.16908 0.50868
-3.16408 0.507158
-3.15908 0.505627
-3.15408 0.504089
-3.14907 0.502543
-3.14407 0.500989
-3.13907 0.499429
-3.13407 0.497863
-3.12906 0.49629
-3.12406 0.494711
-3.11906 0.493127
-3.11406 0.491539
-3.10905 0.489945
-3.10405 0.488348
-3.09905 0.486746
-3.09405 0.485142
-3.08904 0.483534
-3.08404 0.481923
-3.07904 0.48031
-3.07404 0.478695
-3.06903 0.477079
-3.06403 0.475461
-3.05903 0.473843
-3.05403 0.472224
-3.04902 0.470605
-3.04402 0.468986
-3.03902 0.467368
-3.03402 0.465751
-3.02901 0.464135
-3.02401 0.462521
-3.01901 0.46091
-3.01401 0.4593
-3.009 0.457694
-3.004 0.456091
-2.999 0.454491
-2.994 0.452896
-2.98899 0.451305
-2.98399 0.449718
-2.97899 0.448137
-2.97399 0.446561
-2.96898 0.44499
-2.96398 0.443426
-2.95898 0.441868
-2.95398 0.440318
-2.94897 0.438774
-2.94397 0.437238
-2.93897 0.43571
-2.93397 0.43419
-2.92896 0.432678
-2.92396 0.431176
-2.91896 0.429683
-2.91396 0.428199
-2.90895 0.426726
-2.90395 0.425262
-2.89895 0.42381
-2.89395 0.422368
-2.88894 0.420938
-2.88394 0.41952
-2.87894 0.418113
-2.87394 0.416719
-2.86893 0.415338
-2.86393 0.413969
-2.85893 0.412614
-2.85393 0.411272
-2.84892 0.409945
-2.84392 0.408632
-2.83892 0.407333
-2.83392 0.406049
-2.82891 0.404781
-2.82391 0.403528
-2.81891 0.402291
-2.81391 0.401071
-2.8089 0.399867
-2.8039 0.398679
-2.7989 0.397509
-2.7939 0.396356
-2.78889 0.395221
-2.78389 0.394104
-2.77889 0.393006
-2.77389 0.391926
-2.76888 0.390865
-2.76388 0.389823
-2.75888 0.388801
-2.75388 0.387798
-2.74887 0.386816
-2.74387 0.385854
-2.73887 0.384912
-2.73387 0.383992
-2.72886 0.383093
-2.72386 0.382215
-2.71886 0.381359
-2.71386 0.380525
-2.70885 0.379714
-2.70385 0.378925
-2.69885 0.378158
-2.69385 0.377415
-2.68884 0.376696
-2.68384 0.376
-2.67884 0.375327
-2.67384 0.374679
-2.66883 0.374056
-2.66383 0.373457
-2.65883 0.372883
-2.65383 0.372334
-2.64882 0.37181
-2.64382 0.371312
-2.63882 0.37084
-2.63382 0.370394
-2.62881 0.369974
-2.62381 0.369581
-2.61881 0.369215
-2.61381 0.368875
-2.6088 0.368563
-2.6038 0.368279
-2.5988 0.368022
-2.5938 0.367792
-2.58879 0.367591
-2.58379 0.367419
-2.57879 0.367274
-2.57379 0.367159
-2.56878 0.367072
-2.56378 0.367015
-2.55878 0.366987
-2.55378 0.366988
-2.54877 0.367019
-2.54377 0.36708
-2.53877 0.367171
-2.53377 0.367293
-2.52876 0.367445
-2.52376 0.367627
-2.51876 0.36784
-2.51376 0.368085
-2.50875 0.36836
-2.50375 0.368667
-2.49875 0.369006
-2.49375 0.369376
-2.48874 0.369777
-2.48374 0.370211
-2.47874 0.370677
-2.47374 0.371176
-2.46873 0.371706
-2.46373 0.37227
-2.45873 0.372866
-2.45373 0.373495
-2.44872 0.374157
-2.44372 0.374852
-2.43872 0.375581
-2.43372 0.376343
-2.42871 0.377139
-2.42371 0.377968
-2.41871 0.378831
-2.41371 0.379728
-2.4087 0.38066
-2.4037 0.381625
-2.3987 0.382625
-2.3937 0.383659
-2.38869 0.384728
-2.38369 0.385831
-2.37869 0.386969
-2.37369 0.388142
-2.36868 0.38935
-2.36368 0.390593
-2.35868 0.391871
-2.35368 0.393184
-2.34867 0.394533
-2.34367 0.395917
-2.33867 0.397337
-2.33367 0.398792
-2.32866 0.400283
-2.32366 0.401809
-2.31866 0.403371
-2.31366 0.404969
-2.30865 0.406604
-2.30365 0.408274
-2.29865 0.40998
-2.29365 0.411722
-2.28864 0.4135
-2.28364 0.415315
-2.27864 0.417166
-2.27364 0.419053
-2.26863 0.420977
-2.26363 0.422937
-2.25863 0.424933
-2.25363 0.426966
-2.24862 0.429036
-2.24362 0.431142
-2.23862 0.433285
-2.23362 0.435464
-2.22861 0.43768
-2.22361 0.439933
-2.21861 0.442222
-2.21361 0.444548
-2.2086 0.446911
-2.2036 0.44931
-2.1986 0.451747
-2.1936 0.45422
-2.18859 0.456729
-2.18359 0.459276
-2.17859 0.461859
-2.17359 0.464479
-2.16858 0.467136
-2.16358 0.469829
-2.15858 0.47256
-2.15358 0.475327
-2.14857 0.47813
-2.14357 0.48097
-2.13857 0.483847
-2.13357 0.486761
-2.12856 0.489711
-2.12356 0.492698
-2.11856 0.495721
-2.11356 0.498781
-2.10855 0.501878
-2.10355 0.50501
-2.09855 0.50818
-2.09355 0.511385
-2.08854 0.514627
-2.08354 0.517905
-2.07854 0.521219
-2.07354 0.52457
-2.06853 0.527956
-2.06353 0.531379
-2.05853 0.534838
-2.05353 0.538332
-2.04852 0.541862
-2.04352 0.545429
-2.03852 0.54903
-2.03352 0.552668
-2.02851 0.556341
-2.02351 0.56005
-2.01851 0.563794
-2.01351 0.567573
-2.0085 0.571387
-2.0035 0.575237
-1.9985 0.579122
-1.9935 0.583042
-1.98849 0.586996
-1.98349 0.590986
-1.97849 0.59501
-1.97349 0.599069
-1.96848 0.603162
-1.96348 0.607289
-1.95848 0.611451
-1.95348 0.615647
-1.94847 0.619878
-1.94347 0.624142
-1.93847 0.628439
-1.93347 0.632771
-1.92846 0.637136
-1.92346 0.641535
-1.91846 0.645967
-1.91346 0.650432
-1.90845 0.65493
-1.90345 0.659462
-1.89845 0.664026
-1.89345 0.668623
-1.88844 0.673252
-1.88344 0.677914
-1.87844 0.682608
-1.87344 0.687334
-1.86843 0.692092
-1.86343 0.696882
-1.85843 0.701704
-1.85343 0.706557
-1.84842 0.711442
-1.84342 0.716357
-1.83842 0.721304
-1.83342 0.726282
-1.82841 0.731291
-1.82341 0.73633
-1.81841 0.7414
-1.81341 0.746499
-1.8084 0.751629
-1.8034 0.756789
-1.7984 0.761979
-1.7934 0.767198
-1.78839 0.772447
-1.78339 0.777724
-1.77839 0.783031
-1.77339 0.788367
-1.76838 0.793731
-1.76338 0.799124
-1.75838 0.804546
-1.75338 0.809995
-1.74837 0.815472
-1.74337 0.820977
-1.73837 0.82651
-1.73337 0.832069
-1.72836 0.837656
-1.72336 0.84327
-1.71836 0.848911
-1.71336 0.854578
-1.70835 0.860272
-1.70335 0.865992
-1.69835 0.871737
-1.69335 0.877509
-1.68834 0.883306
-1.68334 0.889128
-1.67834 0.894975
-1.67334 0.900847
-1.66833 0.906744
-1.66333 0.912665
-1.65833 0.918611
-1.65333 0.92458
-1.64832 0.930574
-1.64332 0.93659
-1.63832 0.942631
-1.63332 0.948694
-1.62831 0.95478
-1.62331 0.960889
-1.61831 0.96702
-1.61331 0.973173
-1.6083 0.979349
-1.6033 0.985546
-1.5983 0.991764
-1.5933 0.998004
-1.58829 1.00426
-1.58329 1.01055
-1.57829 1.01685
-1.57329 1.02317
-1.56828 1.02951
-1.56328 1.03587
-1.55828 1.04226
-1.55328 1.04866
-1.54827 1.05508
-1.54327 1.06152
-1.53827 1.06797
-1.53327 1.07445
-1.52826 1.08094
-1.52326 1.08745
-1.51826 1.09398
-1.51326 1.10053
-1.50825 1.10709
-1.50325 1.11367
-1.49825 1.12027
-1.49325 1.12688
-1.48824 1.13351
-1.48324 1.14016
-1.47824 1.14682
-1.47324 1.15349
-1.46823 1.16018
-1.46323 1.16689
-1.45823 1.17361
-1.45323 1.18034
-1.44822 1.18709
-1.44322 1.19385
-1.43822 1.20062
-1.43322 1.20741
-1.42821 1.21421
-1.42321 1.22102
-1.41821 1.22784
-1.41321 1.23468
-1.4082 1.24153
-1.4032 1.24839
-1.3982 1.25526
-1.3932 1.26214
-1.38819 1.26903
-1.38319 1.27593
-1.37819 1.28285
-1.37319 1.28977
-1.36818 1.2967
-1.36318 1.30364
-1.35818 1.31059
-1.35318 1.31755
-1.34817 1.32452
-1.34317 1.33149
-1.33817 1.33847
-1.33317 1.34546
-1.32816 1.35246
-1.32316 1.35946
-1.31816 1.36647
-1.31316 1.37349
-1.30815 1.38051
-1.30315 1.38754
-1.29815 1.39457
-1.29315 1.40161
-1.28814 1.40866
-1.28314 1.41571
-1.27814 1.42276
-1.27314 1.42981
-1.26813 1.43688
-1.26313 1.44394
-1.25813 1.45101
-1.25313 1.45808
-1.24812 1.46515
-1.24312 1.47222
-1.23812 1.4793
-1.23312 1.48638
-1.22811 1.49346
-1.22311 1.50054
-1.21811 1.50762
-1.21311 1.5147
-1.2081 1.52178
-1.2031 1.52886
-1.1981 1.53595
-1.1931 1.54303
-1.18809 1.55011
-1.18309 1.55719
-1.17809 1.56426
-1.17309 1.57134
-1.16808 1.57841
-1.16308 1.58548
-1.15808 1.59255
-1.15308 1.59961
-1.14807 1.60668
-1.14307 1.61373
-1.13807 1.62079
-1.13307 1.62784
-1.12806 1.63488
-1.12306 1.64192
-1.11806 1.64896
-1.11306 1.65599
-1.10805 1.66301
-1.10305 1.67003
-1.09805 1.67704
-1.09305 1.68405
-1.08804 1.69104
-1.08304 1.69804
-1.07804 1.70502
-1.07304 1.712
-1.06803 1.71896
-1.06303 1.72592
-1.05803 1.73287
-1.05303 1.73982
-1.04802 1.74675
-1.04302 1.75367
-1.03802 1.76059
-1.03302 1.76749
-1.02801 1.77438
-1.02301 1.78126
-1.01801 1.78814
-1.01301 1.795
-1.008 1.80184
-1.003 1.80868
-0.997999 1.81551
-0.992996 1.82232
-0.987994 1.82912
-0.982991 1.8359
-0.977989 1.84268
-0.972986 1.84944
-0.967984 1.85618
-0.962981 1.86292
-0.957979 1.86963
-0.952976 1.87634
-0.947974 1.88302
-0.942971 1.8897
-0.937969 1.89635
-0.932966 1.90299
-0.927964 1.90962
-0.922961 1.91623
-0.917959 1.92282
-0.912956 1.9294
-0.907954 1.93595
-0.902951 1.9425
-0.897949 1.94902
-0.892946 1.95552
-0.887944 1.96201
-0.882941 1.96848
-0.877939 1.97493
-0.872936 1.98136
-0.867934 1.98777
-0.862931 1.99416
-0.857929 2.00053
-0.852926 2.00688
-0.847924 2.01321
-0.842921 2.01952
-0.837919 2.02581
-0.832916 2.03208
-0.827914 2.03832
-0.822911 2.04455
-0.817909 2.05075
-0.812906 2.05693
-0.807904 2.06308
-0.802901 2.06922
-0.797899 2.07533
-0.792896 2.08142
-0.787894 2.08748
-0.782891 2.09352
-0.777889 2.09954
-0.772886 2.10553
-0.767884 2.11149
-0.762881 2.11744
-0.757879 2.12335
-0.752876 2.12924
-0.747874 2.13511
-0.742871 2.14095
-0.737869 2.14676
-0.732866 2.15255
-0.727864 2.15831
-0.722861 2.16404
-0.717859 2.16975
-0.712856 2.17543
-0.707854 2.18108
-0.702851 2.18671
-0.697849 2.1923
-0.692846 2.19787
-0.687844 2.20341
-0.682841 2.20892
-0.677839 2.2144
-0.672836 2.21985
-0.667834 2.22527
-0.662831 2.23066
-0.657829 2.23603
-0.652826 2.24136
-0.647824 2.24666
-0.642821 2.25193
-0.637819 2.25717
-0.632816 2.26238
-0.627814 2.26756
-0.622811 2.27271
-0.617809 2.27782
-0.612806 2.2829
-0.607804 2.28795
-0.602801 2.29297
-0.597799 2.29796
-0.592796 2.30291
-0.587794 2.30783
-0.582791 2.31272
-0.577789 2.31757
-0.572786 2.32239
-0.567784 2.32717
-0.562781 2.33193
-0.557779 2.33664
-0.552776 2.34133
-0.547774 2.34597
-0.542771 2.35059
-0.537769 2.35517
-0.532766 2.35971
-0.527764 2.36422
-0.522761 2.36869
-0.517759 2.37312
-0.512756 2.37752
-0.507754 2.38189
-0.502751 2.38622
-0.497749 2.39051
-0.492746 2.39476
-0.487744 2.39898
-0.482741 2.40316
-0.477739 2.4073
-0.472736 2.41141
-0.467734 2.41547
-0.462731 2.4195
-0.457729 2.4235
-0.452726 2.42745
-0.447724 2.43136
-0.442721 2.43524
-0.437719 2.43908
-0.432716 2.44288
-0.427714 2.44664
-0.422711 2.45036
-0.417709 2.45404
-0.412706 2.45769
-0.407704 2.46129
-0.402701 2.46485
-0.397699 2.46838
-0.392696 2.47186
-0.387694 2.4753
-0.382691 2.47871
-0.377689 2.48207
-0.372686 2.48539
-0.367684 2.48867
-0.362681 2.49191
-0.357679 2.49511
-0.352676 2.49827
-0.347674 2.50139
-0.342671 2.50446
-0.337669 2.50749
-0.332666 2.51049
-0.327664 2.51344
-0.322661 2.51634
-0.317659 2.51921
-0.312656 2.52203
-0.307654 2.52481
-0.302651 2.52755
-0.297649 2.53025
-0.292646 2.5329
-0.287644 2.53551
-0.282641 2.53808
-0.277639 2.54061
-0.272636 2.54309
-0.267634 2.54553
-0.262631 2.54792
-0.257629 2.55027
-0.252626 2.55258
-0.247624 2.55485
-0.242621 2.55707
-0.237619 2.55924
-0.232616 2.56138
-0.227614 2.56347
-0.222611 2.56551
-0.217609 2.56751
-0.212606 2.56947
-0.207604 2.57138
-0.202601 2.57325
-0.197599 2.57507
-0.192596 2.57685
-0.187594 2.57859
-0.182591 2.58028
-0.177589 2.58192
-0.172586 2.58352
-0.167584 2.58507
-0.162581 2.58658
-0.157579 2.58805
-0.152576 2.58947
-0.147574 2.59084
-0.142571 2.59217
-0.137569 2.59346
-0.132566 2.59469
-0.127564 2.59589
-0.122561 2.59703
-0.117559 2.59814
-0.112556 2.59919
-0.107554 2.6002
-0.102551 2.60117
-0.0975488 2.60209
-0.0925463 2.60296
-0.0875438 2.60379
-0.0825413 2.60457
-0.0775388 2.60531
-0.0725363 2.606
-0.0675338 2.60664
-0.0625313 2.60724
-0.0575288 2.60779
-0.0525263 2.6083
-0.0475238 2.60876
-0.0425213 2.60918
-0.0375188 2.60955
-0.0325163 2.60987
-0.0275138 2.61014
-0.0225113 2.61038
-0.0175088 2.61056
-0.0125063 2.6107
-0.00750375 2.61079
-0.00250125 2.61084
0.00250125 2.61084
0.00750375 2.61079
0.0125063 2.6107
0.0175088 2.61056
0.0225113 2.61038
0.0275138 2.61014
0.0325163 2.60987
0.0375188 2.60955
0.0425213 2.60918
0.0475238 2.60876
0.0525263 2.6083
0.0575288 2.60779
0.0625313 2.60724
0.0675338 2.60664
0.0725363 2.606
0.0775388 2.60531
0.0825413 2.60457
0.0875438 2.60379
0.0925463 2.60296
0.0975488 2.60209
0.102551 2.60117
0.107554 2.6002
0.112556 2.59919
0.117559 2.59814
0.122561 2.59703
0.127564 2.59589
0.132566 2.59469
0.137569 2.59346
0.142571 2.59217
0.147574 2.59084
0.152576 2.58947
0.157579 2.58805
0.162581 2.58658
0.167584 2.58507
0.172586 2.58352
0.177589 2.58192
0.182591 2.58028
0.187594 2.57859
0.192596 2.57685
0.197599 2.57507
0.202601 2.57325
0.207604 2.57138
0.212606 2.56947
0.217609 2.56751
0.222611 2.56551
0.227614 2.56347
0.232616 2.56138
0.237619 2.55924
0.242621 2.55707
0.247624 2.55485
0.252626 2.55258
0.257629 2.55027
0.262631 2.54792
0.267634 2.54553
0.272636 2.54309
0.277639 2.54061
0.282641 2.53808
0.287644 2.53551
0.292646 2.5329
0.297649 2.53025
0.302651 2.52755
0.307654 2.52481
0.312656 2.52203
0.317659 2.51921
0.322661 2.51634
0.327664 2.51344
0.332666 2.51049
0.337669 2.50749
0.342671 2.50446
0.347674 2.50139
0.352676 2.49827
0.357679 2.49511
0.362681 2.49191
0.367684 2.48867
0.372686 2.48539
0.377689 2.48207
0.382691 2.47871
0.387694 2.4753
0.392696 2.47186
0.397699 2.46838
0.402701 2.46485
0.407704 2.46129
0.412706 2.45769
0.417709 2.45404
0.422711 2.45036
0.427714 2.44664
0.432716 2.44288
0.437719 2.43908
0.442721 2.43524
0.447724 2.43136
0.452726 2.42745
0.457729 2.4235
0.462731 2.4195
0.467734 2.41547
0.472736 2.41141
0.477739 2.4073
0.482741 2.40316
0.487744 2.39898
0.492746 2.39476
0.497749 2.39051
0.502751 2.38622
0.507754 2.38189
0.512756 2.37752
0.517759 2.37312
0.522761 2.36869
0.527764 2.36422
0.532766 2.35971
0.537769 2.35517
0.542771 2.35059
0.547774 2.34597
0.552776 2.34133
0.557779 2.33664
0.562781 2.33193
0.567784 2.32717
0.572786 2.32239
0.577789 2.31757
0.582791 2.31272
0.587794 2.30783
0.592796 2.30291
0.597799 2.29796
0.602801 2.29297
0.607804 2.28795
0.612806 2.2829
0.617809 2.27782
0.622811 2.27271
0.627814 2.26756
0.632816 2.26238
0.637819 2.25717
0.642821 2.25193
0.647824 2.24666
0.652826 2.24136
0.657829 2.23603
0.662831 2.23066
0.667834 2.22527
0.672836 2.21985
0.677839 2.2144
0.682841 2.20892
0.687844 2.20341
0.692846 2.19787
0.697849 2.1923
0.702851 2.18671
0.707854 2.18108
0.712856 2.17543
0.717859 2.16975
0.722861 2.16404
0.727864 2.15831
0.732866 2.15255
0.737869 2.14676
0.742871 2.14095
0.747874 2.13511
0.752876 2.12924
0.757879 2.12335
0.762881 2.11744
0.767884 2.11149
0.772886 2.10553
0.777889 2.09954
0.782891 2.09352
0.787894 2.08748
0.792896 2.08142
0.797899 2.07533
0.802901 2.06922
0.807904 2.06308
0.812906 2.05693
0.817909 2.05075
0.822911 2.04455
0.827914 2.03832
0.832916 2.03208
0.837919 2.02581
0.842921 2.01952
0.847924 2.01321
0.852926 2.00688
0.857929 2.00053
0.862931 1.99416
0.867934 1.98777
0.872936 1.98136
0.877939 1.97493
0.882941 1.96848
0.887944 1.96201
0.892946 1.95552
0.897949 1.94902
0.902951 1.9425
0.907954 1.93595
0.912956 1.9294
0.917959 1.92282
0.922961 1.91623
0.927964 1.90962
0.932966 1.90299
0.937969 1.89635
0.942971 1.8897
0.947974 1.88302
0.952976 1.87634
0.957979 1.86963
0.962981 1.86292
0.967984 1.85618
0.972986 1.84944
0.977989 1.84268
0.982991 1.8359
0.987994 1.82912
0.992996 1.82232
0.997999 1.81551
1.003 1.80868
1.008 1.80184
1.01301 1.795
1.01801 1.78814
1.02301 1.78126
1.02801 1.77438
1.03302 1.76749
1.03802 1.76059
1.04302 1.75367
1.04802 1.74675
1.05303 1.73982
1.05803 1.73287
1.06303 1.72592
1.06803 1.71896
1.07304 1.712
1.07804 1.70502
1.08304 1.69804
1.08804 1.69104
1.09305 1.68405
1.09805 1.67704
1.10305 1.67003
1.10805 1.66301
1.11306 1.65599
1.11806 1.64896
1.12306 1.64192
1.12806 1.63488
1.13307 1.62784
1.13807 1.62079
1.14307 1.61373
1.14807 1.60668
1.15308 1.59961
1.15808 1.59255
1.16308 1.58548
1.16808 1.57841
1.17309 1.57134
1.17809 1.56426
1.18309 1.55719
1.18809 1.55011
1.1931 1.54303
1.1981 1.53595
1.2031 1.52886
1.2081 1.52178
1.21311 1.5147
1.21811 1.50762
1.22311 1.50054
1.22811 1.49346
1.23312 1.48638
1.23812 1.4793
1.24312 1.47222
1.24812 1.46515
1.25313 1.45808
1.25813 1.45101
1.26313 1.44394
1.26813 1.43688
1.27314 1.42981
1.27814 1.42276
1.28314 1.41571
1.28814 1.40866
1.29315 1.40161
1.29815 1.39457
1.30315 1.38754
1.30815 1.38051
1.31316 1.37349
1.31816 1.36647
1.32316 1.35946
1.32816 1.35246
1.33317 1.34546
1.33817 1.33847
1.34317 1.33149
1.34817 1.32452
1.35318 1.31755
1.35818 1.31059
1.36318 1.30364
1.36818 1.2967
1.37319 1.28977
1.37819 1.28285
1.38319 1.27593
1.38819 1.26903
1.3932 1.26214
1.3982 1.25526
1.4032 1.24839
1.4082 1.24153
1.41321 1.23468
1.41821 1.22784
1.42321 1.22102
1.42821 1.21421
1.43322 1.20741
1.43822 1.20062
1.44322 1.19385
1.44822 1.18709
1.45323 1.18034
1.45823 1.17361
1.46323 1.16689
1.46823 1.16018
1.47324 1.15349
1.47824 1.14682
1.48324 1.14016
1.48824 1.13351
1.49325 1.12688
1.49825 1.12027
1.50325 1.11367
1.50825 1.10709
1.51326 1.10053
1.51826 1.09398
1.52326 1.08745
1.52826 1.08094
1.53327 1.07445
1.53827 1.06797
1.54327 1.06152
1.54827 1.05508
1.55328 1.04866
1.55828 1.04226
1.56328 1.03587
1.56828 1.02951
1.57329 1.02317
1.57829 1.01685
1.58329 1.01055
1.58829 1.00426
1.5933 0.998004
1.5983 0.991764
1.6033 0.985546
1.6083 0.979349
1.61331 0.973173
1.61831 0.96702
1.62331 0.960889
1.62831 0.95478
1.63332 0.948694
1.63832 0.942631
1.64332 0.93659
1.64832 0.930574
1.65333 0.92458
1.65833 0.918611
1.66333 0.912665
1.66833 0.906744
1.67334 0.900847
1.67834 0.894975
1.68334 0.889128
1.68834 0.883306
1.69335 0.877509
1.69835 0.871737
1.70335 0.865992
1.70835 0.860272
1.71336 0.854578
1.71836 0.848911
1.72336 0.84327
1.72836 0.837656
1.73337 0.832069
1.73837 0.82651
1.74337 0.820977
1.74837 0.815472
1.75338 0.809995
1.75838 0.804546
1.76338 0.799124
1.76838 0.793731
1.77339 0.788367
1.77839 0.783031
1.78339 0.777724
1.78839 0.772447
1.7934 0.767198
1.7984 0.761979
1.8034 0.756789
1.8084 0.751629
1.81341 0.746499
1.81841 0.7414
1.82341 0.73633
1.82841 0.731291
1.83342 0.726282
1.83842 0.721304
1.84342 0.716357
1.84842 0.711442
1.85343 0.706557
1.85843 0.701704
1.86343 0.696882
1.86843 0.692092
1.87344 0.687334
1.87844 0.682608
1.88344 0.677914
1.88844 0.673252
1.89345 0.668623
1.89845 0.664026
1.90345 0.659462
1.90845 0.65493
1.91346 0.650432
1.91846 0.645967
1.92346 0.641535
1.92846 0.637136
1.93347 0.632771
1.93847 0.628439
1.94347 0.624142
1.94847 0.619878
1.95348 0.615647
1.95848 0.611451
1.96348 0.607289
1.96848 0.603162
1.97349 0.599069
1.97849 0.59501
1.98349 0.590986
1.98849 0.586996
1.9935 0.583042
1.9985 0.579122
2.0035 0.575237
2.0085 0.571387
2.01351 0.567573
2.01851 0.563794
2.02351 0.56005
2.02851 0.556341
2.03352 0.552668
2.03852 0.54903
2.04352 0.545429
2.04852 0.541862
2.05353 0.538332
2.05853 0.534838
2.06353 0.531379
2.06853 0.527956
2.07354 0.52457
2.07854 0.521219
2.08354 0.517905
2.08854 0.514627
2.09355 0.511385
2.09855 0.50818
2.10355 0.50501
2.10855 0.501878
2.11356 0.498781
2.11856 0.495721
2.12356 0.492698
2.12856 0.489711
2.13357 0.486761
2.13857 0.483847
2.14357 0.48097
2.14857 0.47813
2.15358 0.475327
2.15858 0.47256
2.16358 0.469829
2.16858 0.467136
2.17359 0.464479
2.17859 0.461859
2.18359 0.459276
2.18859 0.456729
2.1936 0.45422
2.1986 0.451747
2.2036 0.44931
2.2086 0.446911
2.21361 0.444548
2.21861 0.442222
2.22361 0.439933
2.22861 0.43768
2.23362 0.435464
2.23862 0.433285
2.24362 0.431142
2.24862 0.429036
2.25363 0.426966
2.25863 0.424933
2.26363 0.422937
2.26863 0.420977
2.27364 0.419053
2.27864 0.417166
2.28364 0.415315
2.28864 0.4135
2.29365 0.411722
2.29865 0.40998
2.30365 0.408274
2.30865 0.406604
2.31366 0.404969
2.31866 0.403371
2.32366 0.401809
2.32866 0.400283
2.33367 0.398792
2.33867 0.397337
2.34367 0.395917
2.34867 0.394533
2.35368 0.393184
2.35868 0.391871
2.36368 0.390593
2.36868 0.38935
2.37369 0.388142
2.37869 0.386969
2.38369 0.385831
2.38869 0.384728
2.3937 0.383659
2.3987 0.382625
2.4037 0.381625
2.4087 0.38066
2.41371 0.379728
2.41871 0.378831
2.42371 0.377968
2.42871 0.377139
2.43372 0.376343
2.43872 0.375581
2.44372 0.374852
2.44872 0.374157
2.45373 0.373495
2.45873 0.372866
2.46373 0.37227
2.46873 0.371706
2.47374 0.371176
2.47874 0.370677
2.48374 0.370211
2.48874 0.369777
2.49375 0.369376
2.49875 0.369006
2.50375 0.368667
2.50875 0.36836
2.51376 0.368085
2.51876 0.36784
2.52376 0.367627
2.52876 0.367445
2.53377 0.367293
2.53877 0.367171
2.54377 0.36708
2.54877 0.367019
2.55378 0.366988
2.55878 0.366987
2.56378 0.367015
2.56878 0.367072
2.57379 0.367159
2.57879 0.367274
2.58379 0.367419
2.58879 0.367591
2.5938 0.367792
2.5988 0.368022
2.6038 0.368279
2.6088 0.368563
2.61381 0.368875
2.61881 0.369215
2.62381 0.369581
2.62881 0.369974
2.63382 0.370394
2.63882 0.37084
2.64382 0.371312
2.64882 0.37181
2.65383 0.372334
2.65883 0.372883
2.66383 0.373457
2.66883 0.374056
2.67384 0.374679
2.67884 0.375327
2.68384 0.376
2.68884 0.376696
2.69385 0.377415
2.69885 0.378158
2.70385 0.378925
2.70885 0.379714
2.71386 0.380525
2.71886 0.381359
2.72386 0.382215
2.72886 0.383093
2.73387 0.383992
2.73887 0.384912
2.74387 0.385854
2.74887 0.386816
2.75388 0.387798
2.75888 0.388801
2.76388 0.389823
2.76888 0.390865
2.77389 0.391926
2.77889 0.393006
2.78389 0.394104
2.78889 0.395221
2.7939 0.396356
2.7989 0.397509
2.8039 0.398679
2.8089 0.399867
2.81391 0.401071
2.81891 0.402291
2.82391 0.403528
2.82891 0.404781
2.83392 0.406049
2.83892 0.407333
2.84392 0.408632
2.84892 0.409945
2.85393 0.411272
2.85893 0.412614
2.86393 0.413969
2.86893 0.415338
2.87394 0.416719
2.87894 0.418113
2.88394 0.41952
2.88894 0.420938
2.89395 0.422368
2.89895 0.42381
2.90395 0.425262
2.90895 0.426726
2.91396 0.428199
2.91896 0.429683
2.92396 0.431176
2.92896 0.432678
2.93397 0.43419
2.93897 0.43571
2.94397 0.437238
2.94897 0.438774
2.95398 0.440318
2.95898 0.441868
2.96398 0.443426
2.96898 0.44499
2.97399 0.446561
2.97899 0.448137
2.98399 0.449718
2.98899 0.451305
2.994 0.452896
2.999 0.454491
3.004 0.456091
3.009 0.457694
3.01401 0.4593
3.01901 0.46091
3.02401 0.462521
3.02901 0.464135
3.03402 0.465751
3.03902 0.467368
3.04402 0.468986
3.04902 0.470605
3.05403 0.472224
3.05903 0.473843
3.06403 0.475461
3.06903 0.477079
3.07404 0.478695
3.07904 0.48031
3.08404 0.481923
3.08904 0.483534
3.09405 0.485142
3.09905 0.486746
3.10405 0.488348
3.10905 0.489945
3.11406 0.491539
3.11906 0.493127
3.12406 0.494711
3.12906 0.49629
3.13407 0.497863
3.13907 0.499429
3.14407 0.500989
3.14907 0.502543
3.15408 0.504089
3.15908 0.505627
3.16408 0.507158
3.16908 0.50868
3.17409 0.510194
3.17909 0.511698
3.18409 0.513193
3.18909 0.514678
3.1941 0.516153
3.1991 0.517617
3.2041 0.51907
3.2091 0.520512
3.21411 0.521942
3.21911 0.52336
3.22411 0.524765
3.22911 0.526158
3.23412 0.527537
3.23912 0.528903
3.24412 0.530255
3.24912 0.531592
3.25413 0.532915
3.25913 0.534223
3.26413 0.535515
3.26913 0.536792
3.27414 0.538052
3.27914 0.539296
3.28414 0.540523
3.28914 0.541733
3.29415 0.542925
3.29915 0.544099
3.30415 0.545255
3.30915 0.546392
3.31416 0.54751
3.31916 0.548609
3.32416 0.549688
3.32916 0.550747
3.33417 0.551786
3.33917 0.552804
3.34417 0.5538
3.34917 0.554776
3.35418 0.555729
3.35918 0.556661
3.36418 0.55757
3.36918 0.558456
3.37419 0.559319
3.37919 0.560158
3.38419 0.560974
3.38919 0.561766
3.3942 0.562533
3.3992 0.563275
3.4042 0.563993
3.4092 0.564685
3.41421 0.565351
3.41921 0.565992
3.42421 0.566606
3.42921 0.567193
3.43422 0.567754
3.43922 0.568287
3.44422 0.568793
3.44922 0.569272
3.45423 0.569722
3.45923 0.570143
3.46423 0.570536
3.46923 0.570901
3.47424 0.571236
3.47924 0.571541
3.48424 0.571817
3.48924 0.572063
3.49425 0.572278
3.49925 0.572463
3.50425 0.572617
3.50925 0.572741
3.51426 0.572833
3.51926 0.572893
3.52426 0.572922
3.52926 0.572918
3.53427 0.572883
3.53927 0.572815
3.54427 0.572715
3.54927 0.572581
3.55428 0.572415
3.55928 0.572215
3.56428 0.571981
3.56928 0.571715
3.57429 0.571414
3.57929 0.571079
3.58429 0.57071
3.58929 0.570306
3.5943 0.569868
3.5993 0.569395
3.6043 0.568887
3.6093 0.568344
3.61431 0.567765
3.61931 0.567152
3.62431 0.566503
3.62931 0.565818
3.63432 0.565097
3.63932 0.56434
3.64432 0.563548
3.64932 0.562719
3.65433 0.561854
3.65933 0.560953
3.66433 0.560015
3.66933 0.55904
3.67434 0.558029
3.67934 0.556981
3.68434 0.555897
3.68934 0.554776
3.69435 0.553617
3.69935 0.552422
3.70435 0.55119
3.70935 0.549921
3.71436 0.548615
3.71936 0.547271
3.72436 0.545891
3.72936 0.544474
3.73437 0.543019
3.73937 0.541528
3.74437 0.539999
3.74937 0.538433
3.75438 0.536831
3.75938 0.535191
3.76438 0.533515
3.76938 0.531801
3.77439 0.530051
3.77939 0.528265
3.78439 0.526441
3.78939 0.524581
3.7944 0.522685
3.7994 0.520752
3.8044 0.518783
3.8094 0.516778
3.81441 0.514737
3.81941 0.51266
3.82441 0.510548
3.82941 0.5084
3.83442 0.506216
3.83942 0.503998
3.84442 0.501744
3.84942 0.499456
3.85443 0.497133
3.85943 0.494776
3.86443 0.492385
3.86943 0.48996
3.87444 0.487501
3.87944 0.485009
3.88444 0.482483
3.88944 0.479925
3.89445 0.477335
3.89945 0.474712
3.90445 0.472057
3.90945 0.469371
3.91446 0.466653
3.91946 0.463905
3.92446 0.461126
3.92946 0.458316
3.93447 0.455477
3.93947 0.452609
3.94447 0.449711
3.94947 0.446785
3.95448 0.443831
3.95948 0.440849
3.96448 0.437839
3.96948 0.434803
3.97449 0.43174
3.97949 0.428652
3.98449 0.425538
3.98949 0.422399
3.9945 0.419236
3.9995 0.41605
4.0045 0.41284
4.0095 0.409607
4.01451 0.406352
4.01951 0.403076
4.02451 0.399779
4.02951 0.396461
4.03452 0.393124
4.03952 0.389768
4.04452 0.386394
4.04952 0.383002
4.05453 0.379593
4.05953 0.376167
4.06453 0.372726
4.06953 0.369271
4.07454 0.365801
4.07954 0.362318
4.08454 0.358823
4.08954 0.355315
4.09455 0.351797
4.09955 0.348269
4.10455 0.344731
4.10955 0.341186
4.11456 0.337632
4.11956 0.334072
4.12456 0.330507
4.12956 0.326936
4.13457 0.323362
4.13957 0.319784
4.14457 0.316205
4.14957 0.312625
4.15458 0.309045
4.15958 0.305466
4.16458 0.301889
4.16958 0.298316
4.17459 0.294746
4.17959 0.291182
4.18459 0.287625
4.18959 0.284075
4.1946 0.280533
4.1996 0.277002
4.2046 0.273482
4.2096 0.269974
4.21461 0.26648
4.21961 0.263
4.22461 0.259537
4.22961 0.25609
4.23462 0.252663
4.23962 0.249255
4.24462 0.245868
4.24962 0.242505
4.25463 0.239165
4.25963 0.23585
4.26463 0.232563
4.26963 0.229303
4.27464 0.226074
4.27964 0.222875
4.28464 0.219709
4.28964 0.216578
4.29465 0.213482
4.29965 0.210424
4.30465 0.207404
4.30965 0.204425
4.31466 0.201489
4.31966 0.198596
4.32466 0.195748
4.32966 0.192948
4.33467 0.190197
4.33967 0.187496
4.34467 0.184848
4.34967 0.182254
4.35468 0.179716
4.35968 0.177235
4.36468 0.174815
4.36968 0.172456
4.37469 0.170161
4.37969 0.167931
4.38469 0.165769
4.38969 0.163676
4.3947 0.161654
4.3997 0.159706
4.4047 0.157833
4.4097 0.156038
4.41471 0.154322
4.41971 0.152689
4.42471 0.151139
4.42971 0.149675
4.43472 0.1483
4.43972 0.147016
4.44472 0.145824
4.44972 0.144727
4.45473 0.143728
4.45973 0.142829
4.46473 0.142032
4.46973 0.141339
4.47474 0.140753
4.47974 0.140277
4.48474 0.139913
4.48974 0.139663
4.49475 0.139531
4.49975 0.139517
4.50475 0.139626
4.50975 0.13986
4.51476 0.140221
4.51976 0.140712
4.52476 0.141336
4.52976 0.142096
4.53477 0.142994
4.53977 0.144033
4.54477 0.145216
4.54977 0.146546
4.55478 0.148026
4.55978 0.149658
4.56478 0.151446
4.56978 0.153392
4.57479 0.1555
4.57979 0.157773
4.58479 0.160214
4.58979 0.162825
4.5948 0.16561
4.5998 0.168573
4.6048 0.171716
4.6098 0.175043
4.61481 0.178556
4.61981 0.18226
4.62481 0.186157
4.62981 0.190252
4.63482 0.194546
4.63982 0.199045
4.64482 0.203751
4.64982 0.208667
4.65483 0.213798
4.65983 0.219147
4.66483 0.224718
4.66983 0.230514
4.67484 0.236538
4.67984 0.242796
4.68484 0.24929
4.68984 0.256024
4.69485 0.263002
4.69985 0.270228
4.70485 0.277706
4.70985 0.28544
4.71486 0.293434
4.71986 0.301691
4.72486 0.310217
4.72986 0.319014
4.73487 0.328088
4.73987 0.337442
4.74487 0.34708
4.74987 0.357007
4.75488 0.367228
4.75988 0.377745
4.76488 0.388565
4.76988 0.399691
4.77489 0.411127
4.77989 0.422879
4.78489 0.434951
4.78989 0.447346
4.7949 0.460071
4.7999 0.473129
4.8049 0.486526
4.8099 0.500266
4.81491 0.514353
4.81991 0.528794
4.82491 0.543591
4.82991 0.558752
4.83492 0.574279
4.83992 0.59018
4.84492 0.606457
4.84992 0.623118
4.85493 0.640166
4.85993 0.657607
4.86493 0.675446
4.86993 0.693688
4.87494 0.71234
4.87994 0.731405
4.88494 0.75089
4.88994 0.7708
4.89495 0.79114
4.89995 0.811916
4.90495 0.833134
4.90995 0.8548
4.91496 0.876918
4.91996 0.899495
4.92496 0.922536
4.92996 0.946048
4.93497 0.970036
4.93997 0.994506
4.94497 1.01946
4.94997 1.04492
4.95498 1.07087
4.95998 1.09733
4.96498 1.1243
4.96998 1.15179
4.97499 1.17981
4.97999 1.20835
4.98499 1.23744
4.98999 1.26707
4.995 1.29725
5 1.32798
