-5 1.32698
-4.995 1.321
-4.98999 1.31498
-4.98499 1.30895
-4.97999 1.30289
-4.97499 1.29682
-4.96998 1.29074
-4.96498 1.28464
-4.95998 1.27854
-4.95498 1.27244
-4.94997 1.26633
-4.94497 1.26023
-4.93997 1.25412
-4.93497 1.24803
-4.92996 1.24194
-4.92496 1.23586
-4.91996 1.22979
-4.91496 1.22373
-4.90995 1.21769
-4.90495 1.21166
-4.89995 1.20565
-4.89495 1.19966
-4.88994 1.19369
-4.88494 1.18774
-4.87994 1.18181
-4.87494 1.1759
-4.86993 1.17002
-4.86493 1.16416
-4.85993 1.15833
-4.85493 1.15252
-4.84992 1.14674
-4.84492 1.14098
-4.83992 1.13525
-4.83492 1.12955
-4.82991 1.12388
-4.82491 1.11823
-4.81991 1.11262
-4.81491 1.10703
-4.8099 1.10147
-4.8049 1.09595
-4.7999 1.09045
-4.7949 1.08498
-4.78989 1.07954
-4.78489 1.07413
-4.77989 1.06875
-4.77489 1.0634
-4.76988 1.05808
-4.76488 1.05279
-4.75988 1.04753
-4.75488 1.0423
-4.74987 1.0371
-4.74487 1.03192
-4.73987 1.02678
-4.73487 1.02167
-4.72986 1.01658
-4.72486 1.01153
-4.71986 1.0065
-4.71486 1.0015
-4.70985 0.99653
-4.70485 0.991588
-4.69985 0.986674
-4.69485 0.981788
-4.68984 0.976929
-4.68484 0.972098
-4.67984 0.967294
-4.67484 0.962517
-4.66983 0.957767
-4.66483 0.953043
-4.65983 0.948346
-4.65483 0.943675
-4.64982 0.939029
-4.64482 0.93441
-4.63982 0.929816
-4.63482 0.925248
-4.62981 0.920705
-4.62481 0.916186
-4.61981 0.911693
-4.61481 0.907224
-4.6098 0.902779
-4.6048 0.898359
-4.5998 0.893962
-4.5948 0.88959
-4.58979 0.885241
-4.58479 0.880916
-4.57979 0.876614
-4.57479 0.872335
-4.56978 0.86808
-4.56478 0.863847
-4.55978 0.859637
-4.55478 0.855449
-4.54977 0.851284
-4.54477 0.847142
-4.53977 0.843021
-4.53477 0.838923
-4.52976 0.834847
-4.52476 0.830792
-4.51976 0.82676
-4.51476 0.822749
-4.50975 0.818759
-4.50475 0.814791
-4.49975 0.810845
-4.49475 0.806919
-4.48974 0.803015
-4.48474 0.799132
-4.47974 0.79527
-4.47474 0.791429
-4.46973 0.78761
-4.46473 0.78381
-4.45973 0.780032
-4.45473 0.776275
-4.44972 0.772538
-4.44472 0.768822
-4.43972 0.765126
-4.43472 0.761452
-4.42971 0.757797
-4.42471 0.754163
-4.41971 0.75055
-4.41471 0.746957
-4.4097 0.743385
-4.4047 0.739833
-4.3997 0.736301
-4.3947 0.73279
-4.38969 0.729299
-4.38469 0.725828
-4.37969 0.722378
-4.37469 0.718948
-4.36968 0.715539
-4.36468 0.712149
-4.35968 0.70878
-4.35468 0.705431
-4.34967 0.702103
-4.34467 0.698794
-4.33967 0.695506
-4.33467 0.692238
-4.32966 0.688991
-4.32466 0.685763
-4.31966 0.682556
-4.31466 0.679369
-4.30965 0.676202
-4.30465 0.673056
-4.29965 0.66993
-4.29465 0.666823
-4.28964 0.663738
-4.28464 0.660672
-4.27964 0.657626
-4.27464 0.654601
-4.26963 0.651596
-4.26463 0.648611
-4.25963 0.645646
-4.25463 0.642701
-4.24962 0.639777
-4.24462 0.636872
-4.23962 0.633988
-4.23462 0.631124
-4.22961 0.62828
-4.22461 0.625456
-4.21961 0.622652
-4.21461 0.619868
-4.2096 0.617104
-4.2046 0.61436
-4.1996 0.611636
-4.1946 0.608932
-4.18959 0.606248
-4.18459 0.603584
-4.17959 0.60094
-4.17459 0.598315
-4.16958 0.59571
-4.16458 0.593125
-4.15958 0.59056
-4.15458 0.588014
-4.14957 0.585489
-4.14457 0.582982
-4.13957 0.580495
-4.13457 0.578028
-4.12956 0.57558
-4.12456 0.573152
-4.11956 0.570743
-4.11456 0.568353
-4.10955 0.565983
-4.10455 0.563631
-4.09955 0.561299
-4.09455 0.558986
-4.08954 0.556692
-4.08454 0.554417
-4.07954 0.552161
-4.07454 0.549923
-4.06953 0.547704
-4.06453 0.545504
-4.05953 0.543323
-4.05453 0.54116
-4.04952 0.539016
-4.04452 0.536889
-4.03952 0.534782
-4.03452 0.532692
-4.02951 0.530621
-4.02451 0.528567
-4.01951 0.526532
-4.01451 0.524514
-4.0095 0.522514
-4.0045 0.520532
-3.9995 0.518568
-3.9945 0.516621
-3.98949 0.514691
-3.98449 0.512779
-3.97949 0.510884
-3.97449 0.509006
-3.96948 0.507145
-3.96448 0.505301
-3.95948 0.503474
-3.95448 0.501664
-3.94947 0.49987
-3.94447 0.498093
-3.93947 0.496332
-3.93447 0.494587
-3.92946 0.492859
-3.92446 0.491147
-3.91946 0.489451
-3.91446 0.487771
-3.90945 0.486106
-3.90445 0.484458
-3.89945 0.482824
-3.89445 0.481207
-3.88944 0.479604
-3.88444 0.478017
-3.87944 0.476445
-3.87444 0.474888
-3.86943 0.473346
-3.86443 0.471819
-3.85943 0.470307
-3.85443 0.468809
-3.84942 0.467326
-3.84442 0.465857
-3.83942 0.464402
-3.83442 0.462961
-3.82941 0.461535
-3.82441 0.460122
-3.81941 0.458724
-3.81441 0.457339
-3.8094 0.455967
-3.8044 0.454609
-3.7994 0.453265
-3.7944 0.451934
-3.78939 0.450616
-3.78439 0.449311
-3.77939 0.448019
-3.77439 0.44674
-3.76938 0.445474
-3.76438 0.44422
-3.75938 0.442979
-3.75438 0.441751
-3.74937 0.440534
-3.74437 0.439331
-3.73937 0.438139
-3.73437 0.436959
-3.72936 0.435792
-3.72436 0.434636
-3.71936 0.433492
-3.71436 0.43236
-3.70935 0.431239
-3.70435 0.43013
-3.69935 0.429033
-3.69435 0.427947
-3.68934 0.426872
-3.68434 0.425808
-3.67934 0.424755
-3.67434 0.423713
-3.66933 0.422683
-3.66433 0.421663
-3.65933 0.420653
-3.65433 0.419655
-3.64932 0.418667
-3.64432 0.41769
-3.63932 0.416723
-3.63432 0.415767
-3.62931 0.414821
-3.62431 0.413885
-3.61931 0.412959
-3.61431 0.412044
-3.6093 0.411138
-3.6043 0.410243
-3.5993 0.409357
-3.5943 0.408481
-3.58929 0.407616
-3.58429 0.40676
-3.57929 0.405913
-3.57429 0.405076
-3.56928 0.404249
-3.56428 0.403432
-3.55928 0.402624
-3.55428 0.401825
-3.54927 0.401036
-3.54427 0.400256
-3.53927 0.399486
-3.53427 0.398724
-3.52926 0.397972
-3.52426 0.39723
-3.51926 0.396496
-3.51426 0.395772
-3.50925 0.395056
-3.50425 0.39435
-3.49925 0.393653
-3.49425 0.392964
-3.48924 0.392285
-3.48424 0.391615
-3.47924 0.390953
-3.47424 0.390301
-3.46923 0.389657
-3.46423 0.389022
-3.45923 0.388396
-3.45423 0.387779
-3.44922 0.387171
-3.44422 0.386571
-3.43922 0.38598
-3.43422 0.385399
-3.42921 0.384825
-3.42421 0.384261
-3.41921 0.383705
-3.41421 0.383158
-3.4092 0.38262
-3.4042 0.38209
-3.3992 0.381569
-3.3942 0.381057
-3.38919 0.380554
-3.38419 0.380059
-3.37919 0.379573
-3.37419 0.379096
-3.36918 0.378627
-3.36418 0.378168
-3.35918 0.377717
-3.35418 0.377274
-3.34917 0.376841
-3.34417 0.376416
-3.33917 0.376
-3.33417 0.375593
-3.32916 0.375194
-3.32416 0.374805
-3.31916 0.374424
-3.31416 0.374052
-3.30915 0.373689
-3.30415 0.373335
-3.29915 0.37299
-3.29415 0.372653
-3.28914 0.372326
-3.28414 0.372007
-3.27914 0.371698
-3.27414 0.371397
-3.26913 0.371106
-3.26413 0.370823
-3.25913 0.37055
-3.25413 0.370285
-3.24912 0.37003
-3.24412 0.369784
-3.23912 0.369547
-3.23412 0.369319
-3.22911 0.369101
-3.22411 0.368891
-3.21911 0.368691
-3.21411 0.3685
-3.2091 0.368319
-3.2041 0.368147
-3.1991 0.367984
-3.1941 0.367831
-3.18909 0.367687
-3.18409 0.367553
-3.17909 0.367428
-3.17409 0.367312
-3.16908 0.367207
-3.16408 0.36711
-3.15908 0.367024
-3.15408 0.366947
-3.14907 0.366879
-3.14407 0.366822
-3.13907 0.366774
-3.13407 0.366736
-3.12906 0.366708
-3.12406 0.36669
-3.11906 0.366681
-3.11406 0.366682
-3.10905 0.366694
-3.10405 0.366715
-3.09905 0.366747
-3.09405 0.366788
-3.08904 0.366839
-3.08404 0.366901
-3.07904 0.366973
-3.07404 0.367054
-3.06903 0.367146
-3.06403 0.367249
-3.05903 0.367361
-3.05403 0.367484
-3.04902 0.367617
-3.04402 0.367761
-3.03902 0.367914
-3.03402 0.368079
-3.02901 0.368253
-3.02401 0.368439
-3.01901 0.368634
-3.01401 0.36884
-3.009 0.369057
-3.004 0.369285
-2.999 0.369523
-2.994 0.369771
-2.98899 0.37003
-2.98399 0.3703
-2.97899 0.370581
-2.97399 0.370873
-2.96898 0.371175
-2.96398 0.371488
-2.95898 0.371812
-2.95398 0.372146
-2.94897 0.372492
-2.94397 0.372849
-2.93897 0.373216
-2.93397 0.373594
-2.92896 0.373984
-2.92396 0.374384
-2.91896 0.374796
-2.91396 0.375218
-2.90895 0.375652
-2.90395 0.376096
-2.89895 0.376552
-2.89395 0.377019
-2.88894 0.377497
-2.88394 0.377986
-2.87894 0.378487
-2.87394 0.378999
-2.86893 0.379522
-2.86393 0.380056
-2.85893 0.380601
-2.85393 0.381158
-2.84892 0.381726
-2.84392 0.382306
-2.83892 0.382896
-2.83392 0.383499
-2.82891 0.384112
-2.82391 0.384737
-2.81891 0.385374
-2.81391 0.386021
-2.8089 0.386681
-2.8039 0.387352
-2.7989 0.388034
-2.7939 0.388728
-2.78889 0.389433
-2.78389 0.39015
-2.77889 0.390878
-2.77389 0.391618
-2.76888 0.39237
-2.76388 0.393133
-2.75888 0.393908
-2.75388 0.394694
-2.74887 0.395492
-2.74387 0.396302
-2.73887 0.397123
-2.73387 0.397956
-2.72886 0.398801
-2.72386 0.399657
-2.71886 0.400525
-2.71386 0.401405
-2.70885 0.402297
-2.70385 0.4032
-2.69885 0.404116
-2.69385 0.405043
-2.68884 0.405981
-2.68384 0.406932
-2.67884 0.407894
-2.67384 0.408869
-2.66883 0.409855
-2.66383 0.410853
-2.65883 0.411863
-2.65383 0.412884
-2.64882 0.413918
-2.64382 0.414964
-2.63882 0.416021
-2.63382 0.417091
-2.62881 0.418172
-2.62381 0.419266
-2.61881 0.420371
-2.61381 0.421489
-2.6088 0.422618
-2.6038 0.42376
-2.5988 0.424913
-2.5938 0.426079
-2.58879 0.427257
-2.58379 0.428447
-2.57879 0.429649
-2.57379 0.430863
-2.56878 0.432089
-2.56378 0.433328
-2.55878 0.434579
-2.55378 0.435842
-2.54877 0.437117
-2.54377 0.438405
-2.53877 0.439704
-2.53377 0.441017
-2.52876 0.442341
-2.52376 0.443678
-2.51876 0.445027
-2.51376 0.446389
-2.50875 0.447763
-2.50375 0.44915
-2.49875 0.450549
-2.49375 0.45196
-2.48874 0.453384
-2.48374 0.454821
-2.47874 0.45627
-2.47374 0.457732
-2.46873 0.459207
-2.46373 0.460694
-2.45873 0.462194
-2.45373 0.463706
-2.44872 0.465232
-2.44372 0.46677
-2.43872 0.468321
-2.43372 0.469886
-2.42871 0.471462
-2.42371 0.473052
-2.41871 0.474655
-2.41371 0.476271
-2.4087 0.4779
-2.4037 0.479543
-2.3987 0.481198
-2.3937 0.482867
-2.38869 0.484548
-2.38369 0.486243
-2.37869 0.487952
-2.37369 0.489674
-2.36868 0.491409
-2.36368 0.493158
-2.35868 0.49492
-2.35368 0.496696
-2.34867 0.498485
-2.34367 0.500288
-2.33867 0.502105
-2.33367 0.503936
-2.32866 0.505781
-2.32366 0.507639
-2.31866 0.509511
-2.31366 0.511398
-2.30865 0.513298
-2.30365 0.515213
-2.29865 0.517142
-2.29365 0.519085
-2.28864 0.521042
-2.28364 0.523014
-2.27864 0.525
-2.27364 0.527001
-2.26863 0.529016
-2.26363 0.531046
-2.25863 0.533091
-2.25363 0.53515
-2.24862 0.537224
-2.24362 0.539313
-2.23862 0.541418
-2.23362 0.543537
-2.22861 0.545672
-2.22361 0.547821
-2.21861 0.549986
-2.21361 0.552167
-2.2086 0.554363
-2.2036 0.556574
-2.1986 0.558801
-2.1936 0.561044
-2.18859 0.563302
-2.18359 0.565577
-2.17859 0.567867
-2.17359 0.570173
-2.16858 0.572496
-2.16358 0.574835
-2.15858 0.57719
-2.15358 0.579561
-2.14857 0.581949
-2.14357 0.584354
-2.13857 0.586775
-2.13357 0.589213
-2.12856 0.591668
-2.12356 0.59414
-2.11856 0.596629
-2.11356 0.599135
-2.10855 0.601658
-2.10355 0.604199
-2.09855 0.606757
-2.09355 0.609333
-2.08854 0.611926
-2.08354 0.614537
-2.07854 0.617166
-2.07354 0.619813
-2.06853 0.622477
-2.06353 0.62516
-2.05853 0.627862
-2.05353 0.630581
-2.04852 0.63332
-2.04352 0.636076
-2.03852 0.638852
-2.03352 0.641646
-2.02851 0.644459
-2.02351 0.647291
-2.01851 0.650142
-2.01351 0.653013
-2.0085 0.655902
-2.0035 0.658811
-1.9985 0.66174
-1.9935 0.664689
-1.98849 0.667657
-1.98349 0.670645
-1.97849 0.673653
-1.97349 0.676681
-1.96848 0.679729
-1.96348 0.682798
-1.95848 0.685887
-1.95348 0.688997
-1.94847 0.692127
-1.94347 0.695279
-1.93847 0.698451
-1.93347 0.701644
-1.92846 0.704858
-1.92346 0.708093
-1.91846 0.71135
-1.91346 0.714628
-1.90845 0.717928
-1.90345 0.721249
-1.89845 0.724592
-1.89345 0.727957
-1.88844 0.731344
-1.88344 0.734754
-1.87844 0.738185
-1.87344 0.741639
-1.86843 0.745115
-1.86343 0.748614
-1.85843 0.752135
-1.85343 0.755679
-1.84842 0.759246
-1.84342 0.762836
-1.83842 0.766449
-1.83342 0.770085
-1.82841 0.773745
-1.82341 0.777428
-1.81841 0.781134
-1.81341 0.784864
-1.8084 0.788618
-1.8034 0.792396
-1.7984 0.796197
-1.7934 0.800023
-1.78839 0.803872
-1.78339 0.807746
-1.77839 0.811644
-1.77339 0.815566
-1.76838 0.819513
-1.76338 0.823485
-1.75838 0.827481
-1.75338 0.831502
-1.74837 0.835547
-1.74337 0.839618
-1.73837 0.843714
-1.73337 0.847834
-1.72836 0.85198
-1.72336 0.856151
-1.71836 0.860348
-1.71336 0.86457
-1.70835 0.868817
-1.70335 0.87309
-1.69835 0.877388
-1.69335 0.881713
-1.68834 0.886063
-1.68334 0.890439
-1.67834 0.89484
-1.67334 0.899268
-1.66833 0.903722
-1.66333 0.908202
-1.65833 0.912708
-1.65333 0.91724
-1.64832 0.921799
-1.64332 0.926384
-1.63832 0.930995
-1.63332 0.935632
-1.62831 0.940297
-1.62331 0.944987
-1.61831 0.949704
-1.61331 0.954448
-1.6083 0.959218
-1.6033 0.964015
-1.5983 0.968839
-1.5933 0.973689
-1.58829 0.978567
-1.58329 0.98347
-1.57829 0.988401
-1.57329 0.993359
-1.56828 0.998343
-1.56328 1.00335
-1.55828 1.00839
-1.55328 1.01346
-1.54827 1.01855
-1.54327 1.02367
-1.53827 1.02881
-1.53327 1.03399
-1.52826 1.03918
-1.52326 1.04441
-1.51826 1.04966
-1.51326 1.05494
-1.50825 1.06025
-1.50325 1.06558
-1.49825 1.07094
-1.49325 1.07633
-1.48824 1.08174
-1.48324 1.08718
-1.47824 1.09265
-1.47324 1.09814
-1.46823 1.10366
-1.46323 1.10921
-1.45823 1.11478
-1.45323 1.12038
-1.44822 1.12601
-1.44322 1.13166
-1.43822 1.13734
-1.43322 1.14304
-1.42821 1.14877
-1.42321 1.15453
-1.41821 1.16031
-1.41321 1.16612
-1.4082 1.17196
-1.4032 1.17782
-1.3982 1.1837
-1.3932 1.18961
-1.38819 1.19555
-1.38319 1.20151
-1.37819 1.2075
-1.37319 1.21351
-1.36818 1.21955
-1.36318 1.22561
-1.35818 1.2317
-1.35318 1.23781
-1.34817 1.24394
-1.34317 1.2501
-1.33817 1.25629
-1.33317 1.2625
-1.32816 1.26873
-1.32316 1.27499
-1.31816 1.28127
-1.31316 1.28757
-1.30815 1.2939
-1.30315 1.30025
-1.29815 1.30662
-1.29315 1.31302
-1.28814 1.31944
-1.28314 1.32588
-1.27814 1.33234
-1.27314 1.33883
-1.26813 1.34534
-1.26313 1.35187
-1.25813 1.35842
-1.25313 1.36499
-1.24812 1.37158
-1.24312 1.3782
-1.23812 1.38484
-1.23312 1.39149
-1.22811 1.39817
-1.22311 1.40487
-1.21811 1.41158
-1.21311 1.41832
-1.2081 1.42508
-1.2031 1.43185
-1.1981 1.43865
-1.1931 1.44546
-1.18809 1.45229
-1.18309 1.45914
-1.17809 1.46601
-1.17309 1.47289
-1.16808 1.47979
-1.16308 1.48671
-1.15808 1.49365
-1.15308 1.5006
-1.14807 1.50757
-1.14307 1.51456
-1.13807 1.52156
-1.13307 1.52858
-1.12806 1.53561
-1.12306 1.54266
-1.11806 1.54972
-1.11306 1.5568
-1.10805 1.56389
-1.10305 1.57099
-1.09805 1.57811
-1.09305 1.58524
-1.08804 1.59238
-1.08304 1.59954
-1.07804 1.6067
-1.07304 1.61388
-1.06803 1.62107
-1.06303 1.62827
-1.05803 1.63548
-1.05303 1.64271
-1.04802 1.64994
-1.04302 1.65718
-1.03802 1.66443
-1.03302 1.67169
-1.02801 1.67896
-1.02301 1.68624
-1.01801 1.69352
-1.01301 1.70082
-1.008 1.70812
-1.003 1.71542
-0.997999 1.72273
-0.992996 1.73005
-0.987994 1.73738
-0.982991 1.7447
-0.977989 1.75204
-0.972986 1.75938
-0.967984 1.76672
-0.962981 1.77406
-0.957979 1.78141
-0.952976 1.78876
-0.947974 1.79612
-0.942971 1.80347
-0.937969 1.81083
-0.932966 1.81819
-0.927964 1.82555
-0.922961 1.8329
-0.917959 1.84026
-0.912956 1.84762
-0.907954 1.85498
-0.902951 1.86233
-0.897949 1.86969
-0.892946 1.87704
-0.887944 1.88438
-0.882941 1.89173
-0.877939 1.89907
-0.872936 1.90641
-0.867934 1.91374
-0.862931 1.92107
-0.857929 1.92839
-0.852926 1.9357
-0.847924 1.94301
-0.842921 1.95032
-0.837919 1.95761
-0.832916 1.9649
-0.827914 1.97218
-0.822911 1.97945
-0.817909 1.98671
-0.812906 1.99396
-0.807904 2.0012
-0.802901 2.00843
-0.797899 2.01565
-0.792896 2.02286
-0.787894 2.03005
-0.782891 2.03723
-0.777889 2.0444
-0.772886 2.05156
-0.767884 2.0587
-0.762881 2.06583
-0.757879 2.07294
-0.752876 2.08004
-0.747874 2.08712
-0.742871 2.09419
-0.737869 2.10123
-0.732866 2.10826
-0.727864 2.11528
-0.722861 2.12227
-0.717859 2.12925
-0.712856 2.1362
-0.707854 2.14314
-0.702851 2.15006
-0.697849 2.15695
-0.692846 2.16382
-0.687844 2.17068
-0.682841 2.17751
-0.677839 2.18431
-0.672836 2.1911
-0.667834 2.19786
-0.662831 2.20459
-0.657829 2.2113
-0.652826 2.21799
-0.647824 2.22465
-0.642821 2.23128
-0.637819 2.23789
-0.632816 2.24447
-0.627814 2.25102
-0.622811 2.25755
-0.617809 2.26404
-0.612806 2.27051
-0.607804 2.27694
-0.602801 2.28335
-0.597799 2.28973
-0.592796 2.29607
-0.587794 2.30238
-0.582791 2.30867
-0.577789 2.31491
-0.572786 2.32113
-0.567784 2.32731
-0.562781 2.33346
-0.557779 2.33957
-0.552776 2.34565
-0.547774 2.3517
-0.542771 2.35771
-0.537769 2.36368
-0.532766 2.36961
-0.527764 2.37551
-0.522761 2.38137
-0.517759 2.38719
-0.512756 2.39297
-0.507754 2.39872
-0.502751 2.40442
-0.497749 2.41009
-0.492746 2.41571
-0.487744 2.4213
-0.482741 2.42684
-0.477739 2.43234
-0.472736 2.4378
-0.467734 2.44321
-0.462731 2.44859
-0.457729 2.45392
-0.452726 2.4592
-0.447724 2.46444
-0.442721 2.46964
-0.437719 2.47479
-0.432716 2.4799
-0.427714 2.48496
-0.422711 2.48997
-0.417709 2.49494
-0.412706 2.49986
-0.407704 2.50473
-0.402701 2.50955
-0.397699 2.51433
-0.392696 2.51906
-0.387694 2.52373
-0.382691 2.52836
-0.377689 2.53294
-0.372686 2.53747
-0.367684 2.54195
-0.362681 2.54637
-0.357679 2.55075
-0.352676 2.55507
-0.347674 2.55934
-0.342671 2.56356
-0.337669 2.56772
-0.332666 2.57183
-0.327664 2.57589
-0.322661 2.5799
-0.317659 2.58385
-0.312656 2.58774
-0.307654 2.59159
-0.302651 2.59537
-0.297649 2.5991
-0.292646 2.60278
-0.287644 2.60639
-0.282641 2.60996
-0.277639 2.61346
-0.272636 2.61691
-0.267634 2.6203
-0.262631 2.62363
-0.257629 2.62691
-0.252626 2.63013
-0.247624 2.63328
-0.242621 2.63638
-0.237619 2.63943
-0.232616 2.64241
-0.227614 2.64533
-0.222611 2.64819
-0.217609 2.65099
-0.212606 2.65374
-0.207604 2.65642
-0.202601 2.65904
-0.197599 2.6616
-0.192596 2.6641
-0.187594 2.66654
-0.182591 2.66891
-0.177589 2.67123
-0.172586 2.67348
-0.167584 2.67567
-0.162581 2.6778
-0.157579 2.67986
-0.152576 2.68186
-0.147574 2.6838
-0.142571 2.68568
-0.137569 2.68749
-0.132566 2.68924
-0.127564 2.69093
-0.122561 2.69255
-0.117559 2.69411
-0.112556 2.69561
-0.107554 2.69704
-0.102551 2.69841
-0.0975488 2.69971
-0.0925463 2.70095
-0.0875438 2.70212
-0.0825413 2.70323
-0.0775388 2.70427
-0.0725363 2.70525
-0.0675338 2.70617
-0.0625313 2.70702
-0.0575288 2.7078
-0.0525263 2.70852
-0.0475238 2.70917
-0.0425213 2.70976
-0.0375188 2.71029
-0.0325163 2.71074
-0.0275138 2.71114
-0.0225113 2.71146
-0.0175088 2.71173
-0.0125063 2.71192
-0.00750375 2.71205
-0.00250125 2.71212
0.00250125 2.71212
0.00750375 2.71205
0.0125063 2.71192
0.0175088 2.71173
0.0225113 2.71146
0.0275138 2.71114
0.0325163 2.71074
0.0375188 2.71029
0.0425213 2.70976
0.0475238 2.70917
0.0525263 2.70852
0.0575288 2.7078
0.0625313 2.70702
0.0675338 2.70617
0.0725363 2.70525
0.0775388 2.70427
0.0825413 2.70323
0.0875438 2.70212
0.0925463 2.70095
0.0975488 2.69971
0.102551 2.69841
0.107554 2.69704
0.112556 2.69561
0.117559 2.69411
0.122561 2.69255
0.127564 2.69093
0.132566 2.68924
0.137569 2.68749
0.142571 2.68568
0.147574 2.6838
0.152576 2.68186
0.157579 2.67986
0.162581 2.6778
0.167584 2.67567
0.172586 2.67348
0.177589 2.67123
0.182591 2.66891
0.187594 2.66654
0.192596 2.6641
0.197599 2.6616
0.202601 2.65904
0.207604 2.65642
0.212606 2.65374
0.217609 2.65099
0.222611 2.64819
0.227614 2.64533
0.232616 2.64241
0.237619 2.63943
0.242621 2.63638
0.247624 2.63328
0.252626 2.63013
0.257629 2.62691
0.262631 2.62363
0.267634 2.6203
0.272636 2.61691
0.277639 2.61346
0.282641 2.60996
0.287644 2.60639
0.292646 2.60278
0.297649 2.5991
0.302651 2.59537
0.307654 2.59159
0.312656 2.58774
0.317659 2.58385
0.322661 2.5799
0.327664 2.57589
0.332666 2.57183
0.337669 2.56772
0.342671 2.56356
0.347674 2.55934
0.352676 2.55507
0.357679 2.55075
0.362681 2.54637
0.367684 2.54195
0.372686 2.53747
0.377689 2.53294
0.382691 2.52836
0.387694 2.52373
0.392696 2.51906
0.397699 2.51433
0.402701 2.50955
0.407704 2.50473
0.412706 2.49986
0.417709 2.49494
0.422711 2.48997
0.427714 2.48496
0.432716 2.4799
0.437719 2.47479
0.442721 2.46964
0.447724 2.46444
0.452726 2.4592
0.457729 2.45392
0.462731 2.44859
0.467734 2.44321
0.472736 2.4378
0.477739 2.43234
0.482741 2.42684
0.487744 2.4213
0.492746 2.41571
0.497749 2.41009
0.502751 2.40442
0.507754 2.39872
0.512756 2.39297
0.517759 2.38719
0.522761 2.38137
0.527764 2.37551
0.532766 2.36961
0.537769 2.36368
0.542771 2.35771
0.547774 2.3517
0.552776 2.34565
0.557779 2.33957
0.562781 2.33346
0.567784 2.32731
0.572786 2.32113
0.577789 2.31491
0.582791 2.30867
0.587794 2.30238
0.592796 2.29607
0.597799 2.28973
0.602801 2.28335
0.607804 2.27694
0.612806 2.27051
0.617809 2.26404
0.622811 2.25755
0.627814 2.25102
0.632816 2.24447
0.637819 2.23789
0.642821 2.23128
0.647824 2.22465
0.652826 2.21799
0.657829 2.2113
0.662831 2.20459
0.667834 2.19786
0.672836 2.1911
0.677839 2.18431
0.682841 2.17751
0.687844 2.17068
0.692846 2.16382
0.697849 2.15695
0.702851 2.15006
0.707854 2.14314
0.712856 2.1362
0.717859 2.12925
0.722861 2.12227
0.727864 2.11528
0.732866 2.10826
0.737869 2.10123
0.742871 2.09419
0.747874 2.08712
0.752876 2.08004
0.757879 2.07294
0.762881 2.06583
0.767884 2.0587
0.772886 2.05156
0.777889 2.0444
0.782891 2.03723
0.787894 2.03005
0.792896 2.02286
0.797899 2.01565
0.802901 2.00843
0.807904 2.0012
0.812906 1.99396
0.817909 1.98671
0.822911 1.97945
0.827914 1.97218
0.832916 1.9649
0.837919 1.95761
0.842921 1.95032
0.847924 1.94301
0.852926 1.9357
0.857929 1.92839
0.862931 1.92107
0.867934 1.91374
0.872936 1.90641
0.877939 1.89907
0.882941 1.89173
0.887944 1.88438
0.892946 1.87704
0.897949 1.86969
0.902951 1.86233
0.907954 1.85498
0.912956 1.84762
0.917959 1.84026
0.922961 1.8329
0.927964 1.82555
0.932966 1.81819
0.937969 1.81083
0.942971 1.80347
0.947974 1.79612
0.952976 1.78876
0.957979 1.78141
0.962981 1.77406
0.967984 1.76672
0.972986 1.75938
0.977989 1.75204
0.982991 1.7447
0.987994 1.73738
0.992996 1.73005
0.997999 1.72273
1.003 1.71542
1.008 1.70812
1.01301 1.70082
1.01801 1.69352
1.02301 1.68624
1.02801 1.67896
1.03302 1.67169
1.03802 1.66443
1.04302 1.65718
1.04802 1.64994
1.05303 1.64271
1.05803 1.63548
1.06303 1.62827
1.06803 1.62107
1.07304 1.61388
1.07804 1.6067
1.08304 1.59954
1.08804 1.59238
1.09305 1.58524
1.09805 1.57811
1.10305 1.57099
1.10805 1.56389
1.11306 1.5568
1.11806 1.54972
1.12306 1.54266
1.12806 1.53561
1.13307 1.52858
1.13807 1.52156
1.14307 1.51456
1.14807 1.50757
1.15308 1.5006
1.15808 1.49365
1.16308 1.48671
1.16808 1.47979
1.17309 1.47289
1.17809 1.46601
1.18309 1.45914
1.18809 1.45229
1.1931 1.44546
1.1981 1.43865
1.2031 1.43185
1.2081 1.42508
1.21311 1.41832
1.21811 1.41158
1.22311 1.40487
1.22811 1.39817
1.23312 1.39149
1.23812 1.38484
1.24312 1.3782
1.24812 1.37158
1.25313 1.36499
1.25813 1.35842
1.26313 1.35187
1.26813 1.34534
1.27314 1.33883
1.27814 1.33234
1.28314 1.32588
1.28814 1.31944
1.29315 1.31302
1.29815 1.30662
1.30315 1.30025
1.30815 1.2939
1.31316 1.28757
1.31816 1.28127
1.32316 1.27499
1.32816 1.26873
1.33317 1.2625
1.33817 1.25629
1.34317 1.2501
1.34817 1.24394
1.35318 1.23781
1.35818 1.2317
1.36318 1.22561
1.36818 1.21955
1.37319 1.21351
1.37819 1.2075
1.38319 1.20151
1.38819 1.19555
1.3932 1.18961
1.3982 1.1837
1.4032 1.17782
1.4082 1.17196
1.41321 1.16612
1.41821 1.16031
1.42321 1.15453
1.42821 1.14877
1.43322 1.14304
1.43822 1.13734
1.44322 1.13166
1.44822 1.12601
1.45323 1.12038
1.45823 1.11478
1.46323 1.10921
1.46823 1.10366
1.47324 1.09814
1.47824 1.09265
1.48324 1.08718
1.48824 1.08174
1.49325 1.07633
1.49825 1.07094
1.50325 1.06558
1.50825 1.06025
1.51326 1.05494
1.51826 1.04966
1.52326 1.04441
1.52826 1.03918
1.53327 1.03399
1.53827 1.02881
1.54327 1.02367
1.54827 1.01855
1.55328 1.01346
1.55828 1.00839
1.56328 1.00335
1.56828 0.998343
1.57329 0.993359
1.57829 0.988401
1.58329 0.98347
1.58829 0.978567
1.5933 0.973689
1.5983 0.968839
1.6033 0.964015
1.6083 0.959218
1.61331 0.954448
1.61831 0.949704
1.62331 0.944987
1.62831 0.940297
1.63332 0.935632
1.63832 0.930995
1.64332 0.926384
1.64832 0.921799
1.65333 0.91724
1.65833 0.912708
1.66333 0.908202
1.66833 0.903722
1.67334 0.899268
1.67834 0.89484
1.68334 0.890439
1.68834 0.886063
1.69335 0.881713
1.69835 0.877388
1.70335 0.87309
1.70835 0.868817
1.71336 0.86457
1.71836 0.860348
1.72336 0.856151
1.72836 0.85198
1.73337 0.847834
1.73837 0.843714
1.74337 0.839618
1.74837 0.835547
1.75338 0.831502
1.75838 0.827481
1.76338 0.823485
1.76838 0.819513
1.77339 0.815566
1.77839 0.811644
1.78339 0.807746
1.78839 0.803872
1.7934 0.800023
1.7984 0.796197
1.8034 0.792396
1.8084 0.788618
1.81341 0.784864
1.81841 0.781134
1.82341 0.777428
1.82841 0.773745
1.83342 0.770085
1.83842 0.766449
1.84342 0.762836
1.84842 0.759246
1.85343 0.755679
1.85843 0.752135
1.86343 0.748614
1.86843 0.745115
1.87344 0.741639
1.87844 0.738185
1.88344 0.734754
1.88844 0.731344
1.89345 0.727957
1.89845 0.724592
1.90345 0.721249
1.90845 0.717928
1.91346 0.714628
1.91846 0.71135
1.92346 0.708093
1.92846 0.704858
1.93347 0.701644
1.93847 0.698451
1.94347 0.695279
1.94847 0.692127
1.95348 0.688997
1.95848 0.685887
1.96348 0.682798
1.96848 0.679729
1.97349 0.676681
1.97849 0.673653
1.98349 0.670645
1.98849 0.667657
1.9935 0.664689
1.9985 0.66174
2.0035 0.658811
2.0085 0.655902
2.01351 0.653013
2.01851 0.650142
2.02351 0.647291
2.02851 0.644459
2.03352 0.641646
2.03852 0.638852
2.04352 0.636076
2.04852 0.63332
2.05353 0.630581
2.05853 0.627862
2.06353 0.62516
2.06853 0.622477
2.07354 0.619813
2.07854 0.617166
2.08354 0.614537
2.08854 0.611926
2.09355 0.609333
2.09855 0.606757
2.10355 0.604199
2.10855 0.601658
2.11356 0.599135
2.11856 0.596629
2.12356 0.59414
2.12856 0.591668
2.13357 0.589213
2.13857 0.586775
2.14357 0.584354
2.14857 0.581949
2.15358 0.579561
2.15858 0.57719
2.16358 0.574835
2.16858 0.572496
2.17359 0.570173
2.17859 0.567867
2.18359 0.565577
2.18859 0.563302
2.1936 0.561044
2.1986 0.558801
2.2036 0.556574
2.2086 0.554363
2.21361 0.552167
2.21861 0.549986
2.22361 0.547821
2.22861 0.545672
2.23362 0.543537
2.23862 0.541418
2.24362 0.539313
2.24862 0.537224
2.25363 0.53515
2.25863 0.533091
2.26363 0.531046
2.26863 0.529016
2.27364 0.527001
2.27864 0.525
2.28364 0.523014
2.28864 0.521042
2.29365 0.519085
2.29865 0.517142
2.30365 0.515213
2.30865 0.513298
2.31366 0.511398
2.31866 0.509511
2.32366 0.507639
2.32866 0.505781
2.33367 0.503936
2.33867 0.502105
2.34367 0.500288
2.34867 0.498485
2.35368 0.496696
2.35868 0.49492
2.36368 0.493158
2.36868 0.491409
2.37369 0.489674
2.37869 0.487952
2.38369 0.486243
2.38869 0.484548
2.3937 0.482867
2.3987 0.481198
2.4037 0.479543
2.4087 0.4779
2.41371 0.476271
2.41871 0.474655
2.42371 0.473052
2.42871 0.471462
2.43372 0.469886
2.43872 0.468321
2.44372 0.46677
2.44872 0.465232
2.45373 0.463706
2.45873 0.462194
2.46373 0.460694
2.46873 0.459207
2.47374 0.457732
2.47874 0.45627
2.48374 0.454821
2.48874 0.453384
2.49375 0.45196
2.49875 0.450549
2.50375 0.44915
2.50875 0.447763
2.51376 0.446389
2.51876 0.445027
2.52376 0.443678
2.52876 0.442341
2.53377 0.441017
2.53877 0.439704
2.54377 0.438405
2.54877 0.437117
2.55378 0.435842
2.55878 0.434579
2.56378 0.433328
2.56878 0.432089
2.57379 0.430863
2.57879 0.429649
2.58379 0.428447
2.58879 0.427257
2.5938 0.426079
2.5988 0.424913
2.6038 0.42376
2.6088 0.422618
2.61381 0.421489
2.61881 0.420371
2.62381 0.419266
2.62881 0.418172
2.63382 0.417091
2.63882 0.416021
2.64382 0.414964
2.64882 0.413918
2.65383 0.412884
2.65883 0.411863
2.66383 0.410853
2.66883 0.409855
2.67384 0.408869
2.67884 0.407894
2.68384 0.406932
2.68884 0.405981
2.69385 0.405043
2.69885 0.404116
2.70385 0.4032
2.70885 0.402297
2.71386 0.401405
2.71886 0.400525
2.72386 0.399657
2.72886 0.398801
2.73387 0.397956
2.73887 0.397123
2.74387 0.396302
2.74887 0.395492
2.75388 0.394694
2.75888 0.393908
2.76388 0.393133
2.76888 0.39237
2.77389 0.391618
2.77889 0.390878
2.78389 0.39015
2.78889 0.389433
2.7939 0.388728
2.7989 0.388034
2.8039 0.387352
2.8089 0.386681
2.81391 0.386021
2.81891 0.385374
2.82391 0.384737
2.82891 0.384112
2.83392 0.383499
2.83892 0.382896
2.84392 0.382306
2.84892 0.381726
2.85393 0.381158
2.85893 0.380601
2.86393 0.380056
2.86893 0.379522
2.87394 0.378999
2.87894 0.378487
2.88394 0.377986
2.88894 0.377497
2.89395 0.377019
2.89895 0.376552
2.90395 0.376096
2.90895 0.375652
2.91396 0.375218
2.91896 0.374796
2.92396 0.374384
2.92896 0.373984
2.93397 0.373594
2.93897 0.373216
2.94397 0.372849
2.94897 0.372492
2.95398 0.372146
2.95898 0.371812
2.96398 0.371488
2.96898 0.371175
2.97399 0.370873
2.97899 0.370581
2.98399 0.3703
2.98899 0.37003
2.994 0.369771
2.999 0.369523
3.004 0.369285
3.009 0.369057
3.01401 0.36884
3.01901 0.368634
3.02401 0.368439
3.02901 0.368253
3.03402 0.368079
3.03902 0.367914
3.04402 0.367761
3.04902 0.367617
3.05403 0.367484
3.05903 0.367361
3.06403 0.367249
3.06903 0.367146
3.07404 0.367054
3.07904 0.366973
3.08404 0.366901
3.08904 0.366839
3.09405 0.366788
3.09905 0.366747
3.10405 0.366715
3.10905 0.366694
3.11406 0.366682
3.11906 0.366681
3.12406 0.36669
3.12906 0.366708
3.13407 0.366736
3.13907 0.366774
3.14407 0.366822
3.14907 0.366879
3.15408 0.366947
3.15908 0.367024
3.16408 0.36711
3.16908 0.367207
3.17409 0.367312
3.17909 0.367428
3.18409 0.367553
3.18909 0.367687
3.1941 0.367831
3.1991 0.367984
3.2041 0.368147
3.2091 0.368319
3.21411 0.3685
3.21911 0.368691
3.22411 0.368891
3.22911 0.369101
3.23412 0.369319
3.23912 0.369547
3.24412 0.369784
3.24912 0.37003
3.25413 0.370285
3.25913 0.37055
3.26413 0.370823
3.26913 0.371106
3.27414 0.371397
3.27914 0.371698
3.28414 0.372007
3.28914 0.372326
3.29415 0.372653
3.29915 0.37299
3.30415 0.373335
3.30915 0.373689
3.31416 0.374052
3.31916 0.374424
3.32416 0.374805
3.32916 0.375194
3.33417 0.375593
3.33917 0.376
3.34417 0.376416
3.34917 0.376841
3.35418 0.377274
3.35918 0.377717
3.36418 0.378168
3.36918 0.378627
3.37419 0.379096
3.37919 0.379573
3.38419 0.380059
3.38919 0.380554
3.3942 0.381057
3.3992 0.381569
3.4042 0.38209
3.4092 0.38262
3.41421 0.383158
3.41921 0.383705
3.42421 0.384261
3.42921 0.384825
3.43422 0.385399
3.43922 0.38598
3.44422 0.386571
3.44922 0.387171
3.45423 0.387779
3.45923 0.388396
3.46423 0.389022
3.46923 0.389657
3.47424 0.390301
3.47924 0.390953
3.48424 0.391615
3.48924 0.392285
3.49425 0.392964
3.49925 0.393653
3.50425 0.39435
3.50925 0.395056
3.51426 0.395772
3.51926 0.396496
3.52426 0.39723
3.52926 0.397972
3.53427 0.398724
3.53927 0.399486
3.54427 0.400256
3.54927 0.401036
3.55428 0.401825
3.55928 0.402624
3.56428 0.403432
3.56928 0.404249
3.57429 0.405076
3.57929 0.405913
3.58429 0.40676
3.58929 0.407616
3.5943 0.408481
3.5993 0.409357
3.6043 0.410243
3.6093 0.411138
3.61431 0.412044
3.61931 0.412959
3.62431 0.413885
3.62931 0.414821
3.63432 0.415767
3.63932 0.416723
3.64432 0.41769
3.64932 0.418667
3.65433 0.419655
3.65933 0.420653
3.66433 0.421663
3.66933 0.422683
3.67434 0.423713
3.67934 0.424755
3.68434 0.425808
3.68934 0.426872
3.69435 0.427947
3.69935 0.429033
3.70435 0.43013
3.70935 0.431239
3.71436 0.43236
3.71936 0.433492
3.72436 0.434636
3.72936 0.435792
3.73437 0.436959
3.73937 0.438139
3.74437 0.439331
3.74937 0.440534
3.75438 0.441751
3.75938 0.442979
3.76438 0.44422
3.76938 0.445474
3.77439 0.44674
3.77939 0.448019
3.78439 0.449311
3.78939 0.450616
3.7944 0.451934
3.7994 0.453265
3.8044 0.454609
3.8094 0.455967
3.81441 0.457339
3.81941 0.458724
3.82441 0.460122
3.82941 0.461535
3.83442 0.462961
3.83942 0.464402
3.84442 0.465857
3.84942 0.467326
3.85443 0.468809
3.85943 0.470307
3.86443 0.471819
3.86943 0.473346
3.87444 0.474888
3.87944 0.476445
3.88444 0.478017
3.88944 0.479604
3.89445 0.481207
3.89945 0.482824
3.90445 0.484458
3.90945 0.486106
3.91446 0.487771
3.91946 0.489451
3.92446 0.491147
3.92946 0.492859
3.93447 0.494587
3.93947 0.496332
3.94447 0.498093
3.94947 0.49987
3.95448 0.501664
3.95948 0.503474
3.96448 0.505301
3.96948 0.507145
3.97449 0.509006
3.97949 0.510884
3.98449 0.512779
3.98949 0.514691
3.9945 0.516621
3.9995 0.518568
4.0045 0.520532
4.0095 0.522514
4.01451 0.524514
4.01951 0.526532
4.02451 0.528567
4.02951 0.530621
4.03452 0.532692
4.03952 0.534782
4.04452 0.536889
4.04952 0.539016
4.05453 0.54116
4.05953 0.543323
4.06453 0.545504
4.06953 0.547704
4.07454 0.549923
4.07954 0.552161
4.08454 0.554417
4.08954 0.556692
4.09455 0.558986
4.09955 0.561299
4.10455 0.563631
4.10955 0.565983
4.11456 0.568353
4.11956 0.570743
4.12456 0.573152
4.12956 0.57558
4.13457 0.578028
4.13957 0.580495
4.14457 0.582982
4.14957 0.585489
4.15458 0.588014
4.15958 0.59056
4.16458 0.593125
4.16958 0.59571
4.17459 0.598315
4.17959 0.60094
4.18459 0.603584
4.18959 0.606248
4.1946 0.608932
4.1996 0.611636
4.2046 0.61436
4.2096 0.617104
4.21461 0.619868
4.21961 0.622652
4.22461 0.625456
4.22961 0.62828
4.23462 0.631124
4.23962 0.633988
4.24462 0.636872
4.24962 0.639777
4.25463 0.642701
4.25963 0.645646
4.26463 0.648611
4.26963 0.651596
4.27464 0.654601
4.27964 0.657626
4.28464 0.660672
4.28964 0.663738
4.29465 0.666823
4.29965 0.66993
4.30465 0.673056
4.30965 0.676202
4.31466 0.679369
4.31966 0.682556
4.32466 0.685763
4.32966 0.688991
4.33467 0.692238
4.33967 0.695506
4.34467 0.698794
4.34967 0.702103
4.35468 0.705431
4.35968 0.70878
4.36468 0.712149
4.36968 0.715539
4.37469 0.718948
4.37969 0.722378
4.38469 0.725828
4.38969 0.729299
4.3947 0.73279
4.3997 0.736301
4.4047 0.739833
4.4097 0.743385
4.41471 0.746957
4.41971 0.75055
4.42471 0.754163
4.42971 0.757797
4.43472 0.761452
4.43972 0.765126
4.44472 0.768822
4.44972 0.772538
4.45473 0.776275
4.45973 0.780032
4.46473 0.78381
4.46973 0.78761
4.47474 0.791429
4.47974 0.79527
4.48474 0.799132
4.48974 0.803015
4.49475 0.806919
4.49975 0.810845
4.50475 0.814791
4.50975 0.818759
4.51476 0.822749
4.51976 0.82676
4.52476 0.830792
4.52976 0.834847
4.53477 0.838923
4.53977 0.843021
4.54477 0.847142
4.54977 0.851284
4.55478 0.855449
4.55978 0.859637
4.56478 0.863847
4.56978 0.86808
4.57479 0.872335
4.57979 0.876614
4.58479 0.880916
4.58979 0.885241
4.5948 0.88959
4.5998 0.893962
4.6048 0.898359
4.6098 0.902779
4.61481 0.907224
4.61981 0.911693
4.62481 0.916186
4.62981 0.920705
4.63482 0.925248
4.63982 0.929816
4.64482 0.93441
4.64982 0.939029
4.65483 0.943675
4.65983 0.948346
4.66483 0.953043
4.66983 0.957767
4.67484 0.962517
4.67984 0.967294
4.68484 0.972098
4.68984 0.976929
4.69485 0.981788
4.69985 0.986674
4.70485 0.991588
4.70985 0.99653
4.71486 1.0015
4.71986 1.0065
4.72486 1.01153
4.72986 1.01658
4.73487 1.02167
4.73987 1.02678
4.74487 1.03192
4.74987 1.0371
4.75488 1.0423
4.75988 1.04753
4.76488 1.05279
4.76988 1.05808
4.77489 1.0634
4.77989 1.06875
4.78489 1.07413
4.78989 1.07954
4.7949 1.08498
4.7999 1.09045
4.8049 1.09595
4.8099 1.10147
4.81491 1.10703
4.81991 1.11262
4.82491 1.11823
4.82991 1.12388
4.83492 1.12955
4.83992 1.13525
4.84492 1.14098
4.84992 1.14674
4.85493 1.15252
4.85993 1.15833
4.86493 1.16416
4.86993 1.17002
4.87494 1.1759
4.87994 1.18181
4.88494 1.18774
4.88994 1.19369
4.89495 1.19966
4.89995 1.20565
4.90495 1.21166
4.90995 1.21769
4.91496 1.22373
4.91996 1.22979
4.92496 1.23586
4.92996 1.24194
4.93497 1.24803
4.93997 1.25412
4.94497 1.26023
4.94997 1.26633
4.95498 1.27244
4.95998 1.27854
4.96498 1.28464
4.96998 1.29074
4.97499 1.29682
4.97999 1.30289
4.98499 1.30895
4.98999 1.31498
4.995 1.321
5 1.32698
