-3 0.371579
-2.99399 0.371579
-2.98799 0.371579
-2.98198 0.371579
-2.97598 0.371579
-2.96997 0.371579
-2.96396 0.371579
-2.95796 0.371579
-2.95195 0.371579
-2.94595 0.371579
-2.93994 0.371579
-2.93393 0.371579
-2.92793 0.371579
-2.92192 0.371579
-2.91592 0.371579
-2.90991 0.371579
-2.9039 0.371579
-2.8979 0.371579
-2.89189 0.371579
-2.88589 0.371579
-2.87988 0.371579
-2.87387 0.371579
-2.86787 0.371579
-2.86186 0.371579
-2.85586 0.371579
-2.84985 0.371579
-2.84384 0.371579
-2.83784 0.371579
-2.83183 0.371579
-2.82583 0.371579
-2.81982 0.371579
-2.81381 0.371579
-2.80781 0.371579
-2.8018 0.371579
-2.7958 0.371579
-2.78979 0.371579
-2.78378 0.371579
-2.77778 0.371579
-2.77177 0.371579
-2.76577 0.371579
-2.75976 0.371579
-2.75375 0.371579
-2.74775 0.371579
-2.74174 0.371579
-2.73574 0.371579
-2.72973 0.371579
-2.72372 0.371579
-2.71772 0.371579
-2.71171 0.371579
-2.70571 0.371579
-2.6997 0.371579
-2.69369 0.371579
-2.68769 0.371579
-2.68168 0.371579
-2.67568 0.371579
-2.66967 0.371579
-2.66366 0.371579
-2.65766 0.371579
-2.65165 0.371579
-2.64565 0.371579
-2.63964 0.371579
-2.63363 0.371579
-2.62763 0.371579
-2.62162 0.371579
-2.61562 0.371579
-2.60961 0.371579
-2.6036 0.371579
-2.5976 0.371579
-2.59159 0.371579
-2.58559 0.371579
-2.57958 0.371579
-2.57357 0.371579
-2.56757 0.371579
-2.56156 0.371579
-2.55556 0.371579
-2.54955 0.371579
-2.54354 0.371579
-2.53754 0.371579
-2.53153 0.371579
-2.52553 0.371579
-2.51952 0.371579
-2.51351 0.371579
-2.50751 0.371579
-2.5015 0.371579
-2.4955 0.371579
-2.48949 0.371579
-2.48348 0.371579
-2.47748 0.371579
-2.47147 0.371579
-2.46547 0.371579
-2.45946 0.371579
-2.45345 0.371579
-2.44745 0.371579
-2.44144 0.371579
-2.43544 0.371579
-2.42943 0.371579
-2.42342 0.371579
-2.41742 0.371579
-2.41141 0.371579
-2.40541 0.371579
-2.3994 0.371579
-2.39339 0.371579
-2.38739 0.371579
-2.38138 0.371579
-2.37538 0.371579
-2.36937 0.371579
-2.36336 0.371579
-2.35736 0.371579
-2.35135 0.371579
-2.34535 0.371579
-2.33934 0.371579
-2.33333 0.371579
-2.32733 0.371579
-2.32132 0.371579
-2.31532 0.371579
-2.30931 0.371579
-2.3033 0.371579
-2.2973 0.371579
-2.29129 0.371579
-2.28529 0.371579
-2.27928 0.371579
-2.27327 0.371579
-2.26727 0.371579
-2.26126 0.371579
-2.25526 0.371579
-2.24925 0.371579
-2.24324 0.371579
-2.23724 0.371579
-2.23123 0.371579
-2.22523 0.371579
-2.21922 0.371579
-2.21321 0.371579
-2.20721 0.371579
-2.2012 0.371579
-2.1952 0.371579
-2.18919 0.371579
-2.18318 0.371579
-2.17718 0.371579
-2.17117 0.371579
-2.16517 0.371579
-2.15916 0.371579
-2.15315 0.371579
-2.14715 0.371579
-2.14114 0.371579
-2.13514 0.371579
-2.12913 0.371579
-2.12312 0.371579
-2.11712 0.371579
-2.11111 0.371579
-2.10511 0.371579
-2.0991 0.371579
-2.09309 0.371579
-2.08709 0.371579
-2.08108 0.371579
-2.07508 0.371579
-2.06907 0.371579
-2.06306 0.371579
-2.05706 0.371579
-2.05105 0.371579
-2.04505 0.371579
-2.03904 0.371579
-2.03303 0.371579
-2.02703 0.371579
-2.02102 0.371579
-2.01502 0.371579
-2.00901 0.371579
-2.003 0.371579
-1.997 0.371579
-1.99099 0.371579
-1.98498 0.371579
-1.97898 0.371579
-1.97297 0.371579
-1.96697 0.371579
-1.96096 0.371579
-1.95495 0.371579
-1.94895 0.371579
-1.94294 0.371579
-1.93694 0.371579
-1.93093 0.371579
-1.92492 0.371579
-1.91892 0.371579
-1.91291 0.371579
-1.90691 0.371579
-1.9009 0.371579
-1.89489 0.371579
-1.88889 0.371579
-1.88288 0.371579
-1.87688 0.371579
-1.87087 0.371579
-1.86486 0.371579
-1.85886 0.371579
-1.85285 0.371579
-1.84685 0.371579
-1.84084 0.371579
-1.83483 0.371579
-1.82883 0.371579
-1.82282 0.371579
-1.81682 0.371579
-1.81081 0.371579
-1.8048 0.371579
-1.7988 0.371579
-1.79279 0.371579
-1.78679 0.371579
-1.78078 0.371579
-1.77477 0.371579
-1.76877 0.371579
-1.76276 0.371579
-1.75676 0.371579
-1.75075 0.371579
-1.74474 0.371579
-1.73874 0.371579
-1.73273 0.371579
-1.72673 0.371579
-1.72072 0.371579
-1.71471 0.371579
-1.70871 0.371579
-1.7027 0.371579
-1.6967 0.371579
-1.69069 0.371579
-1.68468 0.371579
-1.67868 0.371579
-1.67267 0.371579
-1.66667 0.371579
-1.66066 0.371579
-1.65465 0.371579
-1.64865 0.371579
-1.64264 0.371579
-1.63664 0.371579
-1.63063 0.371579
-1.62462 0.371579
-1.61862 0.371579
-1.61261 0.371579
-1.60661 0.371579
-1.6006 0.371579
-1.59459 0.371579
-1.58859 0.371579
-1.58258 0.371579
-1.57658 0.371579
-1.57057 0.371579
-1.56456 0.371579
-1.55856 0.371579
-1.55255 0.371579
-1.54655 0.371579
-1.54054 0.371579
-1.53453 0.371579
-1.52853 0.371579
-1.52252 0.371579
-1.51652 0.371579
-1.51051 0.371579
-1.5045 0.371579
-1.4985 0.371579
-1.49249 0.371579
-1.48649 0.371579
-1.48048 0.371579
-1.47447 0.371579
-1.46847 0.371579
-1.46246 0.371579
-1.45646 0.371579
-1.45045 0.371579
-1.44444 0.371579
-1.43844 0.371579
-1.43243 0.371579
-1.42643 0.371579
-1.42042 0.371579
-1.41441 0.371579
-1.40841 0.371579
-1.4024 0.371579
-1.3964 0.371579
-1.39039 0.371579
-1.38438 0.371579
-1.37838 0.371579
-1.37237 0.371579
-1.36637 0.371579
-1.36036 0.371579
-1.35435 0.371579
-1.34835 0.371579
-1.34234 0.371579
-1.33634 0.371579
-1.33033 0.371579
-1.32432 0.371579
-1.31832 0.371579
-1.31231 0.371579
-1.30631 0.371579
-1.3003 0.371579
-1.29429 0.371579
-1.28829 0.371579
-1.28228 0.371579
-1.27628 0.371579
-1.27027 0.371579
-1.26426 0.371579
-1.25826 0.371579
-1.25225 0.371579
-1.24625 0.371579
-1.24024 0.371579
-1.23423 0.371579
-1.22823 0.371579
-1.22222 0.371579
-1.21622 0.371579
-1.21021 0.371579
-1.2042 0.371579
-1.1982 0.371579
-1.19219 0.371579
-1.18619 0.371579
-1.18018 0.371579
-1.17417 0.371579
-1.16817 0.371579
-1.16216 0.371579
-1.15616 0.371579
-1.15015 0.371579
-1.14414 0.371579
-1.13814 0.371579
-1.13213 0.371579
-1.12613 0.371579
-1.12012 0.371579
-1.11411 0.371579
-1.10811 0.371579
-1.1021 0.371579
-1.0961 0.371579
-1.09009 0.371579
-1.08408 0.371579
-1.07808 0.371579
-1.07207 0.371579
-1.06607 0.371579
-1.06006 0.371579
-1.05405 0.371579
-1.04805 0.371579
-1.04204 0.371579
-1.03604 0.371579
-1.03003 0.371579
-1.02402 0.371579
-1.01802 0.371579
-1.01201 0.371579
-1.00601 0.371579
-1 0.371579
-0.993994 0.371579
-0.987988 0.371579
-0.981982 0.371579
-0.975976 0.371579
-0.96997 0.371579
-0.963964 0.371579
-0.957958 0.371579
-0.951952 0.371579
-0.945946 0.371579
-0.93994 0.371579
-0.933934 0.371579
-0.927928 0.371579
-0.921922 0.371579
-0.915916 0.371579
-0.90991 0.371579
-0.903904 0.371579
-0.897898 0.371579
-0.891892 0.371579
-0.885886 0.371579
-0.87988 0.371579
-0.873874 0.371579
-0.867868 0.371579
-0.861862 0.371579
-0.855856 0.371579
-0.84985 0.371579
-0.843844 0.371579
-0.837838 0.371579
-0.831832 0.371579
-0.825826 0.371579
-0.81982 0.371579
-0.813814 0.371579
-0.807808 0.371579
-0.801802 0.371579
-0.795796 0.371579
-0.78979 0.371579
-0.783784 0.371579
-0.777778 0.371579
-0.771772 0.371579
-0.765766 0.371579
-0.75976 0.371579
-0.753754 0.371579
-0.747748 0.371579
-0.741742 0.371579
-0.735736 0.371579
-0.72973 0.371579
-0.723724 0.371579
-0.717718 0.371579
-0.711712 0.371579
-0.705706 0.371579
-0.6997 0.371579
-0.693694 0.371579
-0.687688 0.371579
-0.681682 0.371579
-0.675676 0.371579
-0.66967 0.371579
-0.663664 0.371579
-0.657658 0.371579
-0.651652 0.371579
-0.645646 0.371579
-0.63964 0.371579
-0.633634 0.371579
-0.627628 0.371579
-0.621622 0.371579
-0.615616 0.371579
-0.60961 0.371579
-0.603604 0.371579
-0.597598 0.371579
-0.591592 0.371579
-0.585586 0.371579
-0.57958 0.371579
-0.573574 0.371579
-0.567568 0.371579
-0.561562 0.371579
-0.555556 0.371579
-0.54955 0.371579
-0.543544 0.371579
-0.537538 0.371579
-0.531532 0.371579
-0.525526 0.371579
-0.51952 0.371579
-0.513514 0.371579
-0.507508 0.371579
-0.501502 0.371579
-0.495495 0.371579
-0.489489 0.371579
-0.483483 0.371579
-0.477477 0.371579
-0.471471 0.371579
-0.465465 0.371579
-0.459459 0.371579
-0.453453 0.371579
-0.447447 0.371579
-0.441441 0.371579
-0.435435 0.371579
-0.429429 0.371579
-0.423423 0.371579
-0.417417 0.371579
-0.411411 0.371579
-0.405405 0.371579
-0.399399 0.371579
-0.393393 0.371579
-0.387387 0.371579
-0.381381 0.371579
-0.375375 0.371579
-0.369369 0.371579
-0.363363 0.371579
-0.357357 0.371579
-0.351351 0.371579
-0.345345 0.371579
-0.339339 0.371579
-0.333333 0.371579
-0.327327 0.371579
-0.321321 0.371579
-0.315315 0.371579
-0.309309 0.371579
-0.303303 0.371579
-0.297297 0.371579
-0.291291 0.371579
-0.285285 0.371579
-0.279279 0.371579
-0.273273 0.371579
-0.267267 0.371579
-0.261261 0.371579
-0.255255 0.371579
-0.249249 0.371579
-0.243243 0.371579
-0.237237 0.371579
-0.231231 0.371579
-0.225225 0.371579
-0.219219 0.371579
-0.213213 0.371579
-0.207207 0.371579
-0.201201 0.371579
-0.195195 0.371579
-0.189189 0.371579
-0.183183 0.371579
-0.177177 0.371579
-0.171171 0.371579
-0.165165 0.371579
-0.159159 0.371579
-0.153153 0.371579
-0.147147 0.371579
-0.141141 0.371579
-0.135135 0.371579
-0.129129 0.371579
-0.123123 0.371579
-0.117117 0.371579
-0.111111 0.371579
-0.105105 0.371579
-0.0990991 0.371579
-0.0930931 0.371579
-0.0870871 0.371579
-0.0810811 0.371579
-0.0750751 0.371579
-0.0690691 0.371579
-0.0630631 0.371579
-0.0570571 0.371579
-0.0510511 0.371579
-0.045045 0.371579
-0.039039 0.371579
-0.033033 0.371579
-0.027027 0.371579
-0.021021 0.371579
-0.015015 0.371579
-0.00900901 0.371579
-0.003003 0.371579
0.003003 0.371579
0.00900901 0.371579
0.015015 0.371579
0.021021 0.371579
0.027027 0.371579
0.033033 0.371579
0.039039 0.371579
0.045045 0.371579
0.0510511 0.371579
0.0570571 0.371579
0.0630631 0.371579
0.0690691 0.371579
0.0750751 0.371579
0.0810811 0.371579
0.0870871 0.371579
0.0930931 0.371579
0.0990991 0.371579
0.105105 0.371579
0.111111 0.371579
0.117117 0.371579
0.123123 0.371579
0.129129 0.371579
0.135135 0.371579
0.141141 0.371579
0.147147 0.371579
0.153153 0.371579
0.159159 0.371579
0.165165 0.371579
0.171171 0.371579
0.177177 0.371579
0.183183 0.371579
0.189189 0.371579
0.195195 0.371579
0.201201 0.371579
0.207207 0.371579
0.213213 0.371579
0.219219 0.371579
0.225225 0.371579
0.231231 0.371579
0.237237 0.371579
0.243243 0.371579
0.249249 0.371579
0.255255 0.371579
0.261261 0.371579
0.267267 0.371579
0.273273 0.371579
0.279279 0.371579
0.285285 0.371579
0.291291 0.371579
0.297297 0.371579
0.303303 0.371579
0.309309 0.371579
0.315315 0.371579
0.321321 0.371579
0.327327 0.371579
0.333333 0.371579
0.339339 0.371579
0.345345 0.371579
0.351351 0.371579
0.357357 0.371579
0.363363 0.371579
0.369369 0.371579
0.375375 0.371579
0.381381 0.371579
0.387387 0.371579
0.393393 0.371579
0.399399 0.371579
0.405405 0.371579
0.411411 0.371579
0.417417 0.371579
0.423423 0.371579
0.429429 0.371579
0.435435 0.371579
0.441441 0.371579
0.447447 0.371579
0.453453 0.371579
0.459459 0.371579
0.465465 0.371579
0.471471 0.371579
0.477477 0.371579
0.483483 0.371579
0.489489 0.371579
0.495495 0.371579
0.501502 0.371579
0.507508 0.371579
0.513514 0.371579
0.51952 0.371579
0.525526 0.371579
0.531532 0.371579
0.537538 0.371579
0.543544 0.371579
0.54955 0.371579
0.555556 0.371579
0.561562 0.371579
0.567568 0.371579
0.573574 0.371579
0.57958 0.371579
0.585586 0.371579
0.591592 0.371579
0.597598 0.371579
0.603604 0.371579
0.60961 0.371579
0.615616 0.371579
0.621622 0.371579
0.627628 0.371579
0.633634 0.371579
0.63964 0.371579
0.645646 0.371579
0.651652 0.371579
0.657658 0.371579
0.663664 0.371579
0.66967 0.371579
0.675676 0.371579
0.681682 0.371579
0.687688 0.371579
0.693694 0.371579
0.6997 0.371579
0.705706 0.371579
0.711712 0.371579
0.717718 0.371579
0.723724 0.371579
0.72973 0.371579
0.735736 0.371579
0.741742 0.371579
0.747748 0.371579
0.753754 0.371579
0.75976 0.371579
0.765766 0.371579
0.771772 0.371579
0.777778 0.371579
0.783784 0.371579
0.78979 0.371579
0.795796 0.371579
0.801802 0.371579
0.807808 0.371579
0.813814 0.371579
0.81982 0.371579
0.825826 0.371579
0.831832 0.371579
0.837838 0.371579
0.843844 0.371579
0.84985 0.371579
0.855856 0.371579
0.861862 0.371579
0.867868 0.371579
0.873874 0.371579
0.87988 0.371579
0.885886 0.371579
0.891892 0.371579
0.897898 0.371579
0.903904 0.371579
0.90991 0.371579
0.915916 0.371579
0.921922 0.371579
0.927928 0.371579
0.933934 0.371579
0.93994 0.371579
0.945946 0.371579
0.951952 0.371579
0.957958 0.371579
0.963964 0.371579
0.96997 0.371579
0.975976 0.371579
0.981982 0.371579
0.987988 0.371579
0.993994 0.371579
1 0.371579
1.00601 0.371579
1.01201 0.371579
1.01802 0.371579
1.02402 0.371579
1.03003 0.371579
1.03604 0.371579
1.04204 0.371579
1.04805 0.371579
1.05405 0.371579
1.06006 0.371579
1.06607 0.371579
1.07207 0.371579
1.07808 0.371579
1.08408 0.371579
1.09009 0.371579
1.0961 0.371579
1.1021 0.371579
1.10811 0.371579
1.11411 0.371579
1.12012 0.371579
1.12613 0.371579
1.13213 0.371579
1.13814 0.371579
1.14414 0.371579
1.15015 0.371579
1.15616 0.371579
1.16216 0.371579
1.16817 0.371579
1.17417 0.371579
1.18018 0.371579
1.18619 0.371579
1.19219 0.371579
1.1982 0.371579
1.2042 0.371579
1.21021 0.371579
1.21622 0.371579
1.22222 0.371579
1.22823 0.371579
1.23423 0.371579
1.24024 0.371579
1.24625 0.371579
1.25225 0.371579
1.25826 0.371579
1.26426 0.371579
1.27027 0.371579
1.27628 0.371579
1.28228 0.371579
1.28829 0.371579
1.29429 0.371579
1.3003 0.371579
1.30631 0.371579
1.31231 0.371579
1.31832 0.371579
1.32432 0.371579
1.33033 0.371579
1.33634 0.371579
1.34234 0.371579
1.34835 0.371579
1.35435 0.371579
1.36036 0.371579
1.36637 0.371579
1.37237 0.371579
1.37838 0.371579
1.38438 0.371579
1.39039 0.371579
1.3964 0.371579
1.4024 0.371579
1.40841 0.371579
1.41441 0.371579
1.42042 0.371579
1.42643 0.371579
1.43243 0.371579
1.43844 0.371579
1.44444 0.371579
1.45045 0.371579
1.45646 0.371579
1.46246 0.371579
1.46847 0.371579
1.47447 0.371579
1.48048 0.371579
1.48649 0.371579
1.49249 0.371579
1.4985 0.371579
1.5045 0.371579
1.51051 0.371579
1.51652 0.371579
1.52252 0.371579
1.52853 0.371579
1.53453 0.371579
1.54054 0.371579
1.54655 0.371579
1.55255 0.371579
1.55856 0.371579
1.56456 0.371579
1.57057 0.371579
1.57658 0.371579
1.58258 0.371579
1.58859 0.371579
1.59459 0.371579
1.6006 0.371579
1.60661 0.371579
1.61261 0.371579
1.61862 0.371579
1.62462 0.371579
1.63063 0.371579
1.63664 0.371579
1.64264 0.371579
1.64865 0.371579
1.65465 0.371579
1.66066 0.371579
1.66667 0.371579
1.67267 0.371579
1.67868 0.371579
1.68468 0.371579
1.69069 0.371579
1.6967 0.371579
1.7027 0.371579
1.70871 0.371579
1.71471 0.371579
1.72072 0.371579
1.72673 0.371579
1.73273 0.371579
1.73874 0.371579
1.74474 0.371579
1.75075 0.371579
1.75676 0.371579
1.76276 0.371579
1.76877 0.371579
1.77477 0.371579
1.78078 0.371579
1.78679 0.371579
1.79279 0.371579
1.7988 0.371579
1.8048 0.371579
1.81081 0.371579
1.81682 0.371579
1.82282 0.371579
1.82883 0.371579
1.83483 0.371579
1.84084 0.371579
1.84685 0.371579
1.85285 0.371579
1.85886 0.371579
1.86486 0.371579
1.87087 0.371579
1.87688 0.371579
1.88288 0.371579
1.88889 0.371579
1.89489 0.371579
1.9009 0.371579
1.90691 0.371579
1.91291 0.371579
1.91892 0.371579
1.92492 0.371579
1.93093 0.371579
1.93694 0.371579
1.94294 0.371579
1.94895 0.371579
1.95495 0.371579
1.96096 0.371579
1.96697 0.371579
1.97297 0.371579
1.97898 0.371579
1.98498 0.371579
1.99099 0.371579
1.997 0.371579
2.003 0.371579
2.00901 0.371579
2.01502 0.371579
2.02102 0.371579
2.02703 0.371579
2.03303 0.371579
2.03904 0.371579
2.04505 0.371579
2.05105 0.371579
2.05706 0.371579
2.06306 0.371579
2.06907 0.371579
2.07508 0.371579
2.08108 0.371579
2.08709 0.371579
2.09309 0.371579
2.0991 0.371579
2.10511 0.371579
2.11111 0.371579
2.11712 0.371579
2.12312 0.371579
2.12913 0.371579
2.13514 0.371579
2.14114 0.371579
2.14715 0.371579
2.15315 0.371579
2.15916 0.371579
2.16517 0.371579
2.17117 0.371579
2.17718 0.371579
2.18318 0.371579
2.18919 0.371579
2.1952 0.371579
2.2012 0.371579
2.20721 0.371579
2.21321 0.371579
2.21922 0.371579
2.22523 0.371579
2.23123 0.371579
2.23724 0.371579
2.24324 0.371579
2.24925 0.371579
2.25526 0.371579
2.26126 0.371579
2.26727 0.371579
2.27327 0.371579
2.27928 0.371579
2.28529 0.371579
2.29129 0.371579
2.2973 0.371579
2.3033 0.371579
2.30931 0.371579
2.31532 0.371579
2.32132 0.371579
2.32733 0.371579
2.33333 0.371579
2.33934 0.371579
2.34535 0.371579
2.35135 0.371579
2.35736 0.371579
2.36336 0.371579
2.36937 0.371579
2.37538 0.371579
2.38138 0.371579
2.38739 0.371579
2.39339 0.371579
2.3994 0.371579
2.40541 0.371579
2.41141 0.371579
2.41742 0.371579
2.42342 0.371579
2.42943 0.371579
2.43544 0.371579
2.44144 0.371579
2.44745 0.371579
2.45345 0.371579
2.45946 0.371579
2.46547 0.371579
2.47147 0.371579
2.47748 0.371579
2.48348 0.371579
2.48949 0.371579
2.4955 0.371579
2.5015 0.371579
2.50751 0.371579
2.51351 0.371579
2.51952 0.371579
2.52553 0.371579
2.53153 0.371579
2.53754 0.371579
2.54354 0.371579
2.54955 0.371579
2.55556 0.371579
2.56156 0.371579
2.56757 0.371579
2.57357 0.371579
2.57958 0.371579
2.58559 0.371579
2.59159 0.371579
2.5976 0.371579
2.6036 0.371579
2.60961 0.371579
2.61562 0.371579
2.62162 0.371579
2.62763 0.371579
2.63363 0.371579
2.63964 0.371579
2.64565 0.371579
2.65165 0.371579
2.65766 0.371579
2.66366 0.371579
2.66967 0.371579
2.67568 0.371579
2.68168 0.371579
2.68769 0.371579
2.69369 0.371579
2.6997 0.371579
2.70571 0.371579
2.71171 0.371579
2.71772 0.371579
2.72372 0.371579
2.72973 0.371579
2.73574 0.371579
2.74174 0.371579
2.74775 0.371579
2.75375 0.371579
2.75976 0.371579
2.76577 0.371579
2.77177 0.371579
2.77778 0.371579
2.78378 0.371579
2.78979 0.371579
2.7958 0.371579
2.8018 0.371579
2.80781 0.371579
2.81381 0.371579
2.81982 0.371579
2.82583 0.371579
2.83183 0.371579
2.83784 0.371579
2.84384 0.371579
2.84985 0.371579
2.85586 0.371579
2.86186 0.371579
2.86787 0.371579
2.87387 0.371579
2.87988 0.371579
2.88589 0.371579
2.89189 0.371579
2.8979 0.371579
2.9039 0.371579
2.90991 0.371579
2.91592 0.371579
2.92192 0.371579
2.92793 0.371579
2.93393 0.371579
2.93994 0.371579
2.94595 0.371579
2.95195 0.371579
2.95796 0.371579
2.96396 0.371579
2.96997 0.371579
2.97598 0.371579
2.98198 0.371579
2.98799 0.371579
2.99399 0.371579
3 0.371579
