-5 1.32798
-4.995 1.33076
-4.98999 1.33354
-4.98499 1.33632
-4.97999 1.33909
-4.97499 1.34186
-4.96998 1.34463
-4.96498 1.34739
-4.95998 1.35015
-4.95498 1.35291
-4.94997 1.35566
-4.94497 1.35842
-4.93997 1.36117
-4.93497 1.36391
-4.92996 1.36666
-4.92496 1.3694
-4.91996 1.37214
-4.91496 1.37488
-4.90995 1.37761
-4.90495 1.38034
-4.89995 1.38307
-4.89495 1.38579
-4.88994 1.38851
-4.88494 1.39123
-4.87994 1.39395
-4.87494 1.39666
-4.86993 1.39938
-4.86493 1.40208
-4.85993 1.40479
-4.85493 1.40749
-4.84992 1.41019
-4.84492 1.41289
-4.83992 1.41558
-4.83492 1.41827
-4.82991 1.42096
-4.82491 1.42365
-4.81991 1.42633
-4.81491 1.42901
-4.8099 1.43169
-4.8049 1.43436
-4.7999 1.43704
-4.7949 1.43971
-4.78989 1.44237
-4.78489 1.44504
-4.77989 1.4477
-4.77489 1.45036
-4.76988 1.45301
-4.76488 1.45566
-4.75988 1.45831
-4.75488 1.46096
-4.74987 1.4636
-4.74487 1.46625
-4.73987 1.46888
-4.73487 1.47152
-4.72986 1.47415
-4.72486 1.47678
-4.71986 1.47941
-4.71486 1.48204
-4.70985 1.48466
-4.70485 1.48728
-4.69985 1.48989
-4.69485 1.49251
-4.68984 1.49512
-4.68484 1.49773
-4.67984 1.50033
-4.67484 1.50293
-4.66983 1.50553
-4.66483 1.50813
-4.65983 1.51072
-4.65483 1.51332
-4.64982 1.5159
-4.64482 1.51849
-4.63982 1.52107
-4.63482 1.52365
-4.62981 1.52623
-4.62481 1.5288
-4.61981 1.53138
-4.61481 1.53395
-4.6098 1.53651
-4.6048 1.53908
-4.5998 1.54164
-4.5948 1.54419
-4.58979 1.54675
-4.58479 1.5493
-4.57979 1.55185
-4.57479 1.5544
-4.56978 1.55694
-4.56478 1.55948
-4.55978 1.56202
-4.55478 1.56456
-4.54977 1.56709
-4.54477 1.56962
-4.53977 1.57215
-4.53477 1.57467
-4.52976 1.57719
-4.52476 1.57971
-4.51976 1.58223
-4.51476 1.58474
-4.50975 1.58725
-4.50475 1.58976
-4.49975 1.59227
-4.49475 1.59477
-4.48974 1.59727
-4.48474 1.59976
-4.47974 1.60226
-4.47474 1.60475
-4.46973 1.60724
-4.46473 1.60972
-4.45973 1.61221
-4.45473 1.61469
-4.44972 1.61716
-4.44472 1.61964
-4.43972 1.62211
-4.43472 1.62458
-4.42971 1.62704
-4.42471 1.62951
-4.41971 1.63197
-4.41471 1.63443
-4.4097 1.63688
-4.4047 1.63933
-4.3997 1.64178
-4.3947 1.64423
-4.38969 1.64667
-4.38469 1.64911
-4.37969 1.65155
-4.37469 1.65399
-4.36968 1.65642
-4.36468 1.65885
-4.35968 1.66128
-4.35468 1.6637
-4.34967 1.66612
-4.34467 1.66854
-4.33967 1.67096
-4.33467 1.67337
-4.32966 1.67578
-4.32466 1.67819
-4.31966 1.68059
-4.31466 1.683
-4.30965 1.6854
-4.30465 1.68779
-4.29965 1.69019
-4.29465 1.69258
-4.28964 1.69496
-4.28464 1.69735
-4.27964 1.69973
-4.27464 1.70211
-4.26963 1.70449
-4.26463 1.70686
-4.25963 1.70923
-4.25463 1.7116
-4.24962 1.71397
-4.24462 1.71633
-4.23962 1.71869
-4.23462 1.72105
-4.22961 1.7234
-4.22461 1.72576
-4.21961 1.72811
-4.21461 1.73045
-4.2096 1.7328
-4.2046 1.73514
-4.1996 1.73747
-4.1946 1.73981
-4.18959 1.74214
-4.18459 1.74447
-4.17959 1.7468
-4.17459 1.74912
-4.16958 1.75144
-4.16458 1.75376
-4.15958 1.75608
-4.15458 1.75839
-4.14957 1.7607
-4.14457 1.76301
-4.13957 1.76531
-4.13457 1.76762
-4.12956 1.76992
-4.12456 1.77221
-4.11956 1.7745
-4.11456 1.7768
-4.10955 1.77908
-4.10455 1.78137
-4.09955 1.78365
-4.09455 1.78593
-4.08954 1.78821
-4.08454 1.79048
-4.07954 1.79275
-4.07454 1.79502
-4.06953 1.79729
-4.06453 1.79955
-4.05953 1.80181
-4.05453 1.80407
-4.04952 1.80632
-4.04452 1.80857
-4.03952 1.81082
-4.03452 1.81307
-4.02951 1.81531
-4.02451 1.81755
-4.01951 1.81979
-4.01451 1.82203
-4.0095 1.82426
-4.0045 1.82649
-3.9995 1.82871
-3.9945 1.83094
-3.98949 1.83316
-3.98449 1.83538
-3.97949 1.83759
-3.97449 1.83981
-3.96948 1.84202
-3.96448 1.84422
-3.95948 1.84643
-3.95448 1.84863
-3.94947 1.85083
-3.94447 1.85302
-3.93947 1.85522
-3.93447 1.85741
-3.92946 1.8596
-3.92446 1.86178
-3.91946 1.86396
-3.91446 1.86614
-3.90945 1.86832
-3.90445 1.87049
-3.89945 1.87266
-3.89445 1.87483
-3.88944 1.877
-3.88444 1.87916
-3.87944 1.88132
-3.87444 1.88348
-3.86943 1.88563
-3.86443 1.88778
-3.85943 1.88993
-3.85443 1.89208
-3.84942 1.89422
-3.84442 1.89636
-3.83942 1.8985
-3.83442 1.90063
-3.82941 1.90277
-3.82441 1.90489
-3.81941 1.90702
-3.81441 1.90915
-3.8094 1.91127
-3.8044 1.91338
-3.7994 1.9155
-3.7944 1.91761
-3.78939 1.91972
-3.78439 1.92183
-3.77939 1.92393
-3.77439 1.92603
-3.76938 1.92813
-3.76438 1.93023
-3.75938 1.93232
-3.75438 1.93441
-3.74937 1.9365
-3.74437 1.93858
-3.73937 1.94067
-3.73437 1.94275
-3.72936 1.94482
-3.72436 1.9469
-3.71936 1.94897
-3.71436 1.95104
-3.70935 1.9531
-3.70435 1.95516
-3.69935 1.95722
-3.69435 1.95928
-3.68934 1.96133
-3.68434 1.96338
-3.67934 1.96543
-3.67434 1.96748
-3.66933 1.96952
-3.66433 1.97156
-3.65933 1.9736
-3.65433 1.97563
-3.64932 1.97767
-3.64432 1.9797
-3.63932 1.98172
-3.63432 1.98375
-3.62931 1.98577
-3.62431 1.98778
-3.61931 1.9898
-3.61431 1.99181
-3.6093 1.99382
-3.6043 1.99583
-3.5993 1.99783
-3.5943 1.99983
-3.58929 2.00183
-3.58429 2.00383
-3.57929 2.00582
-3.57429 2.00781
-3.56928 2.0098
-3.56428 2.01178
-3.55928 2.01376
-3.55428 2.01574
-3.54927 2.01772
-3.54427 2.01969
-3.53927 2.02166
-3.53427 2.02363
-3.52926 2.0256
-3.52426 2.02756
-3.51926 2.02952
-3.51426 2.03147
-3.50925 2.03343
-3.50425 2.03538
-3.49925 2.03733
-3.49425 2.03927
-3.48924 2.04122
-3.48424 2.04316
-3.47924 2.04509
-3.47424 2.04703
-3.46923 2.04896
-3.46423 2.05089
-3.45923 2.05281
-3.45423 2.05474
-3.44922 2.05666
-3.44422 2.05858
-3.43922 2.06049
-3.43422 2.0624
-3.42921 2.06431
-3.42421 2.06622
-3.41921 2.06812
-3.41421 2.07002
-3.4092 2.07192
-3.4042 2.07382
-3.3992 2.07571
-3.3942 2.0776
-3.38919 2.07949
-3.38419 2.08137
-3.37919 2.08325
-3.37419 2.08513
-3.36918 2.08701
-3.36418 2.08888
-3.35918 2.09075
-3.35418 2.09262
-3.34917 2.09448
-3.34417 2.09635
-3.33917 2.09821
-3.33417 2.10006
-3.32916 2.10192
-3.32416 2.10377
-3.31916 2.10562
-3.31416 2.10746
-3.30915 2.1093
-3.30415 2.11114
-3.29915 2.11298
-3.29415 2.11481
-3.28914 2.11665
-3.28414 2.11847
-3.27914 2.1203
-3.27414 2.12212
-3.26913 2.12394
-3.26413 2.12576
-3.25913 2.12758
-3.25413 2.12939
-3.24912 2.1312
-3.24412 2.133
-3.23912 2.13481
-3.23412 2.13661
-3.22911 2.13841
-3.22411 2.1402
-3.21911 2.14199
-3.21411 2.14378
-3.2091 2.14557
-3.2041 2.14736
-3.1991 2.14914
-3.1941 2.15091
-3.18909 2.15269
-3.18409 2.15446
-3.17909 2.15623
-3.17409 2.158
-3.16908 2.15977
-3.16408 2.16153
-3.15908 2.16329
-3.15408 2.16504
-3.14907 2.1668
-3.14407 2.16855
-3.13907 2.1703
-3.13407 2.17204
-3.12906 2.17378
-3.12406 2.17552
-3.11906 2.17726
-3.11406 2.17899
-3.10905 2.18072
-3.10405 2.18245
-3.09905 2.18418
-3.09405 2.1859
-3.08904 2.18762
-3.08404 2.18934
-3.07904 2.19105
-3.07404 2.19277
-3.06903 2.19447
-3.06403 2.19618
-3.05903 2.19788
-3.05403 2.19959
-3.04902 2.20128
-3.04402 2.20298
-3.03902 2.20467
-3.03402 2.20636
-3.02901 2.20805
-3.02401 2.20973
-3.01901 2.21141
-3.01401 2.21309
-3.009 2.21477
-3.004 2.21644
-2.999 2.21811
-2.994 2.21978
-2.98899 2.22144
-2.98399 2.2231
-2.97899 2.22476
-2.97399 2.22642
-2.96898 2.22807
-2.96398 2.22972
-2.95898 2.23137
-2.95398 2.23301
-2.94897 2.23466
-2.94397 2.2363
-2.93897 2.23793
-2.93397 2.23957
-2.92896 2.2412
-2.92396 2.24282
-2.91896 2.24445
-2.91396 2.24607
-2.90895 2.24769
-2.90395 2.24931
-2.89895 2.25092
-2.89395 2.25254
-2.88894 2.25414
-2.88394 2.25575
-2.87894 2.25735
-2.87394 2.25895
-2.86893 2.26055
-2.86393 2.26215
-2.85893 2.26374
-2.85393 2.26533
-2.84892 2.26692
-2.84392 2.2685
-2.83892 2.27008
-2.83392 2.27166
-2.82891 2.27323
-2.82391 2.27481
-2.81891 2.27638
-2.81391 2.27794
-2.8089 2.27951
-2.8039 2.28107
-2.7989 2.28263
-2.7939 2.28418
-2.78889 2.28574
-2.78389 2.28729
-2.77889 2.28883
-2.77389 2.29038
-2.76888 2.29192
-2.76388 2.29346
-2.75888 2.295
-2.75388 2.29653
-2.74887 2.29806
-2.74387 2.29959
-2.73887 2.30111
-2.73387 2.30264
-2.72886 2.30416
-2.72386 2.30567
-2.71886 2.30719
-2.71386 2.3087
-2.70885 2.31021
-2.70385 2.31171
-2.69885 2.31322
-2.69385 2.31472
-2.68884 2.31621
-2.68384 2.31771
-2.67884 2.3192
-2.67384 2.32069
-2.66883 2.32218
-2.66383 2.32366
-2.65883 2.32514
-2.65383 2.32662
-2.64882 2.32809
-2.64382 2.32957
-2.63882 2.33104
-2.63382 2.3325
-2.62881 2.33397
-2.62381 2.33543
-2.61881 2.33689
-2.61381 2.33834
-2.6088 2.33979
-2.6038 2.34125
-2.5988 2.34269
-2.5938 2.34414
-2.58879 2.34558
-2.58379 2.34702
-2.57879 2.34845
-2.57379 2.34989
-2.56878 2.35132
-2.56378 2.35275
-2.55878 2.35417
-2.55378 2.35559
-2.54877 2.35701
-2.54377 2.35843
-2.53877 2.35984
-2.53377 2.36125
-2.52876 2.36266
-2.52376 2.36407
-2.51876 2.36547
-2.51376 2.36687
-2.50875 2.36827
-2.50375 2.36966
-2.49875 2.37106
-2.49375 2.37244
-2.48874 2.37383
-2.48374 2.37521
-2.47874 2.37659
-2.47374 2.37797
-2.46873 2.37935
-2.46373 2.38072
-2.45873 2.38209
-2.45373 2.38346
-2.44872 2.38482
-2.44372 2.38618
-2.43872 2.38754
-2.43372 2.38889
-2.42871 2.39025
-2.42371 2.3916
-2.41871 2.39294
-2.41371 2.39429
-2.4087 2.39563
-2.4037 2.39697
-2.3987 2.3983
-2.3937 2.39964
-2.38869 2.40097
-2.38369 2.4023
-2.37869 2.40362
-2.37369 2.40494
-2.36868 2.40626
-2.36368 2.40758
-2.35868 2.40889
-2.35368 2.4102
-2.34867 2.41151
-2.34367 2.41282
-2.33867 2.41412
-2.33367 2.41542
-2.32866 2.41672
-2.32366 2.41801
-2.31866 2.4193
-2.31366 2.42059
-2.30865 2.42188
-2.30365 2.42316
-2.29865 2.42444
-2.29365 2.42572
-2.28864 2.42699
-2.28364 2.42826
-2.27864 2.42953
-2.27364 2.4308
-2.26863 2.43206
-2.26363 2.43332
-2.25863 2.43458
-2.25363 2.43584
-2.24862 2.43709
-2.24362 2.43834
-2.23862 2.43959
-2.23362 2.44083
-2.22861 2.44207
-2.22361 2.44331
-2.21861 2.44455
-2.21361 2.44578
-2.2086 2.44701
-2.2036 2.44824
-2.1986 2.44946
-2.1936 2.45068
-2.18859 2.4519
-2.18359 2.45312
-2.17859 2.45433
-2.17359 2.45554
-2.16858 2.45675
-2.16358 2.45796
-2.15858 2.45916
-2.15358 2.46036
-2.14857 2.46156
-2.14357 2.46275
-2.13857 2.46394
-2.13357 2.46513
-2.12856 2.46632
-2.12356 2.4675
-2.11856 2.46868
-2.11356 2.46986
-2.10855 2.47103
-2.10355 2.4722
-2.09855 2.47337
-2.09355 2.47454
-2.08854 2.4757
-2.08354 2.47686
-2.07854 2.47802
-2.07354 2.47918
-2.06853 2.48033
-2.06353 2.48148
-2.05853 2.48262
-2.05353 2.48377
-2.04852 2.48491
-2.04352 2.48605
-2.03852 2.48718
-2.03352 2.48832
-2.02851 2.48945
-2.02351 2.49057
-2.01851 2.4917
-2.01351 2.49282
-2.0085 2.49394
-2.0035 2.49505
-1.9985 2.49617
-1.9935 2.49728
-1.98849 2.49839
-1.98349 2.49949
-1.97849 2.50059
-1.97349 2.50169
-1.96848 2.50279
-1.96348 2.50388
-1.95848 2.50497
-1.95348 2.50606
-1.94847 2.50715
-1.94347 2.50823
-1.93847 2.50931
-1.93347 2.51039
-1.92846 2.51146
-1.92346 2.51253
-1.91846 2.5136
-1.91346 2.51467
-1.90845 2.51573
-1.90345 2.51679
-1.89845 2.51785
-1.89345 2.51891
-1.88844 2.51996
-1.88344 2.52101
-1.87844 2.52205
-1.87344 2.5231
-1.86843 2.52414
-1.86343 2.52518
-1.85843 2.52621
-1.85343 2.52724
-1.84842 2.52827
-1.84342 2.5293
-1.83842 2.53033
-1.83342 2.53135
-1.82841 2.53237
-1.82341 2.53338
-1.81841 2.53439
-1.81341 2.53541
-1.8084 2.53641
-1.8034 2.53742
-1.7984 2.53842
-1.7934 2.53942
-1.78839 2.54042
-1.78339 2.54141
-1.77839 2.5424
-1.77339 2.54339
-1.76838 2.54437
-1.76338 2.54536
-1.75838 2.54634
-1.75338 2.54731
-1.74837 2.54829
-1.74337 2.54926
-1.73837 2.55023
-1.73337 2.55119
-1.72836 2.55216
-1.72336 2.55312
-1.71836 2.55407
-1.71336 2.55503
-1.70835 2.55598
-1.70335 2.55693
-1.69835 2.55788
-1.69335 2.55882
-1.68834 2.55976
-1.68334 2.5607
-1.67834 2.56163
-1.67334 2.56257
-1.66833 2.5635
-1.66333 2.56442
-1.65833 2.56535
-1.65333 2.56627
-1.64832 2.56719
-1.64332 2.5681
-1.63832 2.56901
-1.63332 2.56992
-1.62831 2.57083
-1.62331 2.57174
-1.61831 2.57264
-1.61331 2.57354
-1.6083 2.57443
-1.6033 2.57533
-1.5983 2.57622
-1.5933 2.57711
-1.58829 2.57799
-1.58329 2.57887
-1.57829 2.57975
-1.57329 2.58063
-1.56828 2.5815
-1.56328 2.58237
-1.55828 2.58324
-1.55328 2.58411
-1.54827 2.58497
-1.54327 2.58583
-1.53827 2.58669
-1.53327 2.58754
-1.52826 2.5884
-1.52326 2.58924
-1.51826 2.59009
-1.51326 2.59093
-1.50825 2.59177
-1.50325 2.59261
-1.49825 2.59345
-1.49325 2.59428
-1.48824 2.59511
-1.48324 2.59594
-1.47824 2.59676
-1.47324 2.59758
-1.46823 2.5984
-1.46323 2.59921
-1.45823 2.60003
-1.45323 2.60084
-1.44822 2.60164
-1.44322 2.60245
-1.43822 2.60325
-1.43322 2.60405
-1.42821 2.60484
-1.42321 2.60564
-1.41821 2.60643
-1.41321 2.60722
-1.4082 2.608
-1.4032 2.60878
-1.3982 2.60956
-1.3932 2.61034
-1.38819 2.61111
-1.38319 2.61188
-1.37819 2.61265
-1.37319 2.61342
-1.36818 2.61418
-1.36318 2.61494
-1.35818 2.6157
-1.35318 2.61645
-1.34817 2.6172
-1.34317 2.61795
-1.33817 2.6187
-1.33317 2.61944
-1.32816 2.62018
-1.32316 2.62092
-1.31816 2.62165
-1.31316 2.62239
-1.30815 2.62312
-1.30315 2.62384
-1.29815 2.62457
-1.29315 2.62529
-1.28814 2.626
-1.28314 2.62672
-1.27814 2.62743
-1.27314 2.62814
-1.26813 2.62885
-1.26313 2.62955
-1.25813 2.63025
-1.25313 2.63095
-1.24812 2.63165
-1.24312 2.63234
-1.23812 2.63303
-1.23312 2.63372
-1.22811 2.6344
-1.22311 2.63509
-1.21811 2.63577
-1.21311 2.63644
-1.2081 2.63712
-1.2031 2.63779
-1.1981 2.63845
-1.1931 2.63912
-1.18809 2.63978
-1.18309 2.64044
-1.17809 2.6411
-1.17309 2.64175
-1.16808 2.6424
-1.16308 2.64305
-1.15808 2.6437
-1.15308 2.64434
-1.14807 2.64498
-1.14307 2.64562
-1.13807 2.64625
-1.13307 2.64689
-1.12806 2.64751
-1.12306 2.64814
-1.11806 2.64876
-1.11306 2.64938
-1.10805 2.65
-1.10305 2.65062
-1.09805 2.65123
-1.09305 2.65184
-1.08804 2.65245
-1.08304 2.65305
-1.07804 2.65365
-1.07304 2.65425
-1.06803 2.65485
-1.06303 2.65544
-1.05803 2.65603
-1.05303 2.65662
-1.04802 2.6572
-1.04302 2.65778
-1.03802 2.65836
-1.03302 2.65894
-1.02801 2.65951
-1.02301 2.66008
-1.01801 2.66065
-1.01301 2.66121
-1.008 2.66178
-1.003 2.66234
-0.997999 2.66289
-0.992996 2.66345
-0.987994 2.664
-0.982991 2.66455
-0.977989 2.66509
-0.972986 2.66563
-0.967984 2.66617
-0.962981 2.66671
-0.957979 2.66725
-0.952976 2.66778
-0.947974 2.66831
-0.942971 2.66883
-0.937969 2.66936
-0.932966 2.66988
-0.927964 2.67039
-0.922961 2.67091
-0.917959 2.67142
-0.912956 2.67193
-0.907954 2.67244
-0.902951 2.67294
-0.897949 2.67344
-0.892946 2.67394
-0.887944 2.67443
-0.882941 2.67493
-0.877939 2.67542
-0.872936 2.6759
-0.867934 2.67639
-0.862931 2.67687
-0.857929 2.67735
-0.852926 2.67783
-0.847924 2.6783
-0.842921 2.67877
-0.837919 2.67924
-0.832916 2.6797
-0.827914 2.68016
-0.822911 2.68062
-0.817909 2.68108
-0.812906 2.68153
-0.807904 2.68198
-0.802901 2.68243
-0.797899 2.68288
-0.792896 2.68332
-0.787894 2.68376
-0.782891 2.6842
-0.777889 2.68463
-0.772886 2.68506
-0.767884 2.68549
-0.762881 2.68592
-0.757879 2.68634
-0.752876 2.68676
-0.747874 2.68718
-0.742871 2.68759
-0.737869 2.688
-0.732866 2.68841
-0.727864 2.68882
-0.722861 2.68922
-0.717859 2.68962
-0.712856 2.69002
-0.707854 2.69042
-0.702851 2.69081
-0.697849 2.6912
-0.692846 2.69159
-0.687844 2.69197
-0.682841 2.69235
-0.677839 2.69273
-0.672836 2.69311
-0.667834 2.69348
-0.662831 2.69385
-0.657829 2.69422
-0.652826 2.69458
-0.647824 2.69494
-0.642821 2.6953
-0.637819 2.69566
-0.632816 2.69601
-0.627814 2.69636
-0.622811 2.69671
-0.617809 2.69706
-0.612806 2.6974
-0.607804 2.69774
-0.602801 2.69807
-0.597799 2.69841
-0.592796 2.69874
-0.587794 2.69907
-0.582791 2.69939
-0.577789 2.69972
-0.572786 2.70004
-0.567784 2.70035
-0.562781 2.70067
-0.557779 2.70098
-0.552776 2.70129
-0.547774 2.7016
-0.542771 2.7019
-0.537769 2.7022
-0.532766 2.7025
-0.527764 2.70279
-0.522761 2.70308
-0.517759 2.70337
-0.512756 2.70366
-0.507754 2.70394
-0.502751 2.70423
-0.497749 2.7045
-0.492746 2.70478
-0.487744 2.70505
-0.482741 2.70532
-0.477739 2.70559
-0.472736 2.70585
-0.467734 2.70612
-0.462731 2.70637
-0.457729 2.70663
-0.452726 2.70688
-0.447724 2.70713
-0.442721 2.70738
-0.437719 2.70763
-0.432716 2.70787
-0.427714 2.70811
-0.422711 2.70834
-0.417709 2.70858
-0.412706 2.70881
-0.407704 2.70904
-0.402701 2.70926
-0.397699 2.70949
-0.392696 2.70971
-0.387694 2.70992
-0.382691 2.71014
-0.377689 2.71035
-0.372686 2.71056
-0.367684 2.71076
-0.362681 2.71097
-0.357679 2.71117
-0.352676 2.71136
-0.347674 2.71156
-0.342671 2.71175
-0.337669 2.71194
-0.332666 2.71213
-0.327664 2.71231
-0.322661 2.71249
-0.317659 2.71267
-0.312656 2.71285
-0.307654 2.71302
-0.302651 2.71319
-0.297649 2.71335
-0.292646 2.71352
-0.287644 2.71368
-0.282641 2.71384
-0.277639 2.714
-0.272636 2.71415
-0.267634 2.7143
-0.262631 2.71445
-0.257629 2.71459
-0.252626 2.71473
-0.247624 2.71487
-0.242621 2.71501
-0.237619 2.71514
-0.232616 2.71527
-0.227614 2.7154
-0.222611 2.71553
-0.217609 2.71565
-0.212606 2.71577
-0.207604 2.71588
-0.202601 2.716
-0.197599 2.71611
-0.192596 2.71622
-0.187594 2.71632
-0.182591 2.71643
-0.177589 2.71653
-0.172586 2.71663
-0.167584 2.71672
-0.162581 2.71681
-0.157579 2.7169
-0.152576 2.71699
-0.147574 2.71707
-0.142571 2.71715
-0.137569 2.71723
-0.132566 2.7173
-0.127564 2.71738
-0.122561 2.71745
-0.117559 2.71751
-0.112556 2.71758
-0.107554 2.71764
-0.102551 2.7177
-0.0975488 2.71775
-0.0925463 2.71781
-0.0875438 2.71786
-0.0825413 2.7179
-0.0775388 2.71795
-0.0725363 2.71799
-0.0675338 2.71803
-0.0625313 2.71806
-0.0575288 2.7181
-0.0525263 2.71813
-0.0475238 2.71816
-0.0425213 2.71818
-0.0375188 2.7182
-0.0325163 2.71822
-0.0275138 2.71824
-0.0225113 2.71825
-0.0175088 2.71826
-0.0125063 2.71827
-0.00750375 2.71828
-0.00250125 2.71828
0.00250125 2.71828
0.00750375 2.71828
0.0125063 2.71827
0.0175088 2.71826
0.0225113 2.71825
0.0275138 2.71824
0.0325163 2.71822
0.0375188 2.7182
0.0425213 2.71818
0.0475238 2.71816
0.0525263 2.71813
0.0575288 2.7181
0.0625313 2.71806
0.0675338 2.71803
0.0725363 2.71799
0.0775388 2.71795
0.0825413 2.7179
0.0875438 2.71786
0.0925463 2.71781
0.0975488 2.71775
0.102551 2.7177
0.107554 2.71764
0.112556 2.71758
0.117559 2.71751
0.122561 2.71745
0.127564 2.71738
0.132566 2.7173
0.137569 2.71723
0.142571 2.71715
0.147574 2.71707
0.152576 2.71699
0.157579 2.7169
0.162581 2.71681
0.167584 2.71672
0.172586 2.71663
0.177589 2.71653
0.182591 2.71643
0.187594 2.71632
0.192596 2.71622
0.197599 2.71611
0.202601 2.716
0.207604 2.71588
0.212606 2.71577
0.217609 2.71565
0.222611 2.71553
0.227614 2.7154
0.232616 2.71527
0.237619 2.71514
0.242621 2.71501
0.247624 2.71487
0.252626 2.71473
0.257629 2.71459
0.262631 2.71445
0.267634 2.7143
0.272636 2.71415
0.277639 2.714
0.282641 2.71384
0.287644 2.71368
0.292646 2.71352
0.297649 2.71335
0.302651 2.71319
0.307654 2.71302
0.312656 2.71285
0.317659 2.71267
0.322661 2.71249
0.327664 2.71231
0.332666 2.71213
0.337669 2.71194
0.342671 2.71175
0.347674 2.71156
0.352676 2.71136
0.357679 2.71117
0.362681 2.71097
0.367684 2.71076
0.372686 2.71056
0.377689 2.71035
0.382691 2.71014
0.387694 2.70992
0.392696 2.70971
0.397699 2.70949
0.402701 2.70926
0.407704 2.70904
0.412706 2.70881
0.417709 2.70858
0.422711 2.70834
0.427714 2.70811
0.432716 2.70787
0.437719 2.70763
0.442721 2.70738
0.447724 2.70713
0.452726 2.70688
0.457729 2.70663
0.462731 2.70637
0.467734 2.70612
0.472736 2.70585
0.477739 2.70559
0.482741 2.70532
0.487744 2.70505
0.492746 2.70478
0.497749 2.7045
0.502751 2.70423
0.507754 2.70394
0.512756 2.70366
0.517759 2.70337
0.522761 2.70308
0.527764 2.70279
0.532766 2.7025
0.537769 2.7022
0.542771 2.7019
0.547774 2.7016
0.552776 2.70129
0.557779 2.70098
0.562781 2.70067
0.567784 2.70035
0.572786 2.70004
0.577789 2.69972
0.582791 2.69939
0.587794 2.69907
0.592796 2.69874
0.597799 2.69841
0.602801 2.69807
0.607804 2.69774
0.612806 2.6974
0.617809 2.69706
0.622811 2.69671
0.627814 2.69636
0.632816 2.69601
0.637819 2.69566
0.642821 2.6953
0.647824 2.69494
0.652826 2.69458
0.657829 2.69422
0.662831 2.69385
0.667834 2.69348
0.672836 2.69311
0.677839 2.69273
0.682841 2.69235
0.687844 2.69197
0.692846 2.69159
0.697849 2.6912
0.702851 2.69081
0.707854 2.69042
0.712856 2.69002
0.717859 2.68962
0.722861 2.68922
0.727864 2.68882
0.732866 2.68841
0.737869 2.688
0.742871 2.68759
0.747874 2.68718
0.752876 2.68676
0.757879 2.68634
0.762881 2.68592
0.767884 2.68549
0.772886 2.68506
0.777889 2.68463
0.782891 2.6842
0.787894 2.68376
0.792896 2.68332
0.797899 2.68288
0.802901 2.68243
0.807904 2.68198
0.812906 2.68153
0.817909 2.68108
0.822911 2.68062
0.827914 2.68016
0.832916 2.6797
0.837919 2.67924
0.842921 2.67877
0.847924 2.6783
0.852926 2.67783
0.857929 2.67735
0.862931 2.67687
0.867934 2.67639
0.872936 2.6759
0.877939 2.67542
0.882941 2.67493
0.887944 2.67443
0.892946 2.67394
0.897949 2.67344
0.902951 2.67294
0.907954 2.67244
0.912956 2.67193
0.917959 2.67142
0.922961 2.67091
0.927964 2.67039
0.932966 2.66988
0.937969 2.66936
0.942971 2.66883
0.947974 2.66831
0.952976 2.66778
0.957979 2.66725
0.962981 2.66671
0.967984 2.66617
0.972986 2.66563
0.977989 2.66509
0.982991 2.66455
0.987994 2.664
0.992996 2.66345
0.997999 2.66289
1.003 2.66234
1.008 2.66178
1.01301 2.66121
1.01801 2.66065
1.02301 2.66008
1.02801 2.65951
1.03302 2.65894
1.03802 2.65836
1.04302 2.65778
1.04802 2.6572
1.05303 2.65662
1.05803 2.65603
1.06303 2.65544
1.06803 2.65485
1.07304 2.65425
1.07804 2.65365
1.08304 2.65305
1.08804 2.65245
1.09305 2.65184
1.09805 2.65123
1.10305 2.65062
1.10805 2.65
1.11306 2.64938
1.11806 2.64876
1.12306 2.64814
1.12806 2.64751
1.13307 2.64689
1.13807 2.64625
1.14307 2.64562
1.14807 2.64498
1.15308 2.64434
1.15808 2.6437
1.16308 2.64305
1.16808 2.6424
1.17309 2.64175
1.17809 2.6411
1.18309 2.64044
1.18809 2.63978
1.1931 2.63912
1.1981 2.63845
1.2031 2.63779
1.2081 2.63712
1.21311 2.63644
1.21811 2.63577
1.22311 2.63509
1.22811 2.6344
1.23312 2.63372
1.23812 2.63303
1.24312 2.63234
1.24812 2.63165
1.25313 2.63095
1.25813 2.63025
1.26313 2.62955
1.26813 2.62885
1.27314 2.62814
1.27814 2.62743
1.28314 2.62672
1.28814 2.626
1.29315 2.62529
1.29815 2.62457
1.30315 2.62384
1.30815 2.62312
1.31316 2.62239
1.31816 2.62165
1.32316 2.62092
1.32816 2.62018
1.33317 2.61944
1.33817 2.6187
1.34317 2.61795
1.34817 2.6172
1.35318 2.61645
1.35818 2.6157
1.36318 2.61494
1.36818 2.61418
1.37319 2.61342
1.37819 2.61265
1.38319 2.61188
1.38819 2.61111
1.3932 2.61034
1.3982 2.60956
1.4032 2.60878
1.4082 2.608
1.41321 2.60722
1.41821 2.60643
1.42321 2.60564
1.42821 2.60484
1.43322 2.60405
1.43822 2.60325
1.44322 2.60245
1.44822 2.60164
1.45323 2.60084
1.45823 2.60003
1.46323 2.59921
1.46823 2.5984
1.47324 2.59758
1.47824 2.59676
1.48324 2.59594
1.48824 2.59511
1.49325 2.59428
1.49825 2.59345
1.50325 2.59261
1.50825 2.59177
1.51326 2.59093
1.51826 2.59009
1.52326 2.58924
1.52826 2.5884
1.53327 2.58754
1.53827 2.58669
1.54327 2.58583
1.54827 2.58497
1.55328 2.58411
1.55828 2.58324
1.56328 2.58237
1.56828 2.5815
1.57329 2.58063
1.57829 2.57975
1.58329 2.57887
1.58829 2.57799
1.5933 2.57711
1.5983 2.57622
1.6033 2.57533
1.6083 2.57443
1.61331 2.57354
1.61831 2.57264
1.62331 2.57174
1.62831 2.57083
1.63332 2.56992
1.63832 2.56901
1.64332 2.5681
1.64832 2.56719
1.65333 2.56627
1.65833 2.56535
1.66333 2.56442
1.66833 2.5635
1.67334 2.56257
1.67834 2.56163
1.68334 2.5607
1.68834 2.55976
1.69335 2.55882
1.69835 2.55788
1.70335 2.55693
1.70835 2.55598
1.71336 2.55503
1.71836 2.55407
1.72336 2.55312
1.72836 2.55216
1.73337 2.55119
1.73837 2.55023
1.74337 2.54926
1.74837 2.54829
1.75338 2.54731
1.75838 2.54634
1.76338 2.54536
1.76838 2.54437
1.77339 2.54339
1.77839 2.5424
1.78339 2.54141
1.78839 2.54042
1.7934 2.53942
1.7984 2.53842
1.8034 2.53742
1.8084 2.53641
1.81341 2.53541
1.81841 2.53439
1.82341 2.53338
1.82841 2.53237
1.83342 2.53135
1.83842 2.53033
1.84342 2.5293
1.84842 2.52827
1.85343 2.52724
1.85843 2.52621
1.86343 2.52518
1.86843 2.52414
1.87344 2.5231
1.87844 2.52205
1.88344 2.52101
1.88844 2.51996
1.89345 2.51891
1.89845 2.51785
1.90345 2.51679
1.90845 2.51573
1.91346 2.51467
1.91846 2.5136
1.92346 2.51253
1.92846 2.51146
1.93347 2.51039
1.93847 2.50931
1.94347 2.50823
1.94847 2.50715
1.95348 2.50606
1.95848 2.50497
1.96348 2.50388
1.96848 2.50279
1.97349 2.50169
1.97849 2.50059
1.98349 2.49949
1.98849 2.49839
1.9935 2.49728
1.9985 2.49617
2.0035 2.49505
2.0085 2.49394
2.01351 2.49282
2.01851 2.4917
2.02351 2.49057
2.02851 2.48945
2.03352 2.48832
2.03852 2.48718
2.04352 2.48605
2.04852 2.48491
2.05353 2.48377
2.05853 2.48262
2.06353 2.48148
2.06853 2.48033
2.07354 2.47918
2.07854 2.47802
2.08354 2.47686
2.08854 2.4757
2.09355 2.47454
2.09855 2.47337
2.10355 2.4722
2.10855 2.47103
2.11356 2.46986
2.11856 2.46868
2.12356 2.4675
2.12856 2.46632
2.13357 2.46513
2.13857 2.46394
2.14357 2.46275
2.14857 2.46156
2.15358 2.46036
2.15858 2.45916
2.16358 2.45796
2.16858 2.45675
2.17359 2.45554
2.17859 2.45433
2.18359 2.45312
2.18859 2.4519
2.1936 2.45068
2.1986 2.44946
2.2036 2.44824
2.2086 2.44701
2.21361 2.44578
2.21861 2.44455
2.22361 2.44331
2.22861 2.44207
2.23362 2.44083
2.23862 2.43959
2.24362 2.43834
2.24862 2.43709
2.25363 2.43584
2.25863 2.43458
2.26363 2.43332
2.26863 2.43206
2.27364 2.4308
2.27864 2.42953
2.28364 2.42826
2.28864 2.42699
2.29365 2.42572
2.29865 2.42444
2.30365 2.42316
2.30865 2.42188
2.31366 2.42059
2.31866 2.4193
2.32366 2.41801
2.32866 2.41672
2.33367 2.41542
2.33867 2.41412
2.34367 2.41282
2.34867 2.41151
2.35368 2.4102
2.35868 2.40889
2.36368 2.40758
2.36868 2.40626
2.37369 2.40494
2.37869 2.40362
2.38369 2.4023
2.38869 2.40097
2.3937 2.39964
2.3987 2.3983
2.4037 2.39697
2.4087 2.39563
2.41371 2.39429
2.41871 2.39294
2.42371 2.3916
2.42871 2.39025
2.43372 2.38889
2.43872 2.38754
2.44372 2.38618
2.44872 2.38482
2.45373 2.38346
2.45873 2.38209
2.46373 2.38072
2.46873 2.37935
2.47374 2.37797
2.47874 2.37659
2.48374 2.37521
2.48874 2.37383
2.49375 2.37244
2.49875 2.37106
2.50375 2.36966
2.50875 2.36827
2.51376 2.36687
2.51876 2.36547
2.52376 2.36407
2.52876 2.36266
2.53377 2.36125
2.53877 2.35984
2.54377 2.35843
2.54877 2.35701
2.55378 2.35559
2.55878 2.35417
2.56378 2.35275
2.56878 2.35132
2.57379 2.34989
2.57879 2.34845
2.58379 2.34702
2.58879 2.34558
2.5938 2.34414
2.5988 2.34269
2.6038 2.34125
2.6088 2.33979
2.61381 2.33834
2.61881 2.33689
2.62381 2.33543
2.62881 2.33397
2.63382 2.3325
2.63882 2.33104
2.64382 2.32957
2.64882 2.32809
2.65383 2.32662
2.65883 2.32514
2.66383 2.32366
2.66883 2.32218
2.67384 2.32069
2.67884 2.3192
2.68384 2.31771
2.68884 2.31621
2.69385 2.31472
2.69885 2.31322
2.70385 2.31171
2.70885 2.31021
2.71386 2.3087
2.71886 2.30719
2.72386 2.30567
2.72886 2.30416
2.73387 2.30264
2.73887 2.30111
2.74387 2.29959
2.74887 2.29806
2.75388 2.29653
2.75888 2.295
2.76388 2.29346
2.76888 2.29192
2.77389 2.29038
2.77889 2.28883
2.78389 2.28729
2.78889 2.28574
2.7939 2.28418
2.7989 2.28263
2.8039 2.28107
2.8089 2.27951
2.81391 2.27794
2.81891 2.27638
2.82391 2.27481
2.82891 2.27323
2.83392 2.27166
2.83892 2.27008
2.84392 2.2685
2.84892 2.26692
2.85393 2.26533
2.85893 2.26374
2.86393 2.26215
2.86893 2.26055
2.87394 2.25895
2.87894 2.25735
2.88394 2.25575
2.88894 2.25414
2.89395 2.25254
2.89895 2.25092
2.90395 2.24931
2.90895 2.24769
2.91396 2.24607
2.91896 2.24445
2.92396 2.24282
2.92896 2.2412
2.93397 2.23957
2.93897 2.23793
2.94397 2.2363
2.94897 2.23466
2.95398 2.23301
2.95898 2.23137
2.96398 2.22972
2.96898 2.22807
2.97399 2.22642
2.97899 2.22476
2.98399 2.2231
2.98899 2.22144
2.994 2.21978
2.999 2.21811
3.004 2.21644
3.009 2.21477
3.01401 2.21309
3.01901 2.21141
3.02401 2.20973
3.02901 2.20805
3.03402 2.20636
3.03902 2.20467
3.04402 2.20298
3.04902 2.20128
3.05403 2.19959
3.05903 2.19788
3.06403 2.19618
3.06903 2.19447
3.07404 2.19277
3.07904 2.19105
3.08404 2.18934
3.08904 2.18762
3.09405 2.1859
3.09905 2.18418
3.10405 2.18245
3.10905 2.18072
3.11406 2.17899
3.11906 2.17726
3.12406 2.17552
3.12906 2.17378
3.13407 2.17204
3.13907 2.1703
3.14407 2.16855
3.14907 2.1668
3.15408 2.16504
3.15908 2.16329
3.16408 2.16153
3.16908 2.15977
3.17409 2.158
3.17909 2.15623
3.18409 2.15446
3.18909 2.15269
3.1941 2.15091
3.1991 2.14914
3.2041 2.14736
3.2091 2.14557
3.21411 2.14378
3.21911 2.14199
3.22411 2.1402
3.22911 2.13841
3.23412 2.13661
3.23912 2.13481
3.24412 2.133
3.24912 2.1312
3.25413 2.12939
3.25913 2.12758
3.26413 2.12576
3.26913 2.12394
3.27414 2.12212
3.27914 2.1203
3.28414 2.11847
3.28914 2.11665
3.29415 2.11481
3.29915 2.11298
3.30415 2.11114
3.30915 2.1093
3.31416 2.10746
3.31916 2.10562
3.32416 2.10377
3.32916 2.10192
3.33417 2.10006
3.33917 2.09821
3.34417 2.09635
3.34917 2.09448
3.35418 2.09262
3.35918 2.09075
3.36418 2.08888
3.36918 2.08701
3.37419 2.08513
3.37919 2.08325
3.38419 2.08137
3.38919 2.07949
3.3942 2.0776
3.3992 2.07571
3.4042 2.07382
3.4092 2.07192
3.41421 2.07002
3.41921 2.06812
3.42421 2.06622
3.42921 2.06431
3.43422 2.0624
3.43922 2.06049
3.44422 2.05858
3.44922 2.05666
3.45423 2.05474
3.45923 2.05281
3.46423 2.05089
3.46923 2.04896
3.47424 2.04703
3.47924 2.04509
3.48424 2.04316
3.48924 2.04122
3.49425 2.03927
3.49925 2.03733
3.50425 2.03538
3.50925 2.03343
3.51426 2.03147
3.51926 2.02952
3.52426 2.02756
3.52926 2.0256
3.53427 2.02363
3.53927 2.02166
3.54427 2.01969
3.54927 2.01772
3.55428 2.01574
3.55928 2.01376
3.56428 2.01178
3.56928 2.0098
3.57429 2.00781
3.57929 2.00582
3.58429 2.00383
3.58929 2.00183
3.5943 1.99983
3.5993 1.99783
3.6043 1.99583
3.6093 1.99382
3.61431 1.99181
3.61931 1.9898
3.62431 1.98778
3.62931 1.98577
3.63432 1.98375
3.63932 1.98172
3.64432 1.9797
3.64932 1.97767
3.65433 1.97563
3.65933 1.9736
3.66433 1.97156
3.66933 1.96952
3.67434 1.96748
3.67934 1.96543
3.68434 1.96338
3.68934 1.96133
3.69435 1.95928
3.69935 1.95722
3.70435 1.95516
3.70935 1.9531
3.71436 1.95104
3.71936 1.94897
3.72436 1.9469
3.72936 1.94482
3.73437 1.94275
3.73937 1.94067
3.74437 1.93858
3.74937 1.9365
3.75438 1.93441
3.75938 1.93232
3.76438 1.93023
3.76938 1.92813
3.77439 1.92603
3.77939 1.92393
3.78439 1.92183
3.78939 1.91972
3.7944 1.91761
3.7994 1.9155
3.8044 1.91338
3.8094 1.91127
3.81441 1.90915
3.81941 1.90702
3.82441 1.90489
3.82941 1.90277
3.83442 1.90063
3.83942 1.8985
3.84442 1.89636
3.84942 1.89422
3.85443 1.89208
3.85943 1.88993
3.86443 1.88778
3.86943 1.88563
3.87444 1.88348
3.87944 1.88132
3.88444 1.87916
3.88944 1.877
3.89445 1.87483
3.89945 1.87266
3.90445 1.87049
3.90945 1.86832
3.91446 1.86614
3.91946 1.86396
3.92446 1.86178
3.92946 1.8596
3.93447 1.85741
3.93947 1.85522
3.94447 1.85302
3.94947 1.85083
3.95448 1.84863
3.95948 1.84643
3.96448 1.84422
3.96948 1.84202
3.97449 1.83981
3.97949 1.83759
3.98449 1.83538
3.98949 1.83316
3.9945 1.83094
3.9995 1.82871
4.0045 1.82649
4.0095 1.82426
4.01451 1.82203
4.01951 1.81979
4.02451 1.81755
4.02951 1.81531
4.03452 1.81307
4.03952 1.81082
4.04452 1.80857
4.04952 1.80632
4.05453 1.80407
4.05953 1.80181
4.06453 1.79955
4.06953 1.79729
4.07454 1.79502
4.07954 1.79275
4.08454 1.79048
4.08954 1.78821
4.09455 1.78593
4.09955 1.78365
4.10455 1.78137
4.10955 1.77908
4.11456 1.7768
4.11956 1.7745
4.12456 1.77221
4.12956 1.76992
4.13457 1.76762
4.13957 1.76531
4.14457 1.76301
4.14957 1.7607
4.15458 1.75839
4.15958 1.75608
4.16458 1.75376
4.16958 1.75144
4.17459 1.74912
4.17959 1.7468
4.18459 1.74447
4.18959 1.74214
4.1946 1.73981
4.1996 1.73747
4.2046 1.73514
4.2096 1.7328
4.21461 1.73045
4.21961 1.72811
4.22461 1.72576
4.22961 1.7234
4.23462 1.72105
4.23962 1.71869
4.24462 1.71633
4.24962 1.71397
4.25463 1.7116
4.25963 1.70923
4.26463 1.70686
4.26963 1.70449
4.27464 1.70211
4.27964 1.69973
4.28464 1.69735
4.28964 1.69496
4.29465 1.69258
4.29965 1.69019
4.30465 1.68779
4.30965 1.6854
4.31466 1.683
4.31966 1.68059
4.32466 1.67819
4.32966 1.67578
4.33467 1.67337
4.33967 1.67096
4.34467 1.66854
4.34967 1.66612
4.35468 1.6637
4.35968 1.66128
4.36468 1.65885
4.36968 1.65642
4.37469 1.65399
4.37969 1.65155
4.38469 1.64911
4.38969 1.64667
4.3947 1.64423
4.3997 1.64178
4.4047 1.63933
4.4097 1.63688
4.41471 1.63443
4.41971 1.63197
4.42471 1.62951
4.42971 1.62704
4.43472 1.62458
4.43972 1.62211
4.44472 1.61964
4.44972 1.61716
4.45473 1.61469
4.45973 1.61221
4.46473 1.60972
4.46973 1.60724
4.47474 1.60475
4.47974 1.60226
4.48474 1.59976
4.48974 1.59727
4.49475 1.59477
4.49975 1.59227
4.50475 1.58976
4.50975 1.58725
4.51476 1.58474
4.51976 1.58223
4.52476 1.57971
4.52976 1.57719
4.53477 1.57467
4.53977 1.57215
4.54477 1.56962
4.54977 1.56709
4.55478 1.56456
4.55978 1.56202
4.56478 1.55948
4.56978 1.55694
4.57479 1.5544
4.57979 1.55185
4.58479 1.5493
4.58979 1.54675
4.5948 1.54419
4.5998 1.54164
4.6048 1.53908
4.6098 1.53651
4.61481 1.53395
4.61981 1.53138
4.62481 1.5288
4.62981 1.52623
4.63482 1.52365
4.63982 1.52107
4.64482 1.51849
4.64982 1.5159
4.65483 1.51332
4.65983 1.51072
4.66483 1.50813
4.66983 1.50553
4.67484 1.50293
4.67984 1.50033
4.68484 1.49773
4.68984 1.49512
4.69485 1.49251
4.69985 1.48989
4.70485 1.48728
4.70985 1.48466
4.71486 1.48204
4.71986 1.47941
4.72486 1.47678
4.72986 1.47415
4.73487 1.47152
4.73987 1.46888
4.74487 1.46625
4.74987 1.4636
4.75488 1.46096
4.75988 1.45831
4.76488 1.45566
4.76988 1.45301
4.77489 1.45036
4.77989 1.4477
4.78489 1.44504
4.78989 1.44237
4.7949 1.43971
4.7999 1.43704
4.8049 1.43436
4.8099 1.43169
4.81491 1.42901
4.81991 1.42633
4.82491 1.42365
4.82991 1.42096
4.83492 1.41827
4.83992 1.41558
4.84492 1.41289
4.84992 1.41019
4.85493 1.40749
4.85993 1.40479
4.86493 1.40208
4.86993 1.39938
4.87494 1.39666
4.87994 1.39395
4.88494 1.39123
4.88994 1.38851
4.89495 1.38579
4.89995 1.38307
4.90495 1.38034
4.90995 1.37761
4.91496 1.37488
4.91996 1.37214
4.92496 1.3694
4.92996 1.36666
4.93497 1.36391
4.93997 1.36117
4.94497 1.35842
4.94997 1.35566
4.95498 1.35291
4.95998 1.35015
4.96498 1.34739
4.96998 1.34463
4.97499 1.34186
4.97999 1.33909
4.98499 1.33632
4.98999 1.33354
4.995 1.33076
5 1.32798
