-5 1.32798
-4.995 1.83797
-4.98999 2.27794
-4.98499 2.65436
-4.97999 2.9732
-4.97499 3.23999
-4.96998 3.45982
-4.96498 3.63739
-4.95998 3.77705
-4.95498 3.88277
-4.94997 3.95823
-4.94497 4.00678
-4.93997 4.03152
-4.93497 4.03526
-4.92996 4.0206
-4.92496 3.9899
-4.91996 3.94531
-4.91496 3.88878
-4.90995 3.82209
-4.90495 3.74687
-4.89995 3.66456
-4.89495 3.57649
-4.88994 3.48384
-4.88494 3.38768
-4.87994 3.28896
-4.87494 3.18852
-4.86993 3.08713
-4.86493 2.98545
-4.85993 2.88408
-4.85493 2.78352
-4.84992 2.68424
-4.84492 2.58661
-4.83992 2.49097
-4.83492 2.3976
-4.82991 2.30674
-4.82491 2.21858
-4.81991 2.13328
-4.81491 2.05097
-4.8099 1.97173
-4.8049 1.89563
-4.7999 1.82271
-4.7949 1.75299
-4.78989 1.68647
-4.78489 1.62314
-4.77989 1.56296
-4.77489 1.50588
-4.76988 1.45185
-4.76488 1.40081
-4.75988 1.35267
-4.75488 1.30737
-4.74987 1.2648
-4.74487 1.22488
-4.73987 1.18751
-4.73487 1.1526
-4.72986 1.12005
-4.72486 1.08975
-4.71986 1.0616
-4.71486 1.03551
-4.70985 1.01136
-4.70485 0.989071
-4.69985 0.968531
-4.69485 0.949645
-4.68984 0.93232
-4.68484 0.916463
-4.67984 0.901983
-4.67484 0.888793
-4.66983 0.876808
-4.66483 0.865947
-4.65983 0.85613
-4.65483 0.847281
-4.64982 0.839329
-4.64482 0.832203
-4.63982 0.825838
-4.63482 0.820169
-4.62981 0.815137
-4.62481 0.810684
-4.61981 0.806757
-4.61481 0.803304
-4.6098 0.800277
-4.6048 0.797631
-4.5998 0.795323
-4.5948 0.793314
-4.58979 0.791565
-4.58479 0.790042
-4.57979 0.788713
-4.57479 0.787548
-4.56978 0.786518
-4.56478 0.785599
-4.55978 0.784766
-4.55478 0.783998
-4.54977 0.783274
-4.54477 0.782578
-4.53977 0.781892
-4.53477 0.781202
-4.52976 0.780494
-4.52476 0.779757
-4.51976 0.77898
-4.51476 0.778154
-4.50975 0.77727
-4.50475 0.776323
-4.49975 0.775305
-4.49475 0.774212
-4.48974 0.773039
-4.48474 0.771784
-4.47974 0.770444
-4.47474 0.769016
-4.46973 0.767501
-4.46473 0.765896
-4.45973 0.764203
-4.45473 0.762422
-4.44972 0.760552
-4.44472 0.758597
-4.43972 0.756557
-4.43472 0.754434
-4.42971 0.75223
-4.42471 0.749949
-4.41971 0.747592
-4.41471 0.745163
-4.4097 0.742664
-4.4047 0.740098
-4.3997 0.73747
-4.3947 0.734781
-4.38969 0.732036
-4.38469 0.729238
-4.37969 0.72639
-4.37469 0.723496
-4.36968 0.720559
-4.36468 0.717583
-4.35968 0.714571
-4.35468 0.711526
-4.34967 0.708451
-4.34467 0.705351
-4.33967 0.702226
-4.33467 0.699082
-4.32966 0.695921
-4.32466 0.692745
-4.31966 0.689558
-4.31466 0.686361
-4.30965 0.683158
-4.30465 0.679952
-4.29965 0.676743
-4.29465 0.673536
-4.28964 0.670331
-4.28464 0.667131
-4.27964 0.663938
-4.27464 0.660753
-4.26963 0.657579
-4.26463 0.654416
-4.25963 0.651267
-4.25463 0.648133
-4.24962 0.645014
-4.24462 0.641913
-4.23962 0.638831
-4.23462 0.635768
-4.22961 0.632726
-4.22461 0.629704
-4.21961 0.626705
-4.21461 0.623729
-4.2096 0.620776
-4.2046 0.617847
-4.1996 0.614943
-4.1946 0.612063
-4.18959 0.609209
-4.18459 0.60638
-4.17959 0.603577
-4.17459 0.6008
-4.16958 0.59805
-4.16458 0.595325
-4.15958 0.592627
-4.15458 0.589956
-4.14957 0.58731
-4.14457 0.584691
-4.13957 0.582098
-4.13457 0.579531
-4.12956 0.57699
-4.12456 0.574475
-4.11956 0.571986
-4.11456 0.569522
-4.10955 0.567082
-4.10455 0.564668
-4.09955 0.562279
-4.09455 0.559913
-4.08954 0.557572
-4.08454 0.555254
-4.07954 0.55296
-4.07454 0.550689
-4.06953 0.548441
-4.06453 0.546215
-4.05953 0.544011
-4.05453 0.54183
-4.04952 0.539669
-4.04452 0.53753
-4.03952 0.535412
-4.03452 0.533314
-4.02951 0.531236
-4.02451 0.529179
-4.01951 0.52714
-4.01451 0.525121
-4.0095 0.523121
-4.0045 0.52114
-3.9995 0.519177
-3.9945 0.517232
-3.98949 0.515305
-3.98449 0.513396
-3.97949 0.511503
-3.97449 0.509628
-3.96948 0.50777
-3.96448 0.505928
-3.95948 0.504102
-3.95448 0.502292
-3.94947 0.500499
-3.94447 0.498721
-3.93947 0.496958
-3.93447 0.495211
-3.92946 0.493478
-3.92446 0.491761
-3.91946 0.490058
-3.91446 0.48837
-3.90945 0.486697
-3.90445 0.485037
-3.89945 0.483392
-3.89445 0.481761
-3.88944 0.480144
-3.88444 0.47854
-3.87944 0.47695
-3.87444 0.475374
-3.86943 0.473811
-3.86443 0.472261
-3.85943 0.470725
-3.85443 0.469202
-3.84942 0.467692
-3.84442 0.466195
-3.83942 0.46471
-3.83442 0.463239
-3.82941 0.46178
-3.82441 0.460335
-3.81941 0.458901
-3.81441 0.457481
-3.8094 0.456073
-3.8044 0.454677
-3.7994 0.453294
-3.7944 0.451923
-3.78939 0.450565
-3.78439 0.449219
-3.77939 0.447885
-3.77439 0.446564
-3.76938 0.445255
-3.76438 0.443958
-3.75938 0.442673
-3.75438 0.4414
-3.74937 0.44014
-3.74437 0.438891
-3.73937 0.437655
-3.73437 0.43643
-3.72936 0.435217
-3.72436 0.434017
-3.71936 0.432828
-3.71436 0.431651
-3.70935 0.430486
-3.70435 0.429333
-3.69935 0.428192
-3.69435 0.427063
-3.68934 0.425945
-3.68434 0.424839
-3.67934 0.423745
-3.67434 0.422662
-3.66933 0.421591
-3.66433 0.420532
-3.65933 0.419484
-3.65433 0.418448
-3.64932 0.417424
-3.64432 0.416411
-3.63932 0.415409
-3.63432 0.414419
-3.62931 0.41344
-3.62431 0.412473
-3.61931 0.411517
-3.61431 0.410573
-3.6093 0.409639
-3.6043 0.408717
-3.5993 0.407807
-3.5943 0.406907
-3.58929 0.406019
-3.58429 0.405141
-3.57929 0.404275
-3.57429 0.40342
-3.56928 0.402576
-3.56428 0.401743
-3.55928 0.400921
-3.55428 0.40011
-3.54927 0.39931
-3.54427 0.398521
-3.53927 0.397742
-3.53427 0.396975
-3.52926 0.396218
-3.52426 0.395471
-3.51926 0.394736
-3.51426 0.394011
-3.50925 0.393297
-3.50425 0.392593
-3.49925 0.3919
-3.49425 0.391217
-3.48924 0.390545
-3.48424 0.389884
-3.47924 0.389232
-3.47424 0.388591
-3.46923 0.387961
-3.46423 0.387341
-3.45923 0.386731
-3.45423 0.386131
-3.44922 0.385541
-3.44422 0.384962
-3.43922 0.384393
-3.43422 0.383834
-3.42921 0.383285
-3.42421 0.382746
-3.41921 0.382217
-3.41421 0.381698
-3.4092 0.381189
-3.4042 0.38069
-3.3992 0.380201
-3.3942 0.379721
-3.38919 0.379252
-3.38419 0.378792
-3.37919 0.378342
-3.37419 0.377902
-3.36918 0.377472
-3.36418 0.377051
-3.35918 0.37664
-3.35418 0.376239
-3.34917 0.375847
-3.34417 0.375465
-3.33917 0.375093
-3.33417 0.37473
-3.32916 0.374377
-3.32416 0.374033
-3.31916 0.373699
-3.31416 0.373374
-3.30915 0.373059
-3.30415 0.372753
-3.29915 0.372457
-3.29415 0.37217
-3.28914 0.371892
-3.28414 0.371624
-3.27914 0.371365
-3.27414 0.371116
-3.26913 0.370876
-3.26413 0.370645
-3.25913 0.370424
-3.25413 0.370212
-3.24912 0.370009
-3.24412 0.369816
-3.23912 0.369631
-3.23412 0.369456
-3.22911 0.369291
-3.22411 0.369134
-3.21911 0.368987
-3.21411 0.368849
-3.2091 0.368721
-3.2041 0.368601
-3.1991 0.368491
-3.1941 0.36839
-3.18909 0.368298
-3.18409 0.368215
-3.17909 0.368142
-3.17409 0.368078
-3.16908 0.368023
-3.16408 0.367977
-3.15908 0.36794
-3.15408 0.367913
-3.14907 0.367894
-3.14407 0.367885
-3.13907 0.367885
-3.13407 0.367895
-3.12906 0.367913
-3.12406 0.367941
-3.11906 0.367978
-3.11406 0.368024
-3.10905 0.368079
-3.10405 0.368143
-3.09905 0.368217
-3.09405 0.3683
-3.08904 0.368392
-3.08404 0.368493
-3.07904 0.368604
-3.07404 0.368724
-3.06903 0.368853
-3.06403 0.368991
-3.05903 0.369138
-3.05403 0.369295
-3.04902 0.369461
-3.04402 0.369637
-3.03902 0.369821
-3.03402 0.370015
-3.02901 0.370218
-3.02401 0.370431
-3.01901 0.370653
-3.01401 0.370884
-3.009 0.371125
-3.004 0.371374
-2.999 0.371634
-2.994 0.371903
-2.98899 0.372181
-2.98399 0.372468
-2.97899 0.372765
-2.97399 0.373072
-2.96898 0.373388
-2.96398 0.373713
-2.95898 0.374048
-2.95398 0.374392
-2.94897 0.374746
-2.94397 0.37511
-2.93897 0.375483
-2.93397 0.375866
-2.92896 0.376258
-2.92396 0.37666
-2.91896 0.377071
-2.91396 0.377493
-2.90895 0.377924
-2.90395 0.378364
-2.89895 0.378815
-2.89395 0.379275
-2.88894 0.379745
-2.88394 0.380224
-2.87894 0.380714
-2.87394 0.381213
-2.86893 0.381722
-2.86393 0.382242
-2.85893 0.382771
-2.85393 0.38331
-2.84892 0.383859
-2.84392 0.384418
-2.83892 0.384987
-2.83392 0.385566
-2.82891 0.386155
-2.82391 0.386754
-2.81891 0.387364
-2.81391 0.387983
-2.8089 0.388613
-2.8039 0.389253
-2.7989 0.389903
-2.7939 0.390564
-2.78889 0.391235
-2.78389 0.391916
-2.77889 0.392608
-2.77389 0.39331
-2.76888 0.394023
-2.76388 0.394746
-2.75888 0.395479
-2.75388 0.396223
-2.74887 0.396978
-2.74387 0.397743
-2.73887 0.398519
-2.73387 0.399306
-2.72886 0.400104
-2.72386 0.400912
-2.71886 0.401731
-2.71386 0.402561
-2.70885 0.403402
-2.70385 0.404254
-2.69885 0.405116
-2.69385 0.40599
-2.68884 0.406875
-2.68384 0.407771
-2.67884 0.408678
-2.67384 0.409596
-2.66883 0.410526
-2.66383 0.411467
-2.65883 0.412419
-2.65383 0.413382
-2.64882 0.414357
-2.64382 0.415344
-2.63882 0.416341
-2.63382 0.417351
-2.62881 0.418372
-2.62381 0.419405
-2.61881 0.420449
-2.61381 0.421505
-2.6088 0.422573
-2.6038 0.423652
-2.5988 0.424744
-2.5938 0.425848
-2.58879 0.426963
-2.58379 0.428091
-2.57879 0.42923
-2.57379 0.430382
-2.56878 0.431546
-2.56378 0.432722
-2.55878 0.433911
-2.55378 0.435111
-2.54877 0.436325
-2.54377 0.43755
-2.53877 0.438789
-2.53377 0.44004
-2.52876 0.441303
-2.52376 0.442579
-2.51876 0.443868
-2.51376 0.44517
-2.50875 0.446484
-2.50375 0.447812
-2.49875 0.449152
-2.49375 0.450506
-2.48874 0.451872
-2.48374 0.453252
-2.47874 0.454645
-2.47374 0.456051
-2.46873 0.457471
-2.46373 0.458903
-2.45873 0.46035
-2.45373 0.46181
-2.44872 0.463283
-2.44372 0.46477
-2.43872 0.466271
-2.43372 0.467786
-2.42871 0.469315
-2.42371 0.470857
-2.41871 0.472413
-2.41371 0.473984
-2.4087 0.475568
-2.4037 0.477167
-2.3987 0.47878
-2.3937 0.480407
-2.38869 0.482049
-2.38369 0.483705
-2.37869 0.485375
-2.37369 0.487061
-2.36868 0.48876
-2.36368 0.490475
-2.35868 0.492204
-2.35368 0.493948
-2.34867 0.495707
-2.34367 0.497482
-2.33867 0.499271
-2.33367 0.501075
-2.32866 0.502895
-2.32366 0.504729
-2.31866 0.50658
-2.31366 0.508445
-2.30865 0.510326
-2.30365 0.512223
-2.29865 0.514136
-2.29365 0.516064
-2.28864 0.518008
-2.28364 0.519967
-2.27864 0.521943
-2.27364 0.523935
-2.26863 0.525943
-2.26363 0.527967
-2.25863 0.530007
-2.25363 0.532064
-2.24862 0.534137
-2.24362 0.536227
-2.23862 0.538333
-2.23362 0.540456
-2.22861 0.542595
-2.22361 0.544751
-2.21861 0.546925
-2.21361 0.549115
-2.2086 0.551322
-2.2036 0.553546
-2.1986 0.555788
-2.1936 0.558047
-2.18859 0.560323
-2.18359 0.562617
-2.17859 0.564928
-2.17359 0.567257
-2.16858 0.569603
-2.16358 0.571967
-2.15858 0.574349
-2.15358 0.576749
-2.14857 0.579167
-2.14357 0.581603
-2.13857 0.584057
-2.13357 0.58653
-2.12856 0.589021
-2.12356 0.59153
-2.11856 0.594058
-2.11356 0.596604
-2.10855 0.599169
-2.10355 0.601753
-2.09855 0.604355
-2.09355 0.606976
-2.08854 0.609617
-2.08354 0.612276
-2.07854 0.614955
-2.07354 0.617653
-2.06853 0.62037
-2.06353 0.623107
-2.05853 0.625863
-2.05353 0.628638
-2.04852 0.631433
-2.04352 0.634248
-2.03852 0.637083
-2.03352 0.639938
-2.02851 0.642813
-2.02351 0.645707
-2.01851 0.648622
-2.01351 0.651557
-2.0085 0.654513
-2.0035 0.657488
-1.9985 0.660484
-1.9935 0.663501
-1.98849 0.666539
-1.98349 0.669597
-1.97849 0.672675
-1.97349 0.675775
-1.96848 0.678896
-1.96348 0.682037
-1.95848 0.6852
-1.95348 0.688384
-1.94847 0.691589
-1.94347 0.694816
-1.93847 0.698064
-1.93347 0.701333
-1.92846 0.704624
-1.92346 0.707937
-1.91846 0.711271
-1.91346 0.714627
-1.90845 0.718005
-1.90345 0.721405
-1.89845 0.724827
-1.89345 0.728272
-1.88844 0.731738
-1.88344 0.735226
-1.87844 0.738737
-1.87344 0.74227
-1.86843 0.745826
-1.86343 0.749404
-1.85843 0.753005
-1.85343 0.756629
-1.84842 0.760275
-1.84342 0.763944
-1.83842 0.767636
-1.83342 0.771351
-1.82841 0.775089
-1.82341 0.77885
-1.81841 0.782634
-1.81341 0.786441
-1.8084 0.790272
-1.8034 0.794126
-1.7984 0.798003
-1.7934 0.801904
-1.78839 0.805828
-1.78339 0.809776
-1.77839 0.813748
-1.77339 0.817743
-1.76838 0.821762
-1.76338 0.825805
-1.75838 0.829871
-1.75338 0.833962
-1.74837 0.838076
-1.74337 0.842215
-1.73837 0.846378
-1.73337 0.850564
-1.72836 0.854775
-1.72336 0.85901
-1.71836 0.86327
-1.71336 0.867554
-1.70835 0.871862
-1.70335 0.876194
-1.69835 0.880551
-1.69335 0.884933
-1.68834 0.889338
-1.68334 0.893769
-1.67834 0.898224
-1.67334 0.902704
-1.66833 0.907208
-1.66333 0.911737
-1.65833 0.916291
-1.65333 0.92087
-1.64832 0.925473
-1.64332 0.930101
-1.63832 0.934754
-1.63332 0.939432
-1.62831 0.944135
-1.62331 0.948863
-1.61831 0.953615
-1.61331 0.958393
-1.6083 0.963195
-1.6033 0.968023
-1.5983 0.972875
-1.5933 0.977753
-1.58829 0.982655
-1.58329 0.987583
-1.57829 0.992535
-1.57329 0.997513
-1.56828 1.00252
-1.56328 1.00754
-1.55828 1.0126
-1.55328 1.01767
-1.54827 1.02278
-1.54327 1.0279
-1.53827 1.03306
-1.53327 1.03823
-1.52826 1.04344
-1.52326 1.04866
-1.51826 1.05392
-1.51326 1.05919
-1.50825 1.0645
-1.50325 1.06982
-1.49825 1.07518
-1.49325 1.08055
-1.48824 1.08595
-1.48324 1.09138
-1.47824 1.09683
-1.47324 1.10231
-1.46823 1.10781
-1.46323 1.11333
-1.45823 1.11888
-1.45323 1.12446
-1.44822 1.13005
-1.44322 1.13568
-1.43822 1.14132
-1.43322 1.147
-1.42821 1.15269
-1.42321 1.15841
-1.41821 1.16416
-1.41321 1.16992
-1.4082 1.17572
-1.4032 1.18153
-1.3982 1.18737
-1.3932 1.19323
-1.38819 1.19912
-1.38319 1.20503
-1.37819 1.21097
-1.37319 1.21692
-1.36818 1.2229
-1.36318 1.22891
-1.35818 1.23494
-1.35318 1.24099
-1.34817 1.24706
-1.34317 1.25315
-1.33817 1.25927
-1.33317 1.26541
-1.32816 1.27158
-1.32316 1.27776
-1.31816 1.28397
-1.31316 1.2902
-1.30815 1.29645
-1.30315 1.30273
-1.29815 1.30902
-1.29315 1.31534
-1.28814 1.32168
-1.28314 1.32804
-1.27814 1.33442
-1.27314 1.34082
-1.26813 1.34725
-1.26313 1.35369
-1.25813 1.36015
-1.25313 1.36664
-1.24812 1.37314
-1.24312 1.37967
-1.23812 1.38621
-1.23312 1.39278
-1.22811 1.39936
-1.22311 1.40596
-1.21811 1.41258
-1.21311 1.41923
-1.2081 1.42588
-1.2031 1.43256
-1.1981 1.43926
-1.1931 1.44597
-1.18809 1.45271
-1.18309 1.45946
-1.17809 1.46622
-1.17309 1.47301
-1.16808 1.47981
-1.16308 1.48663
-1.15808 1.49347
-1.15308 1.50032
-1.14807 1.50719
-1.14307 1.51407
-1.13807 1.52097
-1.13307 1.52788
-1.12806 1.53482
-1.12306 1.54176
-1.11806 1.54872
-1.11306 1.55569
-1.10805 1.56268
-1.10305 1.56968
-1.09805 1.5767
-1.09305 1.58373
-1.08804 1.59077
-1.08304 1.59783
-1.07804 1.60489
-1.07304 1.61197
-1.06803 1.61906
-1.06303 1.62617
-1.05803 1.63328
-1.05303 1.64041
-1.04802 1.64754
-1.04302 1.65469
-1.03802 1.66184
-1.03302 1.66901
-1.02801 1.67619
-1.02301 1.68337
-1.01801 1.69056
-1.01301 1.69776
-1.008 1.70497
-1.003 1.71219
-0.997999 1.71942
-0.992996 1.72665
-0.987994 1.73389
-0.982991 1.74113
-0.977989 1.74838
-0.972986 1.75564
-0.967984 1.7629
-0.962981 1.77017
-0.957979 1.77744
-0.952976 1.78472
-0.947974 1.792
-0.942971 1.79928
-0.937969 1.80656
-0.932966 1.81385
-0.927964 1.82114
-0.922961 1.82844
-0.917959 1.83573
-0.912956 1.84303
-0.907954 1.85032
-0.902951 1.85762
-0.897949 1.86491
-0.892946 1.87221
-0.887944 1.8795
-0.882941 1.8868
-0.877939 1.89409
-0.872936 1.90138
-0.867934 1.90867
-0.862931 1.91595
-0.857929 1.92323
-0.852926 1.93051
-0.847924 1.93778
-0.842921 1.94504
-0.837919 1.95231
-0.832916 1.95956
-0.827914 1.96681
-0.822911 1.97405
-0.817909 1.98129
-0.812906 1.98852
-0.807904 1.99574
-0.802901 2.00295
-0.797899 2.01016
-0.792896 2.01735
-0.787894 2.02453
-0.782891 2.03171
-0.777889 2.03887
-0.772886 2.04602
-0.767884 2.05316
-0.762881 2.06029
-0.757879 2.06741
-0.752876 2.07451
-0.747874 2.0816
-0.742871 2.08867
-0.737869 2.09573
-0.732866 2.10278
-0.727864 2.10981
-0.722861 2.11682
-0.717859 2.12382
-0.712856 2.1308
-0.707854 2.13776
-0.702851 2.14471
-0.697849 2.15163
-0.692846 2.15854
-0.687844 2.16542
-0.682841 2.17229
-0.677839 2.17914
-0.672836 2.18596
-0.667834 2.19277
-0.662831 2.19955
-0.657829 2.20631
-0.652826 2.21305
-0.647824 2.21976
-0.642821 2.22645
-0.637819 2.23311
-0.632816 2.23975
-0.627814 2.24637
-0.622811 2.25295
-0.617809 2.25951
-0.612806 2.26605
-0.607804 2.27255
-0.602801 2.27903
-0.597799 2.28548
-0.592796 2.2919
-0.587794 2.29829
-0.582791 2.30465
-0.577789 2.31098
-0.572786 2.31728
-0.567784 2.32355
-0.562781 2.32978
-0.557779 2.33598
-0.552776 2.34215
-0.547774 2.34829
-0.542771 2.35439
-0.537769 2.36045
-0.532766 2.36648
-0.527764 2.37248
-0.522761 2.37844
-0.517759 2.38436
-0.512756 2.39024
-0.507754 2.39609
-0.502751 2.4019
-0.497749 2.40767
-0.492746 2.4134
-0.487744 2.41909
-0.482741 2.42474
-0.477739 2.43035
-0.472736 2.43592
-0.467734 2.44145
-0.462731 2.44694
-0.457729 2.45238
-0.452726 2.45778
-0.447724 2.46313
-0.442721 2.46845
-0.437719 2.47371
-0.432716 2.47894
-0.427714 2.48411
-0.422711 2.48925
-0.417709 2.49433
-0.412706 2.49937
-0.407704 2.50436
-0.402701 2.5093
-0.397699 2.5142
-0.392696 2.51905
-0.387694 2.52384
-0.382691 2.52859
-0.377689 2.53329
-0.372686 2.53794
-0.367684 2.54254
-0.362681 2.54708
-0.357679 2.55158
-0.352676 2.55602
-0.347674 2.56041
-0.342671 2.56475
-0.337669 2.56903
-0.332666 2.57326
-0.327664 2.57744
-0.322661 2.58156
-0.317659 2.58563
-0.312656 2.58964
-0.307654 2.5936
-0.302651 2.5975
-0.297649 2.60135
-0.292646 2.60513
-0.287644 2.60886
-0.282641 2.61254
-0.277639 2.61615
-0.272636 2.61971
-0.267634 2.62321
-0.262631 2.62665
-0.257629 2.63003
-0.252626 2.63336
-0.247624 2.63662
-0.242621 2.63982
-0.237619 2.64296
-0.232616 2.64605
-0.227614 2.64907
-0.222611 2.65203
-0.217609 2.65493
-0.212606 2.65776
-0.207604 2.66054
-0.202601 2.66325
-0.197599 2.6659
-0.192596 2.66848
-0.187594 2.67101
-0.182591 2.67347
-0.177589 2.67586
-0.172586 2.6782
-0.167584 2.68047
-0.162581 2.68267
-0.157579 2.68481
-0.152576 2.68689
-0.147574 2.6889
-0.142571 2.69084
-0.137569 2.69272
-0.132566 2.69454
-0.127564 2.69628
-0.122561 2.69797
-0.117559 2.69958
-0.112556 2.70114
-0.107554 2.70262
-0.102551 2.70404
-0.0975488 2.70539
-0.0925463 2.70667
-0.0875438 2.70789
-0.0825413 2.70904
-0.0775388 2.71013
-0.0725363 2.71114
-0.0675338 2.71209
-0.0625313 2.71297
-0.0575288 2.71379
-0.0525263 2.71454
-0.0475238 2.71521
-0.0425213 2.71583
-0.0375188 2.71637
-0.0325163 2.71685
-0.0275138 2.71725
-0.0225113 2.71759
-0.0175088 2.71787
-0.0125063 2.71807
-0.00750375 2.71821
-0.00250125 2.71827
0.00250125 2.71827
0.00750375 2.71821
0.0125063 2.71807
0.0175088 2.71787
0.0225113 2.71759
0.0275138 2.71725
0.0325163 2.71685
0.0375188 2.71637
0.0425213 2.71583
0.0475238 2.71521
0.0525263 2.71454
0.0575288 2.71379
0.0625313 2.71297
0.0675338 2.71209
0.0725363 2.71114
0.0775388 2.71013
0.0825413 2.70904
0.0875438 2.70789
0.0925463 2.70667
0.0975488 2.70539
0.102551 2.70404
0.107554 2.70262
0.112556 2.70114
0.117559 2.69958
0.122561 2.69797
0.127564 2.69628
0.132566 2.69454
0.137569 2.69272
0.142571 2.69084
0.147574 2.6889
0.152576 2.68689
0.157579 2.68481
0.162581 2.68267
0.167584 2.68047
0.172586 2.6782
0.177589 2.67586
0.182591 2.67347
0.187594 2.67101
0.192596 2.66848
0.197599 2.6659
0.202601 2.66325
0.207604 2.66054
0.212606 2.65776
0.217609 2.65493
0.222611 2.65203
0.227614 2.64907
0.232616 2.64605
0.237619 2.64296
0.242621 2.63982
0.247624 2.63662
0.252626 2.63336
0.257629 2.63003
0.262631 2.62665
0.267634 2.62321
0.272636 2.61971
0.277639 2.61615
0.282641 2.61254
0.287644 2.60886
0.292646 2.60513
0.297649 2.60135
0.302651 2.5975
0.307654 2.5936
0.312656 2.58964
0.317659 2.58563
0.322661 2.58156
0.327664 2.57744
0.332666 2.57326
0.337669 2.56903
0.342671 2.56475
0.347674 2.56041
0.352676 2.55602
0.357679 2.55158
0.362681 2.54708
0.367684 2.54254
0.372686 2.53794
0.377689 2.53329
0.382691 2.52859
0.387694 2.52384
0.392696 2.51905
0.397699 2.5142
0.402701 2.5093
0.407704 2.50436
0.412706 2.49937
0.417709 2.49433
0.422711 2.48925
0.427714 2.48411
0.432716 2.47894
0.437719 2.47371
0.442721 2.46845
0.447724 2.46313
0.452726 2.45778
0.457729 2.45238
0.462731 2.44694
0.467734 2.44145
0.472736 2.43592
0.477739 2.43035
0.482741 2.42474
0.487744 2.41909
0.492746 2.4134
0.497749 2.40767
0.502751 2.4019
0.507754 2.39609
0.512756 2.39024
0.517759 2.38436
0.522761 2.37844
0.527764 2.37248
0.532766 2.36648
0.537769 2.36045
0.542771 2.35439
0.547774 2.34829
0.552776 2.34215
0.557779 2.33598
0.562781 2.32978
0.567784 2.32355
0.572786 2.31728
0.577789 2.31098
0.582791 2.30465
0.587794 2.29829
0.592796 2.2919
0.597799 2.28548
0.602801 2.27903
0.607804 2.27255
0.612806 2.26605
0.617809 2.25951
0.622811 2.25295
0.627814 2.24637
0.632816 2.23975
0.637819 2.23311
0.642821 2.22645
0.647824 2.21976
0.652826 2.21305
0.657829 2.20631
0.662831 2.19955
0.667834 2.19277
0.672836 2.18596
0.677839 2.17914
0.682841 2.17229
0.687844 2.16542
0.692846 2.15854
0.697849 2.15163
0.702851 2.14471
0.707854 2.13776
0.712856 2.1308
0.717859 2.12382
0.722861 2.11682
0.727864 2.10981
0.732866 2.10278
0.737869 2.09573
0.742871 2.08867
0.747874 2.0816
0.752876 2.07451
0.757879 2.06741
0.762881 2.06029
0.767884 2.05316
0.772886 2.04602
0.777889 2.03887
0.782891 2.03171
0.787894 2.02453
0.792896 2.01735
0.797899 2.01016
0.802901 2.00295
0.807904 1.99574
0.812906 1.98852
0.817909 1.98129
0.822911 1.97405
0.827914 1.96681
0.832916 1.95956
0.837919 1.95231
0.842921 1.94504
0.847924 1.93778
0.852926 1.93051
0.857929 1.92323
0.862931 1.91595
0.867934 1.90867
0.872936 1.90138
0.877939 1.89409
0.882941 1.8868
0.887944 1.8795
0.892946 1.87221
0.897949 1.86491
0.902951 1.85762
0.907954 1.85032
0.912956 1.84303
0.917959 1.83573
0.922961 1.82844
0.927964 1.82114
0.932966 1.81385
0.937969 1.80656
0.942971 1.79928
0.947974 1.792
0.952976 1.78472
0.957979 1.77744
0.962981 1.77017
0.967984 1.7629
0.972986 1.75564
0.977989 1.74838
0.982991 1.74113
0.987994 1.73389
0.992996 1.72665
0.997999 1.71942
1.003 1.71219
1.008 1.70497
1.01301 1.69776
1.01801 1.69056
1.02301 1.68337
1.02801 1.67619
1.03302 1.66901
1.03802 1.66184
1.04302 1.65469
1.04802 1.64754
1.05303 1.64041
1.05803 1.63328
1.06303 1.62617
1.06803 1.61906
1.07304 1.61197
1.07804 1.60489
1.08304 1.59783
1.08804 1.59077
1.09305 1.58373
1.09805 1.5767
1.10305 1.56968
1.10805 1.56268
1.11306 1.55569
1.11806 1.54872
1.12306 1.54176
1.12806 1.53482
1.13307 1.52788
1.13807 1.52097
1.14307 1.51407
1.14807 1.50719
1.15308 1.50032
1.15808 1.49347
1.16308 1.48663
1.16808 1.47981
1.17309 1.47301
1.17809 1.46622
1.18309 1.45946
1.18809 1.45271
1.1931 1.44597
1.1981 1.43926
1.2031 1.43256
1.2081 1.42588
1.21311 1.41923
1.21811 1.41258
1.22311 1.40596
1.22811 1.39936
1.23312 1.39278
1.23812 1.38621
1.24312 1.37967
1.24812 1.37314
1.25313 1.36664
1.25813 1.36015
1.26313 1.35369
1.26813 1.34725
1.27314 1.34082
1.27814 1.33442
1.28314 1.32804
1.28814 1.32168
1.29315 1.31534
1.29815 1.30902
1.30315 1.30273
1.30815 1.29645
1.31316 1.2902
1.31816 1.28397
1.32316 1.27776
1.32816 1.27158
1.33317 1.26541
1.33817 1.25927
1.34317 1.25315
1.34817 1.24706
1.35318 1.24099
1.35818 1.23494
1.36318 1.22891
1.36818 1.2229
1.37319 1.21692
1.37819 1.21097
1.38319 1.20503
1.38819 1.19912
1.3932 1.19323
1.3982 1.18737
1.4032 1.18153
1.4082 1.17572
1.41321 1.16992
1.41821 1.16416
1.42321 1.15841
1.42821 1.15269
1.43322 1.147
1.43822 1.14132
1.44322 1.13568
1.44822 1.13005
1.45323 1.12446
1.45823 1.11888
1.46323 1.11333
1.46823 1.10781
1.47324 1.10231
1.47824 1.09683
1.48324 1.09138
1.48824 1.08595
1.49325 1.08055
1.49825 1.07518
1.50325 1.06982
1.50825 1.0645
1.51326 1.05919
1.51826 1.05392
1.52326 1.04866
1.52826 1.04344
1.53327 1.03823
1.53827 1.03306
1.54327 1.0279
1.54827 1.02278
1.55328 1.01767
1.55828 1.0126
1.56328 1.00754
1.56828 1.00252
1.57329 0.997513
1.57829 0.992535
1.58329 0.987583
1.58829 0.982655
1.5933 0.977753
1.5983 0.972875
1.6033 0.968023
1.6083 0.963195
1.61331 0.958393
1.61831 0.953615
1.62331 0.948863
1.62831 0.944135
1.63332 0.939432
1.63832 0.934754
1.64332 0.930101
1.64832 0.925473
1.65333 0.92087
1.65833 0.916291
1.66333 0.911737
1.66833 0.907208
1.67334 0.902704
1.67834 0.898224
1.68334 0.893769
1.68834 0.889338
1.69335 0.884933
1.69835 0.880551
1.70335 0.876194
1.70835 0.871862
1.71336 0.867554
1.71836 0.86327
1.72336 0.85901
1.72836 0.854775
1.73337 0.850564
1.73837 0.846378
1.74337 0.842215
1.74837 0.838076
1.75338 0.833962
1.75838 0.829871
1.76338 0.825805
1.76838 0.821762
1.77339 0.817743
1.77839 0.813748
1.78339 0.809776
1.78839 0.805828
1.7934 0.801904
1.7984 0.798003
1.8034 0.794126
1.8084 0.790272
1.81341 0.786441
1.81841 0.782634
1.82341 0.77885
1.82841 0.775089
1.83342 0.771351
1.83842 0.767636
1.84342 0.763944
1.84842 0.760275
1.85343 0.756629
1.85843 0.753005
1.86343 0.749404
1.86843 0.745826
1.87344 0.74227
1.87844 0.738737
1.88344 0.735226
1.88844 0.731738
1.89345 0.728272
1.89845 0.724827
1.90345 0.721405
1.90845 0.718005
1.91346 0.714627
1.91846 0.711271
1.92346 0.707937
1.92846 0.704624
1.93347 0.701333
1.93847 0.698064
1.94347 0.694816
1.94847 0.691589
1.95348 0.688384
1.95848 0.6852
1.96348 0.682037
1.96848 0.678896
1.97349 0.675775
1.97849 0.672675
1.98349 0.669597
1.98849 0.666539
1.9935 0.663501
1.9985 0.660484
2.0035 0.657488
2.0085 0.654513
2.01351 0.651557
2.01851 0.648622
2.02351 0.645707
2.02851 0.642813
2.03352 0.639938
2.03852 0.637083
2.04352 0.634248
2.04852 0.631433
2.05353 0.628638
2.05853 0.625863
2.06353 0.623107
2.06853 0.62037
2.07354 0.617653
2.07854 0.614955
2.08354 0.612276
2.08854 0.609617
2.09355 0.606976
2.09855 0.604355
2.10355 0.601753
2.10855 0.599169
2.11356 0.596604
2.11856 0.594058
2.12356 0.59153
2.12856 0.589021
2.13357 0.58653
2.13857 0.584057
2.14357 0.581603
2.14857 0.579167
2.15358 0.576749
2.15858 0.574349
2.16358 0.571967
2.16858 0.569603
2.17359 0.567257
2.17859 0.564928
2.18359 0.562617
2.18859 0.560323
2.1936 0.558047
2.1986 0.555788
2.2036 0.553546
2.2086 0.551322
2.21361 0.549115
2.21861 0.546925
2.22361 0.544751
2.22861 0.542595
2.23362 0.540456
2.23862 0.538333
2.24362 0.536227
2.24862 0.534137
2.25363 0.532064
2.25863 0.530007
2.26363 0.527967
2.26863 0.525943
2.27364 0.523935
2.27864 0.521943
2.28364 0.519967
2.28864 0.518008
2.29365 0.516064
2.29865 0.514136
2.30365 0.512223
2.30865 0.510326
2.31366 0.508445
2.31866 0.50658
2.32366 0.504729
2.32866 0.502895
2.33367 0.501075
2.33867 0.499271
2.34367 0.497482
2.34867 0.495707
2.35368 0.493948
2.35868 0.492204
2.36368 0.490475
2.36868 0.48876
2.37369 0.487061
2.37869 0.485375
2.38369 0.483705
2.38869 0.482049
2.3937 0.480407
2.3987 0.47878
2.4037 0.477167
2.4087 0.475568
2.41371 0.473984
2.41871 0.472413
2.42371 0.470857
2.42871 0.469315
2.43372 0.467786
2.43872 0.466271
2.44372 0.46477
2.44872 0.463283
2.45373 0.46181
2.45873 0.46035
2.46373 0.458903
2.46873 0.457471
2.47374 0.456051
2.47874 0.454645
2.48374 0.453252
2.48874 0.451872
2.49375 0.450506
2.49875 0.449152
2.50375 0.447812
2.50875 0.446484
2.51376 0.44517
2.51876 0.443868
2.52376 0.442579
2.52876 0.441303
2.53377 0.44004
2.53877 0.438789
2.54377 0.43755
2.54877 0.436325
2.55378 0.435111
2.55878 0.433911
2.56378 0.432722
2.56878 0.431546
2.57379 0.430382
2.57879 0.42923
2.58379 0.428091
2.58879 0.426963
2.5938 0.425848
2.5988 0.424744
2.6038 0.423652
2.6088 0.422573
2.61381 0.421505
2.61881 0.420449
2.62381 0.419405
2.62881 0.418372
2.63382 0.417351
2.63882 0.416341
2.64382 0.415344
2.64882 0.414357
2.65383 0.413382
2.65883 0.412419
2.66383 0.411467
2.66883 0.410526
2.67384 0.409596
2.67884 0.408678
2.68384 0.407771
2.68884 0.406875
2.69385 0.40599
2.69885 0.405116
2.70385 0.404254
2.70885 0.403402
2.71386 0.402561
2.71886 0.401731
2.72386 0.400912
2.72886 0.400104
2.73387 0.399306
2.73887 0.398519
2.74387 0.397743
2.74887 0.396978
2.75388 0.396223
2.75888 0.395479
2.76388 0.394746
2.76888 0.394023
2.77389 0.39331
2.77889 0.392608
2.78389 0.391916
2.78889 0.391235
2.7939 0.390564
2.7989 0.389903
2.8039 0.389253
2.8089 0.388613
2.81391 0.387983
2.81891 0.387364
2.82391 0.386754
2.82891 0.386155
2.83392 0.385566
2.83892 0.384987
2.84392 0.384418
2.84892 0.383859
2.85393 0.38331
2.85893 0.382771
2.86393 0.382242
2.86893 0.381722
2.87394 0.381213
2.87894 0.380714
2.88394 0.380224
2.88894 0.379745
2.89395 0.379275
2.89895 0.378815
2.90395 0.378364
2.90895 0.377924
2.91396 0.377493
2.91896 0.377071
2.92396 0.37666
2.92896 0.376258
2.93397 0.375866
2.93897 0.375483
2.94397 0.37511
2.94897 0.374746
2.95398 0.374392
2.95898 0.374048
2.96398 0.373713
2.96898 0.373388
2.97399 0.373072
2.97899 0.372765
2.98399 0.372468
2.98899 0.372181
2.994 0.371903
2.999 0.371634
3.004 0.371374
3.009 0.371125
3.01401 0.370884
3.01901 0.370653
3.02401 0.370431
3.02901 0.370218
3.03402 0.370015
3.03902 0.369821
3.04402 0.369637
3.04902 0.369461
3.05403 0.369295
3.05903 0.369138
3.06403 0.368991
3.06903 0.368853
3.07404 0.368724
3.07904 0.368604
3.08404 0.368493
3.08904 0.368392
3.09405 0.3683
3.09905 0.368217
3.10405 0.368143
3.10905 0.368079
3.11406 0.368024
3.11906 0.367978
3.12406 0.367941
3.12906 0.367913
3.13407 0.367895
3.13907 0.367885
3.14407 0.367885
3.14907 0.367894
3.15408 0.367913
3.15908 0.36794
3.16408 0.367977
3.16908 0.368023
3.17409 0.368078
3.17909 0.368142
3.18409 0.368215
3.18909 0.368298
3.1941 0.36839
3.1991 0.368491
3.2041 0.368601
3.2091 0.368721
3.21411 0.368849
3.21911 0.368987
3.22411 0.369134
3.22911 0.369291
3.23412 0.369456
3.23912 0.369631
3.24412 0.369816
3.24912 0.370009
3.25413 0.370212
3.25913 0.370424
3.26413 0.370645
3.26913 0.370876
3.27414 0.371116
3.27914 0.371365
3.28414 0.371624
3.28914 0.371892
3.29415 0.37217
3.29915 0.372457
3.30415 0.372753
3.30915 0.373059
3.31416 0.373374
3.31916 0.373699
3.32416 0.374033
3.32916 0.374377
3.33417 0.37473
3.33917 0.375093
3.34417 0.375465
3.34917 0.375847
3.35418 0.376239
3.35918 0.37664
3.36418 0.377051
3.36918 0.377472
3.37419 0.377902
3.37919 0.378342
3.38419 0.378792
3.38919 0.379252
3.3942 0.379721
3.3992 0.380201
3.4042 0.38069
3.4092 0.381189
3.41421 0.381698
3.41921 0.382217
3.42421 0.382746
3.42921 0.383285
3.43422 0.383834
3.43922 0.384393
3.44422 0.384962
3.44922 0.385541
3.45423 0.386131
3.45923 0.386731
3.46423 0.387341
3.46923 0.387961
3.47424 0.388591
3.47924 0.389232
3.48424 0.389884
3.48924 0.390545
3.49425 0.391217
3.49925 0.3919
3.50425 0.392593
3.50925 0.393297
3.51426 0.394011
3.51926 0.394736
3.52426 0.395471
3.52926 0.396218
3.53427 0.396975
3.53927 0.397742
3.54427 0.398521
3.54927 0.39931
3.55428 0.40011
3.55928 0.400921
3.56428 0.401743
3.56928 0.402576
3.57429 0.40342
3.57929 0.404275
3.58429 0.405141
3.58929 0.406019
3.5943 0.406907
3.5993 0.407807
3.6043 0.408717
3.6093 0.409639
3.61431 0.410573
3.61931 0.411517
3.62431 0.412473
3.62931 0.41344
3.63432 0.414419
3.63932 0.415409
3.64432 0.416411
3.64932 0.417424
3.65433 0.418448
3.65933 0.419484
3.66433 0.420532
3.66933 0.421591
3.67434 0.422662
3.67934 0.423745
3.68434 0.424839
3.68934 0.425945
3.69435 0.427063
3.69935 0.428192
3.70435 0.429333
3.70935 0.430486
3.71436 0.431651
3.71936 0.432828
3.72436 0.434017
3.72936 0.435217
3.73437 0.43643
3.73937 0.437655
3.74437 0.438891
3.74937 0.44014
3.75438 0.4414
3.75938 0.442673
3.76438 0.443958
3.76938 0.445255
3.77439 0.446564
3.77939 0.447885
3.78439 0.449219
3.78939 0.450565
3.7944 0.451923
3.7994 0.453294
3.8044 0.454677
3.8094 0.456073
3.81441 0.457481
3.81941 0.458901
3.82441 0.460335
3.82941 0.46178
3.83442 0.463239
3.83942 0.46471
3.84442 0.466195
3.84942 0.467692
3.85443 0.469202
3.85943 0.470725
3.86443 0.472261
3.86943 0.473811
3.87444 0.475374
3.87944 0.47695
3.88444 0.47854
3.88944 0.480144
3.89445 0.481761
3.89945 0.483392
3.90445 0.485037
3.90945 0.486697
3.91446 0.48837
3.91946 0.490058
3.92446 0.491761
3.92946 0.493478
3.93447 0.495211
3.93947 0.496958
3.94447 0.498721
3.94947 0.500499
3.95448 0.502292
3.95948 0.504102
3.96448 0.505928
3.96948 0.50777
3.97449 0.509628
3.97949 0.511503
3.98449 0.513396
3.98949 0.515305
3.9945 0.517232
3.9995 0.519177
4.0045 0.52114
4.0095 0.523121
4.01451 0.525121
4.01951 0.52714
4.02451 0.529179
4.02951 0.531236
4.03452 0.533314
4.03952 0.535412
4.04452 0.53753
4.04952 0.539669
4.05453 0.54183
4.05953 0.544011
4.06453 0.546215
4.06953 0.548441
4.07454 0.550689
4.07954 0.55296
4.08454 0.555254
4.08954 0.557572
4.09455 0.559913
4.09955 0.562279
4.10455 0.564668
4.10955 0.567082
4.11456 0.569522
4.11956 0.571986
4.12456 0.574475
4.12956 0.57699
4.13457 0.579531
4.13957 0.582098
4.14457 0.584691
4.14957 0.58731
4.15458 0.589956
4.15958 0.592627
4.16458 0.595325
4.16958 0.59805
4.17459 0.6008
4.17959 0.603577
4.18459 0.60638
4.18959 0.609209
4.1946 0.612063
4.1996 0.614943
4.2046 0.617847
4.2096 0.620776
4.21461 0.623729
4.21961 0.626705
4.22461 0.629704
4.22961 0.632726
4.23462 0.635768
4.23962 0.638831
4.24462 0.641913
4.24962 0.645014
4.25463 0.648133
4.25963 0.651267
4.26463 0.654416
4.26963 0.657579
4.27464 0.660753
4.27964 0.663938
4.28464 0.667131
4.28964 0.670331
4.29465 0.673536
4.29965 0.676743
4.30465 0.679952
4.30965 0.683158
4.31466 0.686361
4.31966 0.689558
4.32466 0.692745
4.32966 0.695921
4.33467 0.699082
4.33967 0.702226
4.34467 0.705351
4.34967 0.708451
4.35468 0.711526
4.35968 0.714571
4.36468 0.717583
4.36968 0.720559
4.37469 0.723496
4.37969 0.72639
4.38469 0.729238
4.38969 0.732036
4.3947 0.734781
4.3997 0.73747
4.4047 0.740098
4.4097 0.742664
4.41471 0.745163
4.41971 0.747592
4.42471 0.749949
4.42971 0.75223
4.43472 0.754434
4.43972 0.756557
4.44472 0.758597
4.44972 0.760552
4.45473 0.762422
4.45973 0.764203
4.46473 0.765896
4.46973 0.767501
4.47474 0.769016
4.47974 0.770444
4.48474 0.771784
4.48974 0.773039
4.49475 0.774212
4.49975 0.775305
4.50475 0.776323
4.50975 0.77727
4.51476 0.778154
4.51976 0.77898
4.52476 0.779757
4.52976 0.780494
4.53477 0.781202
4.53977 0.781892
4.54477 0.782578
4.54977 0.783274
4.55478 0.783998
4.55978 0.784766
4.56478 0.785599
4.56978 0.786518
4.57479 0.787548
4.57979 0.788713
4.58479 0.790042
4.58979 0.791565
4.5948 0.793314
4.5998 0.795323
4.6048 0.797631
4.6098 0.800277
4.61481 0.803304
4.61981 0.806757
4.62481 0.810684
4.62981 0.815137
4.63482 0.820169
4.63982 0.825838
4.64482 0.832203
4.64982 0.839329
4.65483 0.847281
4.65983 0.85613
4.66483 0.865947
4.66983 0.876808
4.67484 0.888793
4.67984 0.901983
4.68484 0.916463
4.68984 0.93232
4.69485 0.949645
4.69985 0.968531
4.70485 0.989071
4.70985 1.01136
4.71486 1.03551
4.71986 1.0616
4.72486 1.08975
4.72986 1.12005
4.73487 1.1526
4.73987 1.18751
4.74487 1.22488
4.74987 1.2648
4.75488 1.30737
4.75988 1.35267
4.76488 1.40081
4.76988 1.45185
4.77489 1.50588
4.77989 1.56296
4.78489 1.62314
4.78989 1.68647
4.7949 1.75299
4.7999 1.82271
4.8049 1.89563
4.8099 1.97173
4.81491 2.05097
4.81991 2.13328
4.82491 2.21858
4.82991 2.30674
4.83492 2.3976
4.83992 2.49097
4.84492 2.58661
4.84992 2.68424
4.85493 2.78352
4.85993 2.88408
4.86493 2.98545
4.86993 3.08713
4.87494 3.18852
4.87994 3.28896
4.88494 3.38768
4.88994 3.48384
4.89495 3.57649
4.89995 3.66456
4.90495 3.74687
4.90995 3.82209
4.91496 3.88878
4.91996 3.94531
4.92496 3.9899
4.92996 4.0206
4.93497 4.03526
4.93997 4.03152
4.94497 4.00678
4.94997 3.95823
4.95498 3.88277
4.95998 3.77705
4.96498 3.63739
4.96998 3.45982
4.97499 3.23999
4.97999 2.9732
4.98499 2.65436
4.98999 2.27794
4.995 1.83797
5 1.32798
