-3 0.371579
-2.99399 0.380966
-2.98799 0.390334
-2.98198 0.399683
-2.97598 0.409014
-2.96997 0.418325
-2.96396 0.427618
-2.95796 0.436892
-2.95195 0.446147
-2.94595 0.455383
-2.93994 0.464601
-2.93393 0.4738
-2.92793 0.48298
-2.92192 0.492141
-2.91592 0.501283
-2.90991 0.510406
-2.9039 0.519511
-2.8979 0.528597
-2.89189 0.537664
-2.88589 0.546712
-2.87988 0.555741
-2.87387 0.564752
-2.86787 0.573744
-2.86186 0.582717
-2.85586 0.591671
-2.84985 0.600606
-2.84384 0.609523
-2.83784 0.61842
-2.83183 0.627299
-2.82583 0.636159
-2.81982 0.645001
-2.81381 0.653823
-2.80781 0.662627
-2.8018 0.671412
-2.7958 0.680178
-2.78979 0.688925
-2.78378 0.697653
-2.77778 0.706363
-2.77177 0.715054
-2.76577 0.723726
-2.75976 0.732379
-2.75375 0.741013
-2.74775 0.749629
-2.74174 0.758225
-2.73574 0.766803
-2.72973 0.775362
-2.72372 0.783903
-2.71772 0.792424
-2.71171 0.800927
-2.70571 0.809411
-2.6997 0.817876
-2.69369 0.826322
-2.68769 0.834749
-2.68168 0.843158
-2.67568 0.851548
-2.66967 0.859919
-2.66366 0.868271
-2.65766 0.876604
-2.65165 0.884919
-2.64565 0.893215
-2.63964 0.901492
-2.63363 0.90975
-2.62763 0.917989
-2.62162 0.92621
-2.61562 0.934411
-2.60961 0.942594
-2.6036 0.950758
-2.5976 0.958903
-2.59159 0.96703
-2.58559 0.975138
-2.57958 0.983226
-2.57357 0.991296
-2.56757 0.999348
-2.56156 1.00738
-2.55556 1.01539
-2.54955 1.02339
-2.54354 1.03136
-2.53754 1.03932
-2.53153 1.04726
-2.52553 1.05518
-2.51952 1.06308
-2.51351 1.07096
-2.50751 1.07883
-2.5015 1.08667
-2.4955 1.09449
-2.48949 1.1023
-2.48348 1.11009
-2.47748 1.11786
-2.47147 1.12561
-2.46547 1.13334
-2.45946 1.14105
-2.45345 1.14875
-2.44745 1.15642
-2.44144 1.16408
-2.43544 1.17171
-2.42943 1.17933
-2.42342 1.18693
-2.41742 1.19451
-2.41141 1.20208
-2.40541 1.20962
-2.3994 1.21714
-2.39339 1.22465
-2.38739 1.23214
-2.38138 1.2396
-2.37538 1.24705
-2.36937 1.25448
-2.36336 1.2619
-2.35736 1.26929
-2.35135 1.27666
-2.34535 1.28402
-2.33934 1.29135
-2.33333 1.29867
-2.32733 1.30597
-2.32132 1.31325
-2.31532 1.32051
-2.30931 1.32775
-2.3033 1.33498
-2.2973 1.34218
-2.29129 1.34937
-2.28529 1.35654
-2.27928 1.36368
-2.27327 1.37081
-2.26727 1.37792
-2.26126 1.38502
-2.25526 1.39209
-2.24925 1.39914
-2.24324 1.40618
-2.23724 1.41319
-2.23123 1.42019
-2.22523 1.42717
-2.21922 1.43413
-2.21321 1.44107
-2.20721 1.448
-2.2012 1.4549
-2.1952 1.46178
-2.18919 1.46865
-2.18318 1.4755
-2.17718 1.48233
-2.17117 1.48914
-2.16517 1.49593
-2.15916 1.5027
-2.15315 1.50945
-2.14715 1.51619
-2.14114 1.5229
-2.13514 1.5296
-2.12913 1.53628
-2.12312 1.54294
-2.11712 1.54958
-2.11111 1.5562
-2.10511 1.5628
-2.0991 1.56938
-2.09309 1.57595
-2.08709 1.5825
-2.08108 1.58902
-2.07508 1.59553
-2.06907 1.60202
-2.06306 1.60849
-2.05706 1.61494
-2.05105 1.62138
-2.04505 1.62779
-2.03904 1.63419
-2.03303 1.64057
-2.02703 1.64692
-2.02102 1.65326
-2.01502 1.65958
-2.00901 1.66589
-2.003 1.67217
-1.997 1.67843
-1.99099 1.68468
-1.98498 1.6909
-1.97898 1.69711
-1.97297 1.7033
-1.96697 1.70947
-1.96096 1.71562
-1.95495 1.72175
-1.94895 1.72787
-1.94294 1.73396
-1.93694 1.74004
-1.93093 1.7461
-1.92492 1.75214
-1.91892 1.75815
-1.91291 1.76416
-1.90691 1.77014
-1.9009 1.7761
-1.89489 1.78204
-1.88889 1.78797
-1.88288 1.79388
-1.87688 1.79977
-1.87087 1.80563
-1.86486 1.81148
-1.85886 1.81732
-1.85285 1.82313
-1.84685 1.82892
-1.84084 1.8347
-1.83483 1.84045
-1.82883 1.84619
-1.82282 1.85191
-1.81682 1.85761
-1.81081 1.86329
-1.8048 1.86895
-1.7988 1.8746
-1.79279 1.88022
-1.78679 1.88583
-1.78078 1.89141
-1.77477 1.89698
-1.76877 1.90253
-1.76276 1.90806
-1.75676 1.91357
-1.75075 1.91907
-1.74474 1.92454
-1.73874 1.93
-1.73273 1.93543
-1.72673 1.94085
-1.72072 1.94625
-1.71471 1.95163
-1.70871 1.95699
-1.7027 1.96233
-1.6967 1.96766
-1.69069 1.97296
-1.68468 1.97825
-1.67868 1.98351
-1.67267 1.98876
-1.66667 1.99399
-1.66066 1.9992
-1.65465 2.00439
-1.64865 2.00957
-1.64264 2.01472
-1.63664 2.01986
-1.63063 2.02497
-1.62462 2.03007
-1.61862 2.03515
-1.61261 2.04021
-1.60661 2.04525
-1.6006 2.05027
-1.59459 2.05528
-1.58859 2.06026
-1.58258 2.06523
-1.57658 2.07018
-1.57057 2.0751
-1.56456 2.08001
-1.55856 2.08491
-1.55255 2.08978
-1.54655 2.09463
-1.54054 2.09947
-1.53453 2.10428
-1.52853 2.10908
-1.52252 2.11386
-1.51652 2.11862
-1.51051 2.12336
-1.5045 2.12808
-1.4985 2.13278
-1.49249 2.13746
-1.48649 2.14213
-1.48048 2.14678
-1.47447 2.1514
-1.46847 2.15601
-1.46246 2.1606
-1.45646 2.16517
-1.45045 2.16973
-1.44444 2.17426
-1.43844 2.17877
-1.43243 2.18327
-1.42643 2.18775
-1.42042 2.1922
-1.41441 2.19664
-1.40841 2.20106
-1.4024 2.20547
-1.3964 2.20985
-1.39039 2.21421
-1.38438 2.21856
-1.37838 2.22289
-1.37237 2.22719
-1.36637 2.23148
-1.36036 2.23575
-1.35435 2.24
-1.34835 2.24424
-1.34234 2.24845
-1.33634 2.25265
-1.33033 2.25682
-1.32432 2.26098
-1.31832 2.26512
-1.31231 2.26924
-1.30631 2.27334
-1.3003 2.27742
-1.29429 2.28148
-1.28829 2.28553
-1.28228 2.28955
-1.27628 2.29356
-1.27027 2.29755
-1.26426 2.30152
-1.25826 2.30547
-1.25225 2.3094
-1.24625 2.31331
-1.24024 2.31721
-1.23423 2.32108
-1.22823 2.32494
-1.22222 2.32877
-1.21622 2.33259
-1.21021 2.33639
-1.2042 2.34017
-1.1982 2.34394
-1.19219 2.34768
-1.18619 2.3514
-1.18018 2.35511
-1.17417 2.3588
-1.16817 2.36247
-1.16216 2.36611
-1.15616 2.36975
-1.15015 2.37336
-1.14414 2.37695
-1.13814 2.38052
-1.13213 2.38408
-1.12613 2.38762
-1.12012 2.39113
-1.11411 2.39463
-1.10811 2.39811
-1.1021 2.40157
-1.0961 2.40502
-1.09009 2.40844
-1.08408 2.41184
-1.07808 2.41523
-1.07207 2.4186
-1.06607 2.42195
-1.06006 2.42528
-1.05405 2.42859
-1.04805 2.43188
-1.04204 2.43515
-1.03604 2.43841
-1.03003 2.44164
-1.02402 2.44486
-1.01802 2.44806
-1.01201 2.45124
-1.00601 2.4544
-1 2.45754
-0.993994 2.46066
-0.987988 2.46376
-0.981982 2.46685
-0.975976 2.46991
-0.96997 2.47296
-0.963964 2.47599
-0.957958 2.479
-0.951952 2.48199
-0.945946 2.48496
-0.93994 2.48792
-0.933934 2.49085
-0.927928 2.49377
-0.921922 2.49666
-0.915916 2.49954
-0.90991 2.5024
-0.903904 2.50524
-0.897898 2.50806
-0.891892 2.51087
-0.885886 2.51365
-0.87988 2.51642
-0.873874 2.51916
-0.867868 2.52189
-0.861862 2.5246
-0.855856 2.52729
-0.84985 2.52996
-0.843844 2.53261
-0.837838 2.53525
-0.831832 2.53786
-0.825826 2.54046
-0.81982 2.54303
-0.813814 2.54559
-0.807808 2.54813
-0.801802 2.55065
-0.795796 2.55315
-0.78979 2.55564
-0.783784 2.5581
-0.777778 2.56055
-0.771772 2.56297
-0.765766 2.56538
-0.75976 2.56777
-0.753754 2.57014
-0.747748 2.57249
-0.741742 2.57483
-0.735736 2.57714
-0.72973 2.57943
-0.723724 2.58171
-0.717718 2.58397
-0.711712 2.58621
-0.705706 2.58843
-0.6997 2.59063
-0.693694 2.59281
-0.687688 2.59497
-0.681682 2.59712
-0.675676 2.59924
-0.66967 2.60135
-0.663664 2.60344
-0.657658 2.60551
-0.651652 2.60756
-0.645646 2.60959
-0.63964 2.6116
-0.633634 2.6136
-0.627628 2.61557
-0.621622 2.61753
-0.615616 2.61946
-0.60961 2.62138
-0.603604 2.62328
-0.597598 2.62516
-0.591592 2.62703
-0.585586 2.62887
-0.57958 2.63069
-0.573574 2.6325
-0.567568 2.63429
-0.561562 2.63606
-0.555556 2.63781
-0.54955 2.63954
-0.543544 2.64125
-0.537538 2.64294
-0.531532 2.64461
-0.525526 2.64627
-0.51952 2.64791
-0.513514 2.64952
-0.507508 2.65112
-0.501502 2.6527
-0.495495 2.65426
-0.489489 2.65581
-0.483483 2.65733
-0.477477 2.65884
-0.471471 2.66032
-0.465465 2.66179
-0.459459 2.66324
-0.453453 2.66467
-0.447447 2.66608
-0.441441 2.66747
-0.435435 2.66884
-0.429429 2.6702
-0.423423 2.67153
-0.417417 2.67285
-0.411411 2.67415
-0.405405 2.67543
-0.399399 2.67669
-0.393393 2.67793
-0.387387 2.67915
-0.381381 2.68036
-0.375375 2.68154
-0.369369 2.68271
-0.363363 2.68385
-0.357357 2.68498
-0.351351 2.68609
-0.345345 2.68718
-0.339339 2.68826
-0.333333 2.68931
-0.327327 2.69034
-0.321321 2.69136
-0.315315 2.69236
-0.309309 2.69334
-0.303303 2.6943
-0.297297 2.69524
-0.291291 2.69616
-0.285285 2.69706
-0.279279 2.69794
-0.273273 2.69881
-0.267267 2.69966
-0.261261 2.70048
-0.255255 2.70129
-0.249249 2.70208
-0.243243 2.70285
-0.237237 2.70361
-0.231231 2.70434
-0.225225 2.70506
-0.219219 2.70575
-0.213213 2.70643
-0.207207 2.70709
-0.201201 2.70773
-0.195195 2.70835
-0.189189 2.70895
-0.183183 2.70953
-0.177177 2.7101
-0.171171 2.71064
-0.165165 2.71117
-0.159159 2.71168
-0.153153 2.71217
-0.147147 2.71264
-0.141141 2.71309
-0.135135 2.71352
-0.129129 2.71393
-0.123123 2.71433
-0.117117 2.71471
-0.111111 2.71506
-0.105105 2.7154
-0.0990991 2.71572
-0.0930931 2.71602
-0.0870871 2.7163
-0.0810811 2.71657
-0.0750751 2.71681
-0.0690691 2.71704
-0.0630631 2.71724
-0.0570571 2.71743
-0.0510511 2.7176
-0.045045 2.71775
-0.039039 2.71788
-0.033033 2.718
-0.027027 2.71809
-0.021021 2.71817
-0.015015 2.71822
-0.00900901 2.71826
-0.003003 2.71828
0.003003 2.71828
0.00900901 2.71826
0.015015 2.71822
0.021021 2.71817
0.027027 2.71809
0.033033 2.718
0.039039 2.71788
0.045045 2.71775
0.0510511 2.7176
0.0570571 2.71743
0.0630631 2.71724
0.0690691 2.71704
0.0750751 2.71681
0.0810811 2.71657
0.0870871 2.7163
0.0930931 2.71602
0.0990991 2.71572
0.105105 2.7154
0.111111 2.71506
0.117117 2.71471
0.123123 2.71433
0.129129 2.71393
0.135135 2.71352
0.141141 2.71309
0.147147 2.71264
0.153153 2.71217
0.159159 2.71168
0.165165 2.71117
0.171171 2.71064
0.177177 2.7101
0.183183 2.70953
0.189189 2.70895
0.195195 2.70835
0.201201 2.70773
0.207207 2.70709
0.213213 2.70643
0.219219 2.70575
0.225225 2.70506
0.231231 2.70434
0.237237 2.70361
0.243243 2.70285
0.249249 2.70208
0.255255 2.70129
0.261261 2.70048
0.267267 2.69966
0.273273 2.69881
0.279279 2.69794
0.285285 2.69706
0.291291 2.69616
0.297297 2.69524
0.303303 2.6943
0.309309 2.69334
0.315315 2.69236
0.321321 2.69136
0.327327 2.69034
0.333333 2.68931
0.339339 2.68826
0.345345 2.68718
0.351351 2.68609
0.357357 2.68498
0.363363 2.68385
0.369369 2.68271
0.375375 2.68154
0.381381 2.68036
0.387387 2.67915
0.393393 2.67793
0.399399 2.67669
0.405405 2.67543
0.411411 2.67415
0.417417 2.67285
0.423423 2.67153
0.429429 2.6702
0.435435 2.66884
0.441441 2.66747
0.447447 2.66608
0.453453 2.66467
0.459459 2.66324
0.465465 2.66179
0.471471 2.66032
0.477477 2.65884
0.483483 2.65733
0.489489 2.65581
0.495495 2.65426
0.501502 2.6527
0.507508 2.65112
0.513514 2.64952
0.51952 2.64791
0.525526 2.64627
0.531532 2.64461
0.537538 2.64294
0.543544 2.64125
0.54955 2.63954
0.555556 2.63781
0.561562 2.63606
0.567568 2.63429
0.573574 2.6325
0.57958 2.63069
0.585586 2.62887
0.591592 2.62703
0.597598 2.62516
0.603604 2.62328
0.60961 2.62138
0.615616 2.61946
0.621622 2.61753
0.627628 2.61557
0.633634 2.6136
0.63964 2.6116
0.645646 2.60959
0.651652 2.60756
0.657658 2.60551
0.663664 2.60344
0.66967 2.60135
0.675676 2.59924
0.681682 2.59712
0.687688 2.59497
0.693694 2.59281
0.6997 2.59063
0.705706 2.58843
0.711712 2.58621
0.717718 2.58397
0.723724 2.58171
0.72973 2.57943
0.735736 2.57714
0.741742 2.57483
0.747748 2.57249
0.753754 2.57014
0.75976 2.56777
0.765766 2.56538
0.771772 2.56297
0.777778 2.56055
0.783784 2.5581
0.78979 2.55564
0.795796 2.55315
0.801802 2.55065
0.807808 2.54813
0.813814 2.54559
0.81982 2.54303
0.825826 2.54046
0.831832 2.53786
0.837838 2.53525
0.843844 2.53261
0.84985 2.52996
0.855856 2.52729
0.861862 2.5246
0.867868 2.52189
0.873874 2.51916
0.87988 2.51642
0.885886 2.51365
0.891892 2.51087
0.897898 2.50806
0.903904 2.50524
0.90991 2.5024
0.915916 2.49954
0.921922 2.49666
0.927928 2.49377
0.933934 2.49085
0.93994 2.48792
0.945946 2.48496
0.951952 2.48199
0.957958 2.479
0.963964 2.47599
0.96997 2.47296
0.975976 2.46991
0.981982 2.46685
0.987988 2.46376
0.993994 2.46066
1 2.45754
1.00601 2.4544
1.01201 2.45124
1.01802 2.44806
1.02402 2.44486
1.03003 2.44164
1.03604 2.43841
1.04204 2.43515
1.04805 2.43188
1.05405 2.42859
1.06006 2.42528
1.06607 2.42195
1.07207 2.4186
1.07808 2.41523
1.08408 2.41184
1.09009 2.40844
1.0961 2.40502
1.1021 2.40157
1.10811 2.39811
1.11411 2.39463
1.12012 2.39113
1.12613 2.38762
1.13213 2.38408
1.13814 2.38052
1.14414 2.37695
1.15015 2.37336
1.15616 2.36975
1.16216 2.36611
1.16817 2.36247
1.17417 2.3588
1.18018 2.35511
1.18619 2.3514
1.19219 2.34768
1.1982 2.34394
1.2042 2.34017
1.21021 2.33639
1.21622 2.33259
1.22222 2.32877
1.22823 2.32494
1.23423 2.32108
1.24024 2.31721
1.24625 2.31331
1.25225 2.3094
1.25826 2.30547
1.26426 2.30152
1.27027 2.29755
1.27628 2.29356
1.28228 2.28955
1.28829 2.28553
1.29429 2.28148
1.3003 2.27742
1.30631 2.27334
1.31231 2.26924
1.31832 2.26512
1.32432 2.26098
1.33033 2.25682
1.33634 2.25265
1.34234 2.24845
1.34835 2.24424
1.35435 2.24
1.36036 2.23575
1.36637 2.23148
1.37237 2.22719
1.37838 2.22289
1.38438 2.21856
1.39039 2.21421
1.3964 2.20985
1.4024 2.20547
1.40841 2.20106
1.41441 2.19664
1.42042 2.1922
1.42643 2.18775
1.43243 2.18327
1.43844 2.17877
1.44444 2.17426
1.45045 2.16973
1.45646 2.16517
1.46246 2.1606
1.46847 2.15601
1.47447 2.1514
1.48048 2.14678
1.48649 2.14213
1.49249 2.13746
1.4985 2.13278
1.5045 2.12808
1.51051 2.12336
1.51652 2.11862
1.52252 2.11386
1.52853 2.10908
1.53453 2.10428
1.54054 2.09947
1.54655 2.09463
1.55255 2.08978
1.55856 2.08491
1.56456 2.08001
1.57057 2.0751
1.57658 2.07018
1.58258 2.06523
1.58859 2.06026
1.59459 2.05528
1.6006 2.05027
1.60661 2.04525
1.61261 2.04021
1.61862 2.03515
1.62462 2.03007
1.63063 2.02497
1.63664 2.01986
1.64264 2.01472
1.64865 2.00957
1.65465 2.00439
1.66066 1.9992
1.66667 1.99399
1.67267 1.98876
1.67868 1.98351
1.68468 1.97825
1.69069 1.97296
1.6967 1.96766
1.7027 1.96233
1.70871 1.95699
1.71471 1.95163
1.72072 1.94625
1.72673 1.94085
1.73273 1.93543
1.73874 1.93
1.74474 1.92454
1.75075 1.91907
1.75676 1.91357
1.76276 1.90806
1.76877 1.90253
1.77477 1.89698
1.78078 1.89141
1.78679 1.88583
1.79279 1.88022
1.7988 1.8746
1.8048 1.86895
1.81081 1.86329
1.81682 1.85761
1.82282 1.85191
1.82883 1.84619
1.83483 1.84045
1.84084 1.8347
1.84685 1.82892
1.85285 1.82313
1.85886 1.81732
1.86486 1.81148
1.87087 1.80563
1.87688 1.79977
1.88288 1.79388
1.88889 1.78797
1.89489 1.78204
1.9009 1.7761
1.90691 1.77014
1.91291 1.76416
1.91892 1.75815
1.92492 1.75214
1.93093 1.7461
1.93694 1.74004
1.94294 1.73396
1.94895 1.72787
1.95495 1.72175
1.96096 1.71562
1.96697 1.70947
1.97297 1.7033
1.97898 1.69711
1.98498 1.6909
1.99099 1.68468
1.997 1.67843
2.003 1.67217
2.00901 1.66589
2.01502 1.65958
2.02102 1.65326
2.02703 1.64692
2.03303 1.64057
2.03904 1.63419
2.04505 1.62779
2.05105 1.62138
2.05706 1.61494
2.06306 1.60849
2.06907 1.60202
2.07508 1.59553
2.08108 1.58902
2.08709 1.5825
2.09309 1.57595
2.0991 1.56938
2.10511 1.5628
2.11111 1.5562
2.11712 1.54958
2.12312 1.54294
2.12913 1.53628
2.13514 1.5296
2.14114 1.5229
2.14715 1.51619
2.15315 1.50945
2.15916 1.5027
2.16517 1.49593
2.17117 1.48914
2.17718 1.48233
2.18318 1.4755
2.18919 1.46865
2.1952 1.46178
2.2012 1.4549
2.20721 1.448
2.21321 1.44107
2.21922 1.43413
2.22523 1.42717
2.23123 1.42019
2.23724 1.41319
2.24324 1.40618
2.24925 1.39914
2.25526 1.39209
2.26126 1.38502
2.26727 1.37792
2.27327 1.37081
2.27928 1.36368
2.28529 1.35654
2.29129 1.34937
2.2973 1.34218
2.3033 1.33498
2.30931 1.32775
2.31532 1.32051
2.32132 1.31325
2.32733 1.30597
2.33333 1.29867
2.33934 1.29135
2.34535 1.28402
2.35135 1.27666
2.35736 1.26929
2.36336 1.2619
2.36937 1.25448
2.37538 1.24705
2.38138 1.2396
2.38739 1.23214
2.39339 1.22465
2.3994 1.21714
2.40541 1.20962
2.41141 1.20208
2.41742 1.19451
2.42342 1.18693
2.42943 1.17933
2.43544 1.17171
2.44144 1.16408
2.44745 1.15642
2.45345 1.14875
2.45946 1.14105
2.46547 1.13334
2.47147 1.12561
2.47748 1.11786
2.48348 1.11009
2.48949 1.1023
2.4955 1.09449
2.5015 1.08667
2.50751 1.07883
2.51351 1.07096
2.51952 1.06308
2.52553 1.05518
2.53153 1.04726
2.53754 1.03932
2.54354 1.03136
2.54955 1.02339
2.55556 1.01539
2.56156 1.00738
2.56757 0.999348
2.57357 0.991296
2.57958 0.983226
2.58559 0.975138
2.59159 0.96703
2.5976 0.958903
2.6036 0.950758
2.60961 0.942594
2.61562 0.934411
2.62162 0.92621
2.62763 0.917989
2.63363 0.90975
2.63964 0.901492
2.64565 0.893215
2.65165 0.884919
2.65766 0.876604
2.66366 0.868271
2.66967 0.859919
2.67568 0.851548
2.68168 0.843158
2.68769 0.834749
2.69369 0.826322
2.6997 0.817876
2.70571 0.809411
2.71171 0.800927
2.71772 0.792424
2.72372 0.783903
2.72973 0.775362
2.73574 0.766803
2.74174 0.758225
2.74775 0.749629
2.75375 0.741013
2.75976 0.732379
2.76577 0.723726
2.77177 0.715054
2.77778 0.706363
2.78378 0.697653
2.78979 0.688925
2.7958 0.680178
2.8018 0.671412
2.80781 0.662627
2.81381 0.653823
2.81982 0.645001
2.82583 0.636159
2.83183 0.627299
2.83784 0.61842
2.84384 0.609523
2.84985 0.600606
2.85586 0.591671
2.86186 0.582717
2.86787 0.573744
2.87387 0.564752
2.87988 0.555741
2.88589 0.546712
2.89189 0.537664
2.8979 0.528597
2.9039 0.519511
2.90991 0.510406
2.91592 0.501283
2.92192 0.492141
2.92793 0.48298
2.93393 0.4738
2.93994 0.464601
2.94595 0.455383
2.95195 0.446147
2.95796 0.436892
2.96396 0.427618
2.96997 0.418325
2.97598 0.409014
2.98198 0.399683
2.98799 0.390334
2.99399 0.380966
3 0.371579
