-3 0.371579
-2.99399 0.386919
-2.98799 0.401858
-2.98198 0.416403
-2.97598 0.43056
-2.96997 0.444335
-2.96396 0.457734
-2.95796 0.470763
-2.95195 0.483427
-2.94595 0.495733
-2.93994 0.507685
-2.93393 0.519291
-2.92793 0.530555
-2.92192 0.541483
-2.91592 0.552081
-2.90991 0.562354
-2.9039 0.572307
-2.8979 0.581946
-2.89189 0.591277
-2.88589 0.600304
-2.87988 0.609033
-2.87387 0.617469
-2.86787 0.625617
-2.86186 0.633483
-2.85586 0.641071
-2.84985 0.648386
-2.84384 0.655434
-2.83784 0.662219
-2.83183 0.668747
-2.82583 0.675021
-2.81982 0.681048
-2.81381 0.68683
-2.80781 0.692375
-2.8018 0.697685
-2.7958 0.702766
-2.78979 0.707621
-2.78378 0.712257
-2.77778 0.716677
-2.77177 0.720885
-2.76577 0.724886
-2.75976 0.728685
-2.75375 0.732286
-2.74775 0.735692
-2.74174 0.738908
-2.73574 0.741939
-2.72973 0.744788
-2.72372 0.74746
-2.71772 0.749959
-2.71171 0.752288
-2.70571 0.754452
-2.6997 0.756454
-2.69369 0.758299
-2.68769 0.759991
-2.68168 0.761532
-2.67568 0.762928
-2.66967 0.764181
-2.66366 0.765295
-2.65766 0.766275
-2.65165 0.767123
-2.64565 0.767843
-2.63964 0.768439
-2.63363 0.768915
-2.62763 0.769273
-2.62162 0.769517
-2.61562 0.769651
-2.60961 0.769677
-2.6036 0.7696
-2.5976 0.769423
-2.59159 0.769148
-2.58559 0.768779
-2.57958 0.768319
-2.57357 0.767771
-2.56757 0.767139
-2.56156 0.766425
-2.55556 0.765633
-2.54955 0.764764
-2.54354 0.763824
-2.53754 0.762813
-2.53153 0.761736
-2.52553 0.760594
-2.51952 0.759391
-2.51351 0.75813
-2.50751 0.756813
-2.5015 0.755443
-2.4955 0.754023
-2.48949 0.752555
-2.48348 0.751042
-2.47748 0.749487
-2.47147 0.747891
-2.46547 0.746258
-2.45946 0.744591
-2.45345 0.74289
-2.44745 0.74116
-2.44144 0.739401
-2.43544 0.737618
-2.42943 0.735811
-2.42342 0.733983
-2.41742 0.732137
-2.41141 0.730275
-2.40541 0.728398
-2.3994 0.726509
-2.39339 0.724611
-2.38739 0.722705
-2.38138 0.720793
-2.37538 0.718877
-2.36937 0.71696
-2.36336 0.715043
-2.35736 0.713128
-2.35135 0.711218
-2.34535 0.709314
-2.33934 0.707417
-2.33333 0.705531
-2.32733 0.703656
-2.32132 0.701794
-2.31532 0.699948
-2.30931 0.698118
-2.3033 0.696307
-2.2973 0.694516
-2.29129 0.692747
-2.28529 0.691001
-2.27928 0.68928
-2.27327 0.687586
-2.26727 0.68592
-2.26126 0.684284
-2.25526 0.682678
-2.24925 0.681106
-2.24324 0.679567
-2.23724 0.678063
-2.23123 0.676597
-2.22523 0.675168
-2.21922 0.673779
-2.21321 0.67243
-2.20721 0.671124
-2.2012 0.669861
-2.1952 0.668642
-2.18919 0.667469
-2.18318 0.666342
-2.17718 0.665264
-2.17117 0.664234
-2.16517 0.663255
-2.15916 0.662327
-2.15315 0.661452
-2.14715 0.66063
-2.14114 0.659862
-2.13514 0.659149
-2.12913 0.658493
-2.12312 0.657895
-2.11712 0.657354
-2.11111 0.656872
-2.10511 0.656451
-2.0991 0.65609
-2.09309 0.655791
-2.08709 0.655554
-2.08108 0.655381
-2.07508 0.655271
-2.06907 0.655226
-2.06306 0.655247
-2.05706 0.655334
-2.05105 0.655488
-2.04505 0.655709
-2.03904 0.655999
-2.03303 0.656357
-2.02703 0.656785
-2.02102 0.657282
-2.01502 0.657851
-2.00901 0.65849
-2.003 0.659201
-1.997 0.659984
-1.99099 0.66084
-1.98498 0.661768
-1.97898 0.662771
-1.97297 0.663847
-1.96697 0.664998
-1.96096 0.666223
-1.95495 0.667523
-1.94895 0.668899
-1.94294 0.670351
-1.93694 0.671879
-1.93093 0.673484
-1.92492 0.675165
-1.91892 0.676923
-1.91291 0.678759
-1.90691 0.680672
-1.9009 0.682663
-1.89489 0.684732
-1.88889 0.686879
-1.88288 0.689104
-1.87688 0.691408
-1.87087 0.69379
-1.86486 0.696251
-1.85886 0.698791
-1.85285 0.70141
-1.84685 0.704108
-1.84084 0.706885
-1.83483 0.709741
-1.82883 0.712676
-1.82282 0.71569
-1.81682 0.718784
-1.81081 0.721957
-1.8048 0.725209
-1.7988 0.72854
-1.79279 0.73195
-1.78679 0.735439
-1.78078 0.739007
-1.77477 0.742653
-1.76877 0.746379
-1.76276 0.750183
-1.75676 0.754065
-1.75075 0.758026
-1.74474 0.762065
-1.73874 0.766182
-1.73273 0.770376
-1.72673 0.774648
-1.72072 0.778998
-1.71471 0.783425
-1.70871 0.787928
-1.7027 0.792508
-1.6967 0.797165
-1.69069 0.801898
-1.68468 0.806707
-1.67868 0.811591
-1.67267 0.81655
-1.66667 0.821585
-1.66066 0.826693
-1.65465 0.831877
-1.64865 0.837134
-1.64264 0.842465
-1.63664 0.847868
-1.63063 0.853345
-1.62462 0.858894
-1.61862 0.864515
-1.61261 0.870208
-1.60661 0.875972
-1.6006 0.881807
-1.59459 0.887712
-1.58859 0.893687
-1.58258 0.899731
-1.57658 0.905844
-1.57057 0.912026
-1.56456 0.918276
-1.55856 0.924593
-1.55255 0.930977
-1.54655 0.937427
-1.54054 0.943944
-1.53453 0.950526
-1.52853 0.957173
-1.52252 0.963884
-1.51652 0.970659
-1.51051 0.977497
-1.5045 0.984398
-1.4985 0.99136
-1.49249 0.998385
-1.48649 1.00547
-1.48048 1.01262
-1.47447 1.01982
-1.46847 1.02709
-1.46246 1.03441
-1.45646 1.04179
-1.45045 1.04923
-1.44444 1.05672
-1.43844 1.06427
-1.43243 1.07188
-1.42643 1.07954
-1.42042 1.08725
-1.41441 1.09502
-1.40841 1.10284
-1.4024 1.11071
-1.3964 1.11863
-1.39039 1.1266
-1.38438 1.13463
-1.37838 1.1427
-1.37237 1.15082
-1.36637 1.15899
-1.36036 1.1672
-1.35435 1.17547
-1.34835 1.18377
-1.34234 1.19212
-1.33634 1.20052
-1.33033 1.20896
-1.32432 1.21744
-1.31832 1.22596
-1.31231 1.23453
-1.30631 1.24313
-1.3003 1.25178
-1.29429 1.26046
-1.28829 1.26918
-1.28228 1.27794
-1.27628 1.28673
-1.27027 1.29556
-1.26426 1.30443
-1.25826 1.31333
-1.25225 1.32226
-1.24625 1.33122
-1.24024 1.34022
-1.23423 1.34925
-1.22823 1.3583
-1.22222 1.36739
-1.21622 1.3765
-1.21021 1.38564
-1.2042 1.39481
-1.1982 1.40401
-1.19219 1.41323
-1.18619 1.42247
-1.18018 1.43174
-1.17417 1.44103
-1.16817 1.45034
-1.16216 1.45967
-1.15616 1.46903
-1.15015 1.4784
-1.14414 1.48779
-1.13814 1.4972
-1.13213 1.50662
-1.12613 1.51607
-1.12012 1.52552
-1.11411 1.53499
-1.10811 1.54448
-1.1021 1.55397
-1.0961 1.56348
-1.09009 1.573
-1.08408 1.58253
-1.07808 1.59207
-1.07207 1.60162
-1.06607 1.61117
-1.06006 1.62073
-1.05405 1.6303
-1.04805 1.63987
-1.04204 1.64945
-1.03604 1.65903
-1.03003 1.66861
-1.02402 1.67819
-1.01802 1.68778
-1.01201 1.69736
-1.00601 1.70694
-1 1.71653
-0.993994 1.7261
-0.987988 1.73568
-0.981982 1.74525
-0.975976 1.75482
-0.96997 1.76438
-0.963964 1.77393
-0.957958 1.78347
-0.951952 1.79301
-0.945946 1.80254
-0.93994 1.81206
-0.933934 1.82156
-0.927928 1.83106
-0.921922 1.84054
-0.915916 1.85001
-0.90991 1.85946
-0.903904 1.8689
-0.897898 1.87832
-0.891892 1.88773
-0.885886 1.89711
-0.87988 1.90648
-0.873874 1.91583
-0.867868 1.92517
-0.861862 1.93447
-0.855856 1.94376
-0.84985 1.95303
-0.843844 1.96227
-0.837838 1.97149
-0.831832 1.98068
-0.825826 1.98985
-0.81982 1.99899
-0.813814 2.0081
-0.807808 2.01719
-0.801802 2.02624
-0.795796 2.03527
-0.78979 2.04426
-0.783784 2.05323
-0.777778 2.06216
-0.771772 2.07106
-0.765766 2.07993
-0.75976 2.08876
-0.753754 2.09756
-0.747748 2.10632
-0.741742 2.11505
-0.735736 2.12373
-0.72973 2.13238
-0.723724 2.14099
-0.717718 2.14957
-0.711712 2.1581
-0.705706 2.16659
-0.6997 2.17504
-0.693694 2.18344
-0.687688 2.1918
-0.681682 2.20012
-0.675676 2.2084
-0.66967 2.21663
-0.663664 2.22481
-0.657658 2.23295
-0.651652 2.24103
-0.645646 2.24908
-0.63964 2.25707
-0.633634 2.26501
-0.627628 2.2729
-0.621622 2.28075
-0.615616 2.28854
-0.60961 2.29627
-0.603604 2.30396
-0.597598 2.31159
-0.591592 2.31917
-0.585586 2.32669
-0.57958 2.33416
-0.573574 2.34157
-0.567568 2.34893
-0.561562 2.35623
-0.555556 2.36347
-0.54955 2.37065
-0.543544 2.37777
-0.537538 2.38484
-0.531532 2.39184
-0.525526 2.39878
-0.51952 2.40566
-0.513514 2.41248
-0.507508 2.41924
-0.501502 2.42593
-0.495495 2.43256
-0.489489 2.43913
-0.483483 2.44563
-0.477477 2.45206
-0.471471 2.45843
-0.465465 2.46473
-0.459459 2.47097
-0.453453 2.47714
-0.447447 2.48324
-0.441441 2.48927
-0.435435 2.49523
-0.429429 2.50113
-0.423423 2.50695
-0.417417 2.5127
-0.411411 2.51838
-0.405405 2.52399
-0.399399 2.52953
-0.393393 2.535
-0.387387 2.54039
-0.381381 2.54571
-0.375375 2.55096
-0.369369 2.55613
-0.363363 2.56123
-0.357357 2.56625
-0.351351 2.5712
-0.345345 2.57607
-0.339339 2.58086
-0.333333 2.58558
-0.327327 2.59022
-0.321321 2.59479
-0.315315 2.59927
-0.309309 2.60368
-0.303303 2.60801
-0.297297 2.61226
-0.291291 2.61643
-0.285285 2.62053
-0.279279 2.62454
-0.273273 2.62847
-0.267267 2.63232
-0.261261 2.63609
-0.255255 2.63978
-0.249249 2.64339
-0.243243 2.64691
-0.237237 2.65036
-0.231231 2.65372
-0.225225 2.657
-0.219219 2.66019
-0.213213 2.6633
-0.207207 2.66633
-0.201201 2.66928
-0.195195 2.67214
-0.189189 2.67492
-0.183183 2.67761
-0.177177 2.68022
-0.171171 2.68274
-0.165165 2.68518
-0.159159 2.68753
-0.153153 2.6898
-0.147147 2.69198
-0.141141 2.69407
-0.135135 2.69608
-0.129129 2.69801
-0.123123 2.69984
-0.117117 2.70159
-0.111111 2.70326
-0.105105 2.70483
-0.0990991 2.70632
-0.0930931 2.70773
-0.0870871 2.70904
-0.0810811 2.71027
-0.0750751 2.71141
-0.0690691 2.71247
-0.0630631 2.71343
-0.0570571 2.71431
-0.0510511 2.7151
-0.045045 2.71581
-0.039039 2.71642
-0.033033 2.71695
-0.027027 2.71739
-0.021021 2.71774
-0.015015 2.71801
-0.00900901 2.71818
-0.003003 2.71827
0.003003 2.71827
0.00900901 2.71818
0.015015 2.71801
0.021021 2.71774
0.027027 2.71739
0.033033 2.71695
0.039039 2.71642
0.045045 2.71581
0.0510511 2.7151
0.0570571 2.71431
0.0630631 2.71343
0.0690691 2.71247
0.0750751 2.71141
0.0810811 2.71027
0.0870871 2.70904
0.0930931 2.70773
0.0990991 2.70632
0.105105 2.70483
0.111111 2.70326
0.117117 2.70159
0.123123 2.69984
0.129129 2.69801
0.135135 2.69608
0.141141 2.69407
0.147147 2.69198
0.153153 2.6898
0.159159 2.68753
0.165165 2.68518
0.171171 2.68274
0.177177 2.68022
0.183183 2.67761
0.189189 2.67492
0.195195 2.67214
0.201201 2.66928
0.207207 2.66633
0.213213 2.6633
0.219219 2.66019
0.225225 2.657
0.231231 2.65372
0.237237 2.65036
0.243243 2.64691
0.249249 2.64339
0.255255 2.63978
0.261261 2.63609
0.267267 2.63232
0.273273 2.62847
0.279279 2.62454
0.285285 2.62053
0.291291 2.61643
0.297297 2.61226
0.303303 2.60801
0.309309 2.60368
0.315315 2.59927
0.321321 2.59479
0.327327 2.59022
0.333333 2.58558
0.339339 2.58086
0.345345 2.57607
0.351351 2.5712
0.357357 2.56625
0.363363 2.56123
0.369369 2.55613
0.375375 2.55096
0.381381 2.54571
0.387387 2.54039
0.393393 2.535
0.399399 2.52953
0.405405 2.52399
0.411411 2.51838
0.417417 2.5127
0.423423 2.50695
0.429429 2.50113
0.435435 2.49523
0.441441 2.48927
0.447447 2.48324
0.453453 2.47714
0.459459 2.47097
0.465465 2.46473
0.471471 2.45843
0.477477 2.45206
0.483483 2.44563
0.489489 2.43913
0.495495 2.43256
0.501502 2.42593
0.507508 2.41924
0.513514 2.41248
0.51952 2.40566
0.525526 2.39878
0.531532 2.39184
0.537538 2.38484
0.543544 2.37777
0.54955 2.37065
0.555556 2.36347
0.561562 2.35623
0.567568 2.34893
0.573574 2.34157
0.57958 2.33416
0.585586 2.32669
0.591592 2.31917
0.597598 2.31159
0.603604 2.30396
0.60961 2.29627
0.615616 2.28854
0.621622 2.28075
0.627628 2.2729
0.633634 2.26501
0.63964 2.25707
0.645646 2.24908
0.651652 2.24103
0.657658 2.23295
0.663664 2.22481
0.66967 2.21663
0.675676 2.2084
0.681682 2.20012
0.687688 2.1918
0.693694 2.18344
0.6997 2.17504
0.705706 2.16659
0.711712 2.1581
0.717718 2.14957
0.723724 2.14099
0.72973 2.13238
0.735736 2.12373
0.741742 2.11505
0.747748 2.10632
0.753754 2.09756
0.75976 2.08876
0.765766 2.07993
0.771772 2.07106
0.777778 2.06216
0.783784 2.05323
0.78979 2.04426
0.795796 2.03527
0.801802 2.02624
0.807808 2.01719
0.813814 2.0081
0.81982 1.99899
0.825826 1.98985
0.831832 1.98068
0.837838 1.97149
0.843844 1.96227
0.84985 1.95303
0.855856 1.94376
0.861862 1.93447
0.867868 1.92517
0.873874 1.91583
0.87988 1.90648
0.885886 1.89711
0.891892 1.88773
0.897898 1.87832
0.903904 1.8689
0.90991 1.85946
0.915916 1.85001
0.921922 1.84054
0.927928 1.83106
0.933934 1.82156
0.93994 1.81206
0.945946 1.80254
0.951952 1.79301
0.957958 1.78347
0.963964 1.77393
0.96997 1.76438
0.975976 1.75482
0.981982 1.74525
0.987988 1.73568
0.993994 1.7261
1 1.71653
1.00601 1.70694
1.01201 1.69736
1.01802 1.68778
1.02402 1.67819
1.03003 1.66861
1.03604 1.65903
1.04204 1.64945
1.04805 1.63987
1.05405 1.6303
1.06006 1.62073
1.06607 1.61117
1.07207 1.60162
1.07808 1.59207
1.08408 1.58253
1.09009 1.573
1.0961 1.56348
1.1021 1.55397
1.10811 1.54448
1.11411 1.53499
1.12012 1.52552
1.12613 1.51607
1.13213 1.50662
1.13814 1.4972
1.14414 1.48779
1.15015 1.4784
1.15616 1.46903
1.16216 1.45967
1.16817 1.45034
1.17417 1.44103
1.18018 1.43174
1.18619 1.42247
1.19219 1.41323
1.1982 1.40401
1.2042 1.39481
1.21021 1.38564
1.21622 1.3765
1.22222 1.36739
1.22823 1.3583
1.23423 1.34925
1.24024 1.34022
1.24625 1.33122
1.25225 1.32226
1.25826 1.31333
1.26426 1.30443
1.27027 1.29556
1.27628 1.28673
1.28228 1.27794
1.28829 1.26918
1.29429 1.26046
1.3003 1.25178
1.30631 1.24313
1.31231 1.23453
1.31832 1.22596
1.32432 1.21744
1.33033 1.20896
1.33634 1.20052
1.34234 1.19212
1.34835 1.18377
1.35435 1.17547
1.36036 1.1672
1.36637 1.15899
1.37237 1.15082
1.37838 1.1427
1.38438 1.13463
1.39039 1.1266
1.3964 1.11863
1.4024 1.11071
1.40841 1.10284
1.41441 1.09502
1.42042 1.08725
1.42643 1.07954
1.43243 1.07188
1.43844 1.06427
1.44444 1.05672
1.45045 1.04923
1.45646 1.04179
1.46246 1.03441
1.46847 1.02709
1.47447 1.01982
1.48048 1.01262
1.48649 1.00547
1.49249 0.998385
1.4985 0.99136
1.5045 0.984398
1.51051 0.977497
1.51652 0.970659
1.52252 0.963884
1.52853 0.957173
1.53453 0.950526
1.54054 0.943944
1.54655 0.937427
1.55255 0.930977
1.55856 0.924593
1.56456 0.918276
1.57057 0.912026
1.57658 0.905844
1.58258 0.899731
1.58859 0.893687
1.59459 0.887712
1.6006 0.881807
1.60661 0.875972
1.61261 0.870208
1.61862 0.864515
1.62462 0.858894
1.63063 0.853345
1.63664 0.847868
1.64264 0.842465
1.64865 0.837134
1.65465 0.831877
1.66066 0.826693
1.66667 0.821585
1.67267 0.81655
1.67868 0.811591
1.68468 0.806707
1.69069 0.801898
1.6967 0.797165
1.7027 0.792508
1.70871 0.787928
1.71471 0.783425
1.72072 0.778998
1.72673 0.774648
1.73273 0.770376
1.73874 0.766182
1.74474 0.762065
1.75075 0.758026
1.75676 0.754065
1.76276 0.750183
1.76877 0.746379
1.77477 0.742653
1.78078 0.739007
1.78679 0.735439
1.79279 0.73195
1.7988 0.72854
1.8048 0.725209
1.81081 0.721957
1.81682 0.718784
1.82282 0.71569
1.82883 0.712676
1.83483 0.709741
1.84084 0.706885
1.84685 0.704108
1.85285 0.70141
1.85886 0.698791
1.86486 0.696251
1.87087 0.69379
1.87688 0.691408
1.88288 0.689104
1.88889 0.686879
1.89489 0.684732
1.9009 0.682663
1.90691 0.680672
1.91291 0.678759
1.91892 0.676923
1.92492 0.675165
1.93093 0.673484
1.93694 0.671879
1.94294 0.670351
1.94895 0.668899
1.95495 0.667523
1.96096 0.666223
1.96697 0.664998
1.97297 0.663847
1.97898 0.662771
1.98498 0.661768
1.99099 0.66084
1.997 0.659984
2.003 0.659201
2.00901 0.65849
2.01502 0.657851
2.02102 0.657282
2.02703 0.656785
2.03303 0.656357
2.03904 0.655999
2.04505 0.655709
2.05105 0.655488
2.05706 0.655334
2.06306 0.655247
2.06907 0.655226
2.07508 0.655271
2.08108 0.655381
2.08709 0.655554
2.09309 0.655791
2.0991 0.65609
2.10511 0.656451
2.11111 0.656872
2.11712 0.657354
2.12312 0.657895
2.12913 0.658493
2.13514 0.659149
2.14114 0.659862
2.14715 0.66063
2.15315 0.661452
2.15916 0.662327
2.16517 0.663255
2.17117 0.664234
2.17718 0.665264
2.18318 0.666342
2.18919 0.667469
2.1952 0.668642
2.2012 0.669861
2.20721 0.671124
2.21321 0.67243
2.21922 0.673779
2.22523 0.675168
2.23123 0.676597
2.23724 0.678063
2.24324 0.679567
2.24925 0.681106
2.25526 0.682678
2.26126 0.684284
2.26727 0.68592
2.27327 0.687586
2.27928 0.68928
2.28529 0.691001
2.29129 0.692747
2.2973 0.694516
2.3033 0.696307
2.30931 0.698118
2.31532 0.699948
2.32132 0.701794
2.32733 0.703656
2.33333 0.705531
2.33934 0.707417
2.34535 0.709314
2.35135 0.711218
2.35736 0.713128
2.36336 0.715043
2.36937 0.71696
2.37538 0.718877
2.38138 0.720793
2.38739 0.722705
2.39339 0.724611
2.3994 0.726509
2.40541 0.728398
2.41141 0.730275
2.41742 0.732137
2.42342 0.733983
2.42943 0.735811
2.43544 0.737618
2.44144 0.739401
2.44745 0.74116
2.45345 0.74289
2.45946 0.744591
2.46547 0.746258
2.47147 0.747891
2.47748 0.749487
2.48348 0.751042
2.48949 0.752555
2.4955 0.754023
2.5015 0.755443
2.50751 0.756813
2.51351 0.75813
2.51952 0.759391
2.52553 0.760594
2.53153 0.761736
2.53754 0.762813
2.54354 0.763824
2.54955 0.764764
2.55556 0.765633
2.56156 0.766425
2.56757 0.767139
2.57357 0.767771
2.57958 0.768319
2.58559 0.768779
2.59159 0.769148
2.5976 0.769423
2.6036 0.7696
2.60961 0.769677
2.61562 0.769651
2.62162 0.769517
2.62763 0.769273
2.63363 0.768915
2.63964 0.768439
2.64565 0.767843
2.65165 0.767123
2.65766 0.766275
2.66366 0.765295
2.66967 0.764181
2.67568 0.762928
2.68168 0.761532
2.68769 0.759991
2.69369 0.758299
2.6997 0.756454
2.70571 0.754452
2.71171 0.752288
2.71772 0.749959
2.72372 0.74746
2.72973 0.744788
2.73574 0.741939
2.74174 0.738908
2.74775 0.735692
2.75375 0.732286
2.75976 0.728685
2.76577 0.724886
2.77177 0.720885
2.77778 0.716677
2.78378 0.712257
2.78979 0.707621
2.7958 0.702766
2.8018 0.697685
2.80781 0.692375
2.81381 0.68683
2.81982 0.681048
2.82583 0.675021
2.83183 0.668747
2.83784 0.662219
2.84384 0.655434
2.84985 0.648386
2.85586 0.641071
2.86186 0.633483
2.86787 0.625617
2.87387 0.617469
2.87988 0.609033
2.88589 0.600304
2.89189 0.591277
2.8979 0.581946
2.9039 0.572307
2.90991 0.562354
2.91592 0.552081
2.92192 0.541483
2.92793 0.530555
2.93393 0.519291
2.93994 0.507685
2.94595 0.495733
2.95195 0.483427
2.95796 0.470763
2.96396 0.457734
2.96997 0.444335
2.97598 0.43056
2.98198 0.416403
2.98799 0.401858
2.99399 0.386919
3 0.371579
