-5 1.32798
-4.995 1.31986
-4.98999 1.30869
-4.98499 1.29508
-4.97999 1.27958
-4.97499 1.26266
-4.96998 1.24474
-4.96498 1.22616
-4.95998 1.20725
-4.95498 1.18825
-4.94997 1.1694
-4.94497 1.15087
-4.93997 1.13281
-4.93497 1.11536
-4.92996 1.09861
-4.92496 1.08264
-4.91996 1.0675
-4.91496 1.05324
-4.90995 1.03987
-4.90495 1.02741
-4.89995 1.01587
-4.89495 1.00523
-4.88994 0.99547
-4.88494 0.986575
-4.87994 0.978512
-4.87494 0.971248
-4.86993 0.964746
-4.86493 0.958965
-4.85993 0.953865
-4.85493 0.9494
-4.84992 0.945528
-4.84492 0.942203
-4.83992 0.939382
-4.83492 0.937021
-4.82991 0.935076
-4.82491 0.933507
-4.81991 0.932271
-4.81491 0.93133
-4.8099 0.930647
-4.8049 0.930185
-4.7999 0.92991
-4.7949 0.92979
-4.78989 0.929795
-4.78489 0.929896
-4.77989 0.930067
-4.77489 0.930283
-4.76988 0.930521
-4.76488 0.930761
-4.75988 0.930982
-4.75488 0.931169
-4.74987 0.931305
-4.74487 0.931375
-4.73987 0.931368
-4.73487 0.931273
-4.72986 0.931079
-4.72486 0.930778
-4.71986 0.930363
-4.71486 0.929829
-4.70985 0.92917
-4.70485 0.928383
-4.69985 0.927465
-4.69485 0.926414
-4.68984 0.925229
-4.68484 0.92391
-4.67984 0.922456
-4.67484 0.920869
-4.66983 0.919151
-4.66483 0.917303
-4.65983 0.915328
-4.65483 0.913229
-4.64982 0.911009
-4.64482 0.908672
-4.63982 0.906222
-4.63482 0.903662
-4.62981 0.900997
-4.62481 0.898232
-4.61981 0.895371
-4.61481 0.892418
-4.6098 0.889378
-4.6048 0.886256
-4.5998 0.883057
-4.5948 0.879785
-4.58979 0.876446
-4.58479 0.873043
-4.57979 0.869581
-4.57479 0.866065
-4.56978 0.8625
-4.56478 0.858888
-4.55978 0.855236
-4.55478 0.851546
-4.54977 0.847823
-4.54477 0.844071
-4.53977 0.840292
-4.53477 0.836492
-4.52976 0.832672
-4.52476 0.828837
-4.51976 0.82499
-4.51476 0.821132
-4.50975 0.817269
-4.50475 0.813401
-4.49975 0.809531
-4.49475 0.805662
-4.48974 0.801796
-4.48474 0.797936
-4.47974 0.794082
-4.47474 0.790238
-4.46973 0.786404
-4.46473 0.782583
-4.45973 0.778775
-4.45473 0.774982
-4.44972 0.771206
-4.44472 0.767447
-4.43972 0.763707
-4.43472 0.759986
-4.42971 0.756285
-4.42471 0.752606
-4.41971 0.748949
-4.41471 0.745313
-4.4097 0.741701
-4.4047 0.738113
-4.3997 0.734548
-4.3947 0.731007
-4.38969 0.727491
-4.38469 0.724
-4.37969 0.720533
-4.37469 0.717091
-4.36968 0.713675
-4.36468 0.710283
-4.35968 0.706917
-4.35468 0.703576
-4.34967 0.70026
-4.34467 0.696969
-4.33967 0.693703
-4.33467 0.690461
-4.32966 0.687245
-4.32466 0.684052
-4.31966 0.680885
-4.31466 0.677741
-4.30965 0.674621
-4.30465 0.671525
-4.29965 0.668453
-4.29465 0.665403
-4.28964 0.662377
-4.28464 0.659374
-4.27964 0.656393
-4.27464 0.653435
-4.26963 0.650499
-4.26463 0.647584
-4.25963 0.644692
-4.25463 0.64182
-4.24962 0.63897
-4.24462 0.636141
-4.23962 0.633333
-4.23462 0.630546
-4.22961 0.627778
-4.22461 0.625031
-4.21961 0.622304
-4.21461 0.619596
-4.2096 0.616908
-4.2046 0.614239
-4.1996 0.61159
-4.1946 0.60896
-4.18959 0.606348
-4.18459 0.603755
-4.17959 0.601181
-4.17459 0.598625
-4.16958 0.596087
-4.16458 0.593567
-4.15958 0.591066
-4.15458 0.588582
-4.14957 0.586116
-4.14457 0.583667
-4.13957 0.581236
-4.13457 0.578822
-4.12956 0.576426
-4.12456 0.574047
-4.11956 0.571685
-4.11456 0.56934
-4.10955 0.567012
-4.10455 0.564701
-4.09955 0.562406
-4.09455 0.560128
-4.08954 0.557867
-4.08454 0.555622
-4.07954 0.553394
-4.07454 0.551183
-4.06953 0.548987
-4.06453 0.546808
-4.05953 0.544645
-4.05453 0.542498
-4.04952 0.540368
-4.04452 0.538253
-4.03952 0.536155
-4.03452 0.534072
-4.02951 0.532006
-4.02451 0.529955
-4.01951 0.52792
-4.01451 0.5259
-4.0095 0.523897
-4.0045 0.521909
-3.9995 0.519937
-3.9945 0.51798
-3.98949 0.516038
-3.98449 0.514112
-3.97949 0.512202
-3.97449 0.510307
-3.96948 0.508427
-3.96448 0.506562
-3.95948 0.504713
-3.95448 0.502879
-3.94947 0.501059
-3.94447 0.499255
-3.93947 0.497466
-3.93447 0.495691
-3.92946 0.493932
-3.92446 0.492187
-3.91946 0.490458
-3.91446 0.488742
-3.90945 0.487042
-3.90445 0.485356
-3.89945 0.483684
-3.89445 0.482028
-3.88944 0.480385
-3.88444 0.478757
-3.87944 0.477143
-3.87444 0.475543
-3.86943 0.473958
-3.86443 0.472387
-3.85943 0.470829
-3.85443 0.469286
-3.84942 0.467757
-3.84442 0.466241
-3.83942 0.46474
-3.83442 0.463252
-3.82941 0.461778
-3.82441 0.460317
-3.81941 0.45887
-3.81441 0.457437
-3.8094 0.456017
-3.8044 0.454611
-3.7994 0.453217
-3.7944 0.451837
-3.78939 0.450471
-3.78439 0.449117
-3.77939 0.447777
-3.77439 0.446449
-3.76938 0.445135
-3.76438 0.443833
-3.75938 0.442544
-3.75438 0.441268
-3.74937 0.440005
-3.74437 0.438755
-3.73937 0.437517
-3.73437 0.436292
-3.72936 0.435079
-3.72436 0.433878
-3.71936 0.43269
-3.71436 0.431515
-3.70935 0.430351
-3.70435 0.4292
-3.69935 0.428061
-3.69435 0.426934
-3.68934 0.425819
-3.68434 0.424716
-3.67934 0.423626
-3.67434 0.422547
-3.66933 0.421479
-3.66433 0.420424
-3.65933 0.41938
-3.65433 0.418349
-3.64932 0.417328
-3.64432 0.41632
-3.63932 0.415322
-3.63432 0.414337
-3.62931 0.413363
-3.62431 0.4124
-3.61931 0.411448
-3.61431 0.410508
-3.6093 0.409579
-3.6043 0.408662
-3.5993 0.407755
-3.5943 0.40686
-3.58929 0.405976
-3.58429 0.405103
-3.57929 0.40424
-3.57429 0.403389
-3.56928 0.402549
-3.56428 0.40172
-3.55928 0.400901
-3.55428 0.400093
-3.54927 0.399296
-3.54427 0.39851
-3.53927 0.397734
-3.53427 0.396969
-3.52926 0.396215
-3.52426 0.395471
-3.51926 0.394738
-3.51426 0.394015
-3.50925 0.393303
-3.50425 0.392602
-3.49925 0.39191
-3.49425 0.391229
-3.48924 0.390559
-3.48424 0.389898
-3.47924 0.389248
-3.47424 0.388608
-3.46923 0.387979
-3.46423 0.387359
-3.45923 0.38675
-3.45423 0.386151
-3.44922 0.385562
-3.44422 0.384983
-3.43922 0.384414
-3.43422 0.383855
-3.42921 0.383306
-3.42421 0.382767
-3.41921 0.382238
-3.41421 0.381719
-3.4092 0.38121
-3.4042 0.380711
-3.3992 0.380221
-3.3942 0.379741
-3.38919 0.379271
-3.38419 0.378811
-3.37919 0.378361
-3.37419 0.37792
-3.36918 0.377489
-3.36418 0.377068
-3.35918 0.376656
-3.35418 0.376254
-3.34917 0.375862
-3.34417 0.375479
-3.33917 0.375106
-3.33417 0.374742
-3.32916 0.374388
-3.32416 0.374044
-3.31916 0.373709
-3.31416 0.373383
-3.30915 0.373067
-3.30415 0.372761
-3.29915 0.372464
-3.29415 0.372176
-3.28914 0.371898
-3.28414 0.371629
-3.27914 0.371369
-3.27414 0.371119
-3.26913 0.370879
-3.26413 0.370647
-3.25913 0.370425
-3.25413 0.370213
-3.24912 0.370009
-3.24412 0.369815
-3.23912 0.369631
-3.23412 0.369455
-3.22911 0.369289
-3.22411 0.369132
-3.21911 0.368985
-3.21411 0.368846
-3.2091 0.368717
-3.2041 0.368598
-3.1991 0.368487
-3.1941 0.368386
-3.18909 0.368294
-3.18409 0.368211
-3.17909 0.368137
-3.17409 0.368073
-3.16908 0.368017
-3.16408 0.367971
-3.15908 0.367935
-3.15408 0.367907
-3.14907 0.367889
-3.14407 0.36788
-3.13907 0.36788
-3.13407 0.367889
-3.12906 0.367908
-3.12406 0.367935
-3.11906 0.367972
-3.11406 0.368018
-3.10905 0.368074
-3.10405 0.368138
-3.09905 0.368212
-3.09405 0.368295
-3.08904 0.368387
-3.08404 0.368488
-3.07904 0.368599
-3.07404 0.368719
-3.06903 0.368848
-3.06403 0.368987
-3.05903 0.369134
-3.05403 0.369291
-3.04902 0.369457
-3.04402 0.369633
-3.03902 0.369818
-3.03402 0.370012
-3.02901 0.370215
-3.02401 0.370428
-3.01901 0.37065
-3.01401 0.370882
-3.009 0.371122
-3.004 0.371372
-2.999 0.371632
-2.994 0.371901
-2.98899 0.372179
-2.98399 0.372467
-2.97899 0.372764
-2.97399 0.373071
-2.96898 0.373387
-2.96398 0.373712
-2.95898 0.374047
-2.95398 0.374392
-2.94897 0.374746
-2.94397 0.37511
-2.93897 0.375483
-2.93397 0.375866
-2.92896 0.376258
-2.92396 0.37666
-2.91896 0.377072
-2.91396 0.377493
-2.90895 0.377924
-2.90395 0.378365
-2.89895 0.378815
-2.89395 0.379276
-2.88894 0.379746
-2.88394 0.380225
-2.87894 0.380715
-2.87394 0.381214
-2.86893 0.381724
-2.86393 0.382243
-2.85893 0.382772
-2.85393 0.383311
-2.84892 0.38386
-2.84392 0.384419
-2.83892 0.384988
-2.83392 0.385567
-2.82891 0.386156
-2.82391 0.386756
-2.81891 0.387365
-2.81391 0.387985
-2.8089 0.388614
-2.8039 0.389254
-2.7989 0.389905
-2.7939 0.390565
-2.78889 0.391236
-2.78389 0.391917
-2.77889 0.392609
-2.77389 0.393311
-2.76888 0.394023
-2.76388 0.394746
-2.75888 0.39548
-2.75388 0.396224
-2.74887 0.396979
-2.74387 0.397744
-2.73887 0.39852
-2.73387 0.399307
-2.72886 0.400104
-2.72386 0.400912
-2.71886 0.401732
-2.71386 0.402561
-2.70885 0.403402
-2.70385 0.404254
-2.69885 0.405117
-2.69385 0.40599
-2.68884 0.406875
-2.68384 0.407771
-2.67884 0.408678
-2.67384 0.409597
-2.66883 0.410526
-2.66383 0.411467
-2.65883 0.412419
-2.65383 0.413382
-2.64882 0.414357
-2.64382 0.415344
-2.63882 0.416341
-2.63382 0.417351
-2.62881 0.418372
-2.62381 0.419404
-2.61881 0.420449
-2.61381 0.421505
-2.6088 0.422572
-2.6038 0.423652
-2.5988 0.424744
-2.5938 0.425847
-2.58879 0.426963
-2.58379 0.42809
-2.57879 0.42923
-2.57379 0.430382
-2.56878 0.431545
-2.56378 0.432722
-2.55878 0.43391
-2.55378 0.435111
-2.54877 0.436324
-2.54377 0.43755
-2.53877 0.438788
-2.53377 0.440039
-2.52876 0.441303
-2.52376 0.442579
-2.51876 0.443868
-2.51376 0.445169
-2.50875 0.446484
-2.50375 0.447811
-2.49875 0.449152
-2.49375 0.450505
-2.48874 0.451872
-2.48374 0.453251
-2.47874 0.454644
-2.47374 0.456051
-2.46873 0.45747
-2.46373 0.458903
-2.45873 0.46035
-2.45373 0.46181
-2.44872 0.463283
-2.44372 0.46477
-2.43872 0.466271
-2.43372 0.467786
-2.42871 0.469314
-2.42371 0.470857
-2.41871 0.472413
-2.41371 0.473984
-2.4087 0.475568
-2.4037 0.477167
-2.3987 0.47878
-2.3937 0.480407
-2.38869 0.482049
-2.38369 0.483705
-2.37869 0.485375
-2.37369 0.48706
-2.36868 0.48876
-2.36368 0.490475
-2.35868 0.492204
-2.35368 0.493948
-2.34867 0.495707
-2.34367 0.497482
-2.33867 0.499271
-2.33367 0.501075
-2.32866 0.502895
-2.32366 0.50473
-2.31866 0.50658
-2.31366 0.508445
-2.30865 0.510326
-2.30365 0.512223
-2.29865 0.514136
-2.29365 0.516064
-2.28864 0.518008
-2.28364 0.519967
-2.27864 0.521943
-2.27364 0.523935
-2.26863 0.525943
-2.26363 0.527967
-2.25863 0.530007
-2.25363 0.532064
-2.24862 0.534137
-2.24362 0.536227
-2.23862 0.538333
-2.23362 0.540456
-2.22861 0.542595
-2.22361 0.544752
-2.21861 0.546925
-2.21361 0.549115
-2.2086 0.551322
-2.2036 0.553547
-2.1986 0.555788
-2.1936 0.558047
-2.18859 0.560323
-2.18359 0.562617
-2.17859 0.564928
-2.17359 0.567257
-2.16858 0.569603
-2.16358 0.571967
-2.15858 0.574349
-2.15358 0.576749
-2.14857 0.579167
-2.14357 0.581603
-2.13857 0.584058
-2.13357 0.58653
-2.12856 0.589021
-2.12356 0.59153
-2.11856 0.594058
-2.11356 0.596604
-2.10855 0.599169
-2.10355 0.601753
-2.09855 0.604355
-2.09355 0.606977
-2.08854 0.609617
-2.08354 0.612276
-2.07854 0.614955
-2.07354 0.617653
-2.06853 0.62037
-2.06353 0.623107
-2.05853 0.625863
-2.05353 0.628638
-2.04852 0.631433
-2.04352 0.634248
-2.03852 0.637083
-2.03352 0.639938
-2.02851 0.642813
-2.02351 0.645707
-2.01851 0.648622
-2.01351 0.651557
-2.0085 0.654512
-2.0035 0.657488
-1.9985 0.660484
-1.9935 0.663501
-1.98849 0.666538
-1.98349 0.669597
-1.97849 0.672675
-1.97349 0.675775
-1.96848 0.678896
-1.96348 0.682037
-1.95848 0.6852
-1.95348 0.688384
-1.94847 0.691589
-1.94347 0.694816
-1.93847 0.698064
-1.93347 0.701333
-1.92846 0.704624
-1.92346 0.707937
-1.91846 0.711271
-1.91346 0.714627
-1.90845 0.718005
-1.90345 0.721405
-1.89845 0.724827
-1.89345 0.728272
-1.88844 0.731738
-1.88344 0.735226
-1.87844 0.738737
-1.87344 0.74227
-1.86843 0.745826
-1.86343 0.749404
-1.85843 0.753005
-1.85343 0.756629
-1.84842 0.760275
-1.84342 0.763944
-1.83842 0.767636
-1.83342 0.771351
-1.82841 0.775089
-1.82341 0.77885
-1.81841 0.782634
-1.81341 0.786441
-1.8084 0.790272
-1.8034 0.794126
-1.7984 0.798003
-1.7934 0.801904
-1.78839 0.805828
-1.78339 0.809776
-1.77839 0.813748
-1.77339 0.817743
-1.76838 0.821762
-1.76338 0.825805
-1.75838 0.829871
-1.75338 0.833962
-1.74837 0.838076
-1.74337 0.842215
-1.73837 0.846378
-1.73337 0.850564
-1.72836 0.854775
-1.72336 0.85901
-1.71836 0.86327
-1.71336 0.867554
-1.70835 0.871862
-1.70335 0.876194
-1.69835 0.880551
-1.69335 0.884933
-1.68834 0.889339
-1.68334 0.893769
-1.67834 0.898224
-1.67334 0.902704
-1.66833 0.907208
-1.66333 0.911737
-1.65833 0.916291
-1.65333 0.92087
-1.64832 0.925473
-1.64332 0.930101
-1.63832 0.934754
-1.63332 0.939432
-1.62831 0.944135
-1.62331 0.948863
-1.61831 0.953615
-1.61331 0.958393
-1.6083 0.963195
-1.6033 0.968023
-1.5983 0.972875
-1.5933 0.977753
-1.58829 0.982655
-1.58329 0.987583
-1.57829 0.992535
-1.57329 0.997513
-1.56828 1.00252
-1.56328 1.00754
-1.55828 1.0126
-1.55328 1.01767
-1.54827 1.02278
-1.54327 1.0279
-1.53827 1.03306
-1.53327 1.03823
-1.52826 1.04344
-1.52326 1.04866
-1.51826 1.05392
-1.51326 1.05919
-1.50825 1.0645
-1.50325 1.06982
-1.49825 1.07518
-1.49325 1.08055
-1.48824 1.08595
-1.48324 1.09138
-1.47824 1.09683
-1.47324 1.10231
-1.46823 1.10781
-1.46323 1.11333
-1.45823 1.11888
-1.45323 1.12446
-1.44822 1.13005
-1.44322 1.13568
-1.43822 1.14132
-1.43322 1.147
-1.42821 1.15269
-1.42321 1.15841
-1.41821 1.16416
-1.41321 1.16992
-1.4082 1.17572
-1.4032 1.18153
-1.3982 1.18737
-1.3932 1.19323
-1.38819 1.19912
-1.38319 1.20503
-1.37819 1.21097
-1.37319 1.21692
-1.36818 1.2229
-1.36318 1.22891
-1.35818 1.23494
-1.35318 1.24099
-1.34817 1.24706
-1.34317 1.25315
-1.33817 1.25927
-1.33317 1.26541
-1.32816 1.27158
-1.32316 1.27776
-1.31816 1.28397
-1.31316 1.2902
-1.30815 1.29645
-1.30315 1.30273
-1.29815 1.30902
-1.29315 1.31534
-1.28814 1.32168
-1.28314 1.32804
-1.27814 1.33442
-1.27314 1.34082
-1.26813 1.34725
-1.26313 1.35369
-1.25813 1.36015
-1.25313 1.36664
-1.24812 1.37314
-1.24312 1.37967
-1.23812 1.38621
-1.23312 1.39278
-1.22811 1.39936
-1.22311 1.40596
-1.21811 1.41258
-1.21311 1.41923
-1.2081 1.42588
-1.2031 1.43256
-1.1981 1.43926
-1.1931 1.44597
-1.18809 1.45271
-1.18309 1.45946
-1.17809 1.46622
-1.17309 1.47301
-1.16808 1.47981
-1.16308 1.48663
-1.15808 1.49347
-1.15308 1.50032
-1.14807 1.50719
-1.14307 1.51407
-1.13807 1.52097
-1.13307 1.52788
-1.12806 1.53482
-1.12306 1.54176
-1.11806 1.54872
-1.11306 1.55569
-1.10805 1.56268
-1.10305 1.56968
-1.09805 1.5767
-1.09305 1.58373
-1.08804 1.59077
-1.08304 1.59783
-1.07804 1.60489
-1.07304 1.61197
-1.06803 1.61906
-1.06303 1.62617
-1.05803 1.63328
-1.05303 1.64041
-1.04802 1.64754
-1.04302 1.65469
-1.03802 1.66184
-1.03302 1.66901
-1.02801 1.67619
-1.02301 1.68337
-1.01801 1.69056
-1.01301 1.69776
-1.008 1.70497
-1.003 1.71219
-0.997999 1.71942
-0.992996 1.72665
-0.987994 1.73389
-0.982991 1.74113
-0.977989 1.74838
-0.972986 1.75564
-0.967984 1.7629
-0.962981 1.77017
-0.957979 1.77744
-0.952976 1.78472
-0.947974 1.792
-0.942971 1.79928
-0.937969 1.80656
-0.932966 1.81385
-0.927964 1.82114
-0.922961 1.82844
-0.917959 1.83573
-0.912956 1.84303
-0.907954 1.85032
-0.902951 1.85762
-0.897949 1.86491
-0.892946 1.87221
-0.887944 1.8795
-0.882941 1.8868
-0.877939 1.89409
-0.872936 1.90138
-0.867934 1.90867
-0.862931 1.91595
-0.857929 1.92323
-0.852926 1.93051
-0.847924 1.93778
-0.842921 1.94504
-0.837919 1.95231
-0.832916 1.95956
-0.827914 1.96681
-0.822911 1.97405
-0.817909 1.98129
-0.812906 1.98852
-0.807904 1.99574
-0.802901 2.00295
-0.797899 2.01016
-0.792896 2.01735
-0.787894 2.02453
-0.782891 2.03171
-0.777889 2.03887
-0.772886 2.04602
-0.767884 2.05316
-0.762881 2.06029
-0.757879 2.06741
-0.752876 2.07451
-0.747874 2.0816
-0.742871 2.08867
-0.737869 2.09573
-0.732866 2.10278
-0.727864 2.10981
-0.722861 2.11682
-0.717859 2.12382
-0.712856 2.1308
-0.707854 2.13776
-0.702851 2.14471
-0.697849 2.15163
-0.692846 2.15854
-0.687844 2.16542
-0.682841 2.17229
-0.677839 2.17914
-0.672836 2.18596
-0.667834 2.19277
-0.662831 2.19955
-0.657829 2.20631
-0.652826 2.21305
-0.647824 2.21976
-0.642821 2.22645
-0.637819 2.23311
-0.632816 2.23975
-0.627814 2.24637
-0.622811 2.25295
-0.617809 2.25951
-0.612806 2.26605
-0.607804 2.27255
-0.602801 2.27903
-0.597799 2.28548
-0.592796 2.2919
-0.587794 2.29829
-0.582791 2.30465
-0.577789 2.31098
-0.572786 2.31728
-0.567784 2.32355
-0.562781 2.32978
-0.557779 2.33598
-0.552776 2.34215
-0.547774 2.34829
-0.542771 2.35439
-0.537769 2.36045
-0.532766 2.36648
-0.527764 2.37248
-0.522761 2.37844
-0.517759 2.38436
-0.512756 2.39024
-0.507754 2.39609
-0.502751 2.4019
-0.497749 2.40767
-0.492746 2.4134
-0.487744 2.41909
-0.482741 2.42474
-0.477739 2.43035
-0.472736 2.43592
-0.467734 2.44145
-0.462731 2.44694
-0.457729 2.45238
-0.452726 2.45778
-0.447724 2.46313
-0.442721 2.46845
-0.437719 2.47371
-0.432716 2.47894
-0.427714 2.48411
-0.422711 2.48925
-0.417709 2.49433
-0.412706 2.49937
-0.407704 2.50436
-0.402701 2.5093
-0.397699 2.5142
-0.392696 2.51905
-0.387694 2.52384
-0.382691 2.52859
-0.377689 2.53329
-0.372686 2.53794
-0.367684 2.54254
-0.362681 2.54708
-0.357679 2.55158
-0.352676 2.55602
-0.347674 2.56041
-0.342671 2.56475
-0.337669 2.56903
-0.332666 2.57326
-0.327664 2.57744
-0.322661 2.58156
-0.317659 2.58563
-0.312656 2.58964
-0.307654 2.5936
-0.302651 2.5975
-0.297649 2.60135
-0.292646 2.60513
-0.287644 2.60886
-0.282641 2.61254
-0.277639 2.61615
-0.272636 2.61971
-0.267634 2.62321
-0.262631 2.62665
-0.257629 2.63003
-0.252626 2.63336
-0.247624 2.63662
-0.242621 2.63982
-0.237619 2.64296
-0.232616 2.64605
-0.227614 2.64907
-0.222611 2.65203
-0.217609 2.65493
-0.212606 2.65776
-0.207604 2.66054
-0.202601 2.66325
-0.197599 2.6659
-0.192596 2.66848
-0.187594 2.67101
-0.182591 2.67347
-0.177589 2.67586
-0.172586 2.6782
-0.167584 2.68047
-0.162581 2.68267
-0.157579 2.68481
-0.152576 2.68689
-0.147574 2.6889
-0.142571 2.69084
-0.137569 2.69272
-0.132566 2.69454
-0.127564 2.69628
-0.122561 2.69797
-0.117559 2.69958
-0.112556 2.70114
-0.107554 2.70262
-0.102551 2.70404
-0.0975488 2.70539
-0.0925463 2.70667
-0.0875438 2.70789
-0.0825413 2.70904
-0.0775388 2.71013
-0.0725363 2.71114
-0.0675338 2.71209
-0.0625313 2.71297
-0.0575288 2.71379
-0.0525263 2.71454
-0.0475238 2.71521
-0.0425213 2.71583
-0.0375188 2.71637
-0.0325163 2.71685
-0.0275138 2.71725
-0.0225113 2.71759
-0.0175088 2.71787
-0.0125063 2.71807
-0.00750375 2.71821
-0.00250125 2.71827
0.00250125 2.71827
0.00750375 2.71821
0.0125063 2.71807
0.0175088 2.71787
0.0225113 2.71759
0.0275138 2.71725
0.0325163 2.71685
0.0375188 2.71637
0.0425213 2.71583
0.0475238 2.71521
0.0525263 2.71454
0.0575288 2.71379
0.0625313 2.71297
0.0675338 2.71209
0.0725363 2.71114
0.0775388 2.71013
0.0825413 2.70904
0.0875438 2.70789
0.0925463 2.70667
0.0975488 2.70539
0.102551 2.70404
0.107554 2.70262
0.112556 2.70114
0.117559 2.69958
0.122561 2.69797
0.127564 2.69628
0.132566 2.69454
0.137569 2.69272
0.142571 2.69084
0.147574 2.6889
0.152576 2.68689
0.157579 2.68481
0.162581 2.68267
0.167584 2.68047
0.172586 2.6782
0.177589 2.67586
0.182591 2.67347
0.187594 2.67101
0.192596 2.66848
0.197599 2.6659
0.202601 2.66325
0.207604 2.66054
0.212606 2.65776
0.217609 2.65493
0.222611 2.65203
0.227614 2.64907
0.232616 2.64605
0.237619 2.64296
0.242621 2.63982
0.247624 2.63662
0.252626 2.63336
0.257629 2.63003
0.262631 2.62665
0.267634 2.62321
0.272636 2.61971
0.277639 2.61615
0.282641 2.61254
0.287644 2.60886
0.292646 2.60513
0.297649 2.60135
0.302651 2.5975
0.307654 2.5936
0.312656 2.58964
0.317659 2.58563
0.322661 2.58156
0.327664 2.57744
0.332666 2.57326
0.337669 2.56903
0.342671 2.56475
0.347674 2.56041
0.352676 2.55602
0.357679 2.55158
0.362681 2.54708
0.367684 2.54254
0.372686 2.53794
0.377689 2.53329
0.382691 2.52859
0.387694 2.52384
0.392696 2.51905
0.397699 2.5142
0.402701 2.5093
0.407704 2.50436
0.412706 2.49937
0.417709 2.49433
0.422711 2.48925
0.427714 2.48411
0.432716 2.47894
0.437719 2.47371
0.442721 2.46845
0.447724 2.46313
0.452726 2.45778
0.457729 2.45238
0.462731 2.44694
0.467734 2.44145
0.472736 2.43592
0.477739 2.43035
0.482741 2.42474
0.487744 2.41909
0.492746 2.4134
0.497749 2.40767
0.502751 2.4019
0.507754 2.39609
0.512756 2.39024
0.517759 2.38436
0.522761 2.37844
0.527764 2.37248
0.532766 2.36648
0.537769 2.36045
0.542771 2.35439
0.547774 2.34829
0.552776 2.34215
0.557779 2.33598
0.562781 2.32978
0.567784 2.32355
0.572786 2.31728
0.577789 2.31098
0.582791 2.30465
0.587794 2.29829
0.592796 2.2919
0.597799 2.28548
0.602801 2.27903
0.607804 2.27255
0.612806 2.26605
0.617809 2.25951
0.622811 2.25295
0.627814 2.24637
0.632816 2.23975
0.637819 2.23311
0.642821 2.22645
0.647824 2.21976
0.652826 2.21305
0.657829 2.20631
0.662831 2.19955
0.667834 2.19277
0.672836 2.18596
0.677839 2.17914
0.682841 2.17229
0.687844 2.16542
0.692846 2.15854
0.697849 2.15163
0.702851 2.14471
0.707854 2.13776
0.712856 2.1308
0.717859 2.12382
0.722861 2.11682
0.727864 2.10981
0.732866 2.10278
0.737869 2.09573
0.742871 2.08867
0.747874 2.0816
0.752876 2.07451
0.757879 2.06741
0.762881 2.06029
0.767884 2.05316
0.772886 2.04602
0.777889 2.03887
0.782891 2.03171
0.787894 2.02453
0.792896 2.01735
0.797899 2.01016
0.802901 2.00295
0.807904 1.99574
0.812906 1.98852
0.817909 1.98129
0.822911 1.97405
0.827914 1.96681
0.832916 1.95956
0.837919 1.95231
0.842921 1.94504
0.847924 1.93778
0.852926 1.93051
0.857929 1.92323
0.862931 1.91595
0.867934 1.90867
0.872936 1.90138
0.877939 1.89409
0.882941 1.8868
0.887944 1.8795
0.892946 1.87221
0.897949 1.86491
0.902951 1.85762
0.907954 1.85032
0.912956 1.84303
0.917959 1.83573
0.922961 1.82844
0.927964 1.82114
0.932966 1.81385
0.937969 1.80656
0.942971 1.79928
0.947974 1.792
0.952976 1.78472
0.957979 1.77744
0.962981 1.77017
0.967984 1.7629
0.972986 1.75564
0.977989 1.74838
0.982991 1.74113
0.987994 1.73389
0.992996 1.72665
0.997999 1.71942
1.003 1.71219
1.008 1.70497
1.01301 1.69776
1.01801 1.69056
1.02301 1.68337
1.02801 1.67619
1.03302 1.66901
1.03802 1.66184
1.04302 1.65469
1.04802 1.64754
1.05303 1.64041
1.05803 1.63328
1.06303 1.62617
1.06803 1.61906
1.07304 1.61197
1.07804 1.60489
1.08304 1.59783
1.08804 1.59077
1.09305 1.58373
1.09805 1.5767
1.10305 1.56968
1.10805 1.56268
1.11306 1.55569
1.11806 1.54872
1.12306 1.54176
1.12806 1.53482
1.13307 1.52788
1.13807 1.52097
1.14307 1.51407
1.14807 1.50719
1.15308 1.50032
1.15808 1.49347
1.16308 1.48663
1.16808 1.47981
1.17309 1.47301
1.17809 1.46622
1.18309 1.45946
1.18809 1.45271
1.1931 1.44597
1.1981 1.43926
1.2031 1.43256
1.2081 1.42588
1.21311 1.41923
1.21811 1.41258
1.22311 1.40596
1.22811 1.39936
1.23312 1.39278
1.23812 1.38621
1.24312 1.37967
1.24812 1.37314
1.25313 1.36664
1.25813 1.36015
1.26313 1.35369
1.26813 1.34725
1.27314 1.34082
1.27814 1.33442
1.28314 1.32804
1.28814 1.32168
1.29315 1.31534
1.29815 1.30902
1.30315 1.30273
1.30815 1.29645
1.31316 1.2902
1.31816 1.28397
1.32316 1.27776
1.32816 1.27158
1.33317 1.26541
1.33817 1.25927
1.34317 1.25315
1.34817 1.24706
1.35318 1.24099
1.35818 1.23494
1.36318 1.22891
1.36818 1.2229
1.37319 1.21692
1.37819 1.21097
1.38319 1.20503
1.38819 1.19912
1.3932 1.19323
1.3982 1.18737
1.4032 1.18153
1.4082 1.17572
1.41321 1.16992
1.41821 1.16416
1.42321 1.15841
1.42821 1.15269
1.43322 1.147
1.43822 1.14132
1.44322 1.13568
1.44822 1.13005
1.45323 1.12446
1.45823 1.11888
1.46323 1.11333
1.46823 1.10781
1.47324 1.10231
1.47824 1.09683
1.48324 1.09138
1.48824 1.08595
1.49325 1.08055
1.49825 1.07518
1.50325 1.06982
1.50825 1.0645
1.51326 1.05919
1.51826 1.05392
1.52326 1.04866
1.52826 1.04344
1.53327 1.03823
1.53827 1.03306
1.54327 1.0279
1.54827 1.02278
1.55328 1.01767
1.55828 1.0126
1.56328 1.00754
1.56828 1.00252
1.57329 0.997513
1.57829 0.992535
1.58329 0.987583
1.58829 0.982655
1.5933 0.977753
1.5983 0.972875
1.6033 0.968023
1.6083 0.963195
1.61331 0.958393
1.61831 0.953615
1.62331 0.948863
1.62831 0.944135
1.63332 0.939432
1.63832 0.934754
1.64332 0.930101
1.64832 0.925473
1.65333 0.92087
1.65833 0.916291
1.66333 0.911737
1.66833 0.907208
1.67334 0.902704
1.67834 0.898224
1.68334 0.893769
1.68834 0.889339
1.69335 0.884933
1.69835 0.880551
1.70335 0.876194
1.70835 0.871862
1.71336 0.867554
1.71836 0.86327
1.72336 0.85901
1.72836 0.854775
1.73337 0.850564
1.73837 0.846378
1.74337 0.842215
1.74837 0.838076
1.75338 0.833962
1.75838 0.829871
1.76338 0.825805
1.76838 0.821762
1.77339 0.817743
1.77839 0.813748
1.78339 0.809776
1.78839 0.805828
1.7934 0.801904
1.7984 0.798003
1.8034 0.794126
1.8084 0.790272
1.81341 0.786441
1.81841 0.782634
1.82341 0.77885
1.82841 0.775089
1.83342 0.771351
1.83842 0.767636
1.84342 0.763944
1.84842 0.760275
1.85343 0.756629
1.85843 0.753005
1.86343 0.749404
1.86843 0.745826
1.87344 0.74227
1.87844 0.738737
1.88344 0.735226
1.88844 0.731738
1.89345 0.728272
1.89845 0.724827
1.90345 0.721405
1.90845 0.718005
1.91346 0.714627
1.91846 0.711271
1.92346 0.707937
1.92846 0.704624
1.93347 0.701333
1.93847 0.698064
1.94347 0.694816
1.94847 0.691589
1.95348 0.688384
1.95848 0.6852
1.96348 0.682037
1.96848 0.678896
1.97349 0.675775
1.97849 0.672675
1.98349 0.669597
1.98849 0.666538
1.9935 0.663501
1.9985 0.660484
2.0035 0.657488
2.0085 0.654512
2.01351 0.651557
2.01851 0.648622
2.02351 0.645707
2.02851 0.642813
2.03352 0.639938
2.03852 0.637083
2.04352 0.634248
2.04852 0.631433
2.05353 0.628638
2.05853 0.625863
2.06353 0.623107
2.06853 0.62037
2.07354 0.617653
2.07854 0.614955
2.08354 0.612276
2.08854 0.609617
2.09355 0.606977
2.09855 0.604355
2.10355 0.601753
2.10855 0.599169
2.11356 0.596604
2.11856 0.594058
2.12356 0.59153
2.12856 0.589021
2.13357 0.58653
2.13857 0.584058
2.14357 0.581603
2.14857 0.579167
2.15358 0.576749
2.15858 0.574349
2.16358 0.571967
2.16858 0.569603
2.17359 0.567257
2.17859 0.564928
2.18359 0.562617
2.18859 0.560323
2.1936 0.558047
2.1986 0.555788
2.2036 0.553547
2.2086 0.551322
2.21361 0.549115
2.21861 0.546925
2.22361 0.544752
2.22861 0.542595
2.23362 0.540456
2.23862 0.538333
2.24362 0.536227
2.24862 0.534137
2.25363 0.532064
2.25863 0.530007
2.26363 0.527967
2.26863 0.525943
2.27364 0.523935
2.27864 0.521943
2.28364 0.519967
2.28864 0.518008
2.29365 0.516064
2.29865 0.514136
2.30365 0.512223
2.30865 0.510326
2.31366 0.508445
2.31866 0.50658
2.32366 0.50473
2.32866 0.502895
2.33367 0.501075
2.33867 0.499271
2.34367 0.497482
2.34867 0.495707
2.35368 0.493948
2.35868 0.492204
2.36368 0.490475
2.36868 0.48876
2.37369 0.48706
2.37869 0.485375
2.38369 0.483705
2.38869 0.482049
2.3937 0.480407
2.3987 0.47878
2.4037 0.477167
2.4087 0.475568
2.41371 0.473984
2.41871 0.472413
2.42371 0.470857
2.42871 0.469314
2.43372 0.467786
2.43872 0.466271
2.44372 0.46477
2.44872 0.463283
2.45373 0.46181
2.45873 0.46035
2.46373 0.458903
2.46873 0.45747
2.47374 0.456051
2.47874 0.454644
2.48374 0.453251
2.48874 0.451872
2.49375 0.450505
2.49875 0.449152
2.50375 0.447811
2.50875 0.446484
2.51376 0.445169
2.51876 0.443868
2.52376 0.442579
2.52876 0.441303
2.53377 0.440039
2.53877 0.438788
2.54377 0.43755
2.54877 0.436324
2.55378 0.435111
2.55878 0.43391
2.56378 0.432722
2.56878 0.431545
2.57379 0.430382
2.57879 0.42923
2.58379 0.42809
2.58879 0.426963
2.5938 0.425847
2.5988 0.424744
2.6038 0.423652
2.6088 0.422572
2.61381 0.421505
2.61881 0.420449
2.62381 0.419404
2.62881 0.418372
2.63382 0.417351
2.63882 0.416341
2.64382 0.415344
2.64882 0.414357
2.65383 0.413382
2.65883 0.412419
2.66383 0.411467
2.66883 0.410526
2.67384 0.409597
2.67884 0.408678
2.68384 0.407771
2.68884 0.406875
2.69385 0.40599
2.69885 0.405117
2.70385 0.404254
2.70885 0.403402
2.71386 0.402561
2.71886 0.401732
2.72386 0.400912
2.72886 0.400104
2.73387 0.399307
2.73887 0.39852
2.74387 0.397744
2.74887 0.396979
2.75388 0.396224
2.75888 0.39548
2.76388 0.394746
2.76888 0.394023
2.77389 0.393311
2.77889 0.392609
2.78389 0.391917
2.78889 0.391236
2.7939 0.390565
2.7989 0.389905
2.8039 0.389254
2.8089 0.388614
2.81391 0.387985
2.81891 0.387365
2.82391 0.386756
2.82891 0.386156
2.83392 0.385567
2.83892 0.384988
2.84392 0.384419
2.84892 0.38386
2.85393 0.383311
2.85893 0.382772
2.86393 0.382243
2.86893 0.381724
2.87394 0.381214
2.87894 0.380715
2.88394 0.380225
2.88894 0.379746
2.89395 0.379276
2.89895 0.378815
2.90395 0.378365
2.90895 0.377924
2.91396 0.377493
2.91896 0.377072
2.92396 0.37666
2.92896 0.376258
2.93397 0.375866
2.93897 0.375483
2.94397 0.37511
2.94897 0.374746
2.95398 0.374392
2.95898 0.374047
2.96398 0.373712
2.96898 0.373387
2.97399 0.373071
2.97899 0.372764
2.98399 0.372467
2.98899 0.372179
2.994 0.371901
2.999 0.371632
3.004 0.371372
3.009 0.371122
3.01401 0.370882
3.01901 0.37065
3.02401 0.370428
3.02901 0.370215
3.03402 0.370012
3.03902 0.369818
3.04402 0.369633
3.04902 0.369457
3.05403 0.369291
3.05903 0.369134
3.06403 0.368987
3.06903 0.368848
3.07404 0.368719
3.07904 0.368599
3.08404 0.368488
3.08904 0.368387
3.09405 0.368295
3.09905 0.368212
3.10405 0.368138
3.10905 0.368074
3.11406 0.368018
3.11906 0.367972
3.12406 0.367935
3.12906 0.367908
3.13407 0.367889
3.13907 0.36788
3.14407 0.36788
3.14907 0.367889
3.15408 0.367907
3.15908 0.367935
3.16408 0.367971
3.16908 0.368017
3.17409 0.368073
3.17909 0.368137
3.18409 0.368211
3.18909 0.368294
3.1941 0.368386
3.1991 0.368487
3.2041 0.368598
3.2091 0.368717
3.21411 0.368846
3.21911 0.368985
3.22411 0.369132
3.22911 0.369289
3.23412 0.369455
3.23912 0.369631
3.24412 0.369815
3.24912 0.370009
3.25413 0.370213
3.25913 0.370425
3.26413 0.370647
3.26913 0.370879
3.27414 0.371119
3.27914 0.371369
3.28414 0.371629
3.28914 0.371898
3.29415 0.372176
3.29915 0.372464
3.30415 0.372761
3.30915 0.373067
3.31416 0.373383
3.31916 0.373709
3.32416 0.374044
3.32916 0.374388
3.33417 0.374742
3.33917 0.375106
3.34417 0.375479
3.34917 0.375862
3.35418 0.376254
3.35918 0.376656
3.36418 0.377068
3.36918 0.377489
3.37419 0.37792
3.37919 0.378361
3.38419 0.378811
3.38919 0.379271
3.3942 0.379741
3.3992 0.380221
3.4042 0.380711
3.4092 0.38121
3.41421 0.381719
3.41921 0.382238
3.42421 0.382767
3.42921 0.383306
3.43422 0.383855
3.43922 0.384414
3.44422 0.384983
3.44922 0.385562
3.45423 0.386151
3.45923 0.38675
3.46423 0.387359
3.46923 0.387979
3.47424 0.388608
3.47924 0.389248
3.48424 0.389898
3.48924 0.390559
3.49425 0.391229
3.49925 0.39191
3.50425 0.392602
3.50925 0.393303
3.51426 0.394015
3.51926 0.394738
3.52426 0.395471
3.52926 0.396215
3.53427 0.396969
3.53927 0.397734
3.54427 0.39851
3.54927 0.399296
3.55428 0.400093
3.55928 0.400901
3.56428 0.40172
3.56928 0.402549
3.57429 0.403389
3.57929 0.40424
3.58429 0.405103
3.58929 0.405976
3.5943 0.40686
3.5993 0.407755
3.6043 0.408662
3.6093 0.409579
3.61431 0.410508
3.61931 0.411448
3.62431 0.4124
3.62931 0.413363
3.63432 0.414337
3.63932 0.415322
3.64432 0.41632
3.64932 0.417328
3.65433 0.418349
3.65933 0.41938
3.66433 0.420424
3.66933 0.421479
3.67434 0.422547
3.67934 0.423626
3.68434 0.424716
3.68934 0.425819
3.69435 0.426934
3.69935 0.428061
3.70435 0.4292
3.70935 0.430351
3.71436 0.431515
3.71936 0.43269
3.72436 0.433878
3.72936 0.435079
3.73437 0.436292
3.73937 0.437517
3.74437 0.438755
3.74937 0.440005
3.75438 0.441268
3.75938 0.442544
3.76438 0.443833
3.76938 0.445135
3.77439 0.446449
3.77939 0.447777
3.78439 0.449117
3.78939 0.450471
3.7944 0.451837
3.7994 0.453217
3.8044 0.454611
3.8094 0.456017
3.81441 0.457437
3.81941 0.45887
3.82441 0.460317
3.82941 0.461778
3.83442 0.463252
3.83942 0.46474
3.84442 0.466241
3.84942 0.467757
3.85443 0.469286
3.85943 0.470829
3.86443 0.472387
3.86943 0.473958
3.87444 0.475543
3.87944 0.477143
3.88444 0.478757
3.88944 0.480385
3.89445 0.482028
3.89945 0.483684
3.90445 0.485356
3.90945 0.487042
3.91446 0.488742
3.91946 0.490458
3.92446 0.492187
3.92946 0.493932
3.93447 0.495691
3.93947 0.497466
3.94447 0.499255
3.94947 0.501059
3.95448 0.502879
3.95948 0.504713
3.96448 0.506562
3.96948 0.508427
3.97449 0.510307
3.97949 0.512202
3.98449 0.514112
3.98949 0.516038
3.9945 0.51798
3.9995 0.519937
4.0045 0.521909
4.0095 0.523897
4.01451 0.5259
4.01951 0.52792
4.02451 0.529955
4.02951 0.532006
4.03452 0.534072
4.03952 0.536155
4.04452 0.538253
4.04952 0.540368
4.05453 0.542498
4.05953 0.544645
4.06453 0.546808
4.06953 0.548987
4.07454 0.551183
4.07954 0.553394
4.08454 0.555622
4.08954 0.557867
4.09455 0.560128
4.09955 0.562406
4.10455 0.564701
4.10955 0.567012
4.11456 0.56934
4.11956 0.571685
4.12456 0.574047
4.12956 0.576426
4.13457 0.578822
4.13957 0.581236
4.14457 0.583667
4.14957 0.586116
4.15458 0.588582
4.15958 0.591066
4.16458 0.593567
4.16958 0.596087
4.17459 0.598625
4.17959 0.601181
4.18459 0.603755
4.18959 0.606348
4.1946 0.60896
4.1996 0.61159
4.2046 0.614239
4.2096 0.616908
4.21461 0.619596
4.21961 0.622304
4.22461 0.625031
4.22961 0.627778
4.23462 0.630546
4.23962 0.633333
4.24462 0.636141
4.24962 0.63897
4.25463 0.64182
4.25963 0.644692
4.26463 0.647584
4.26963 0.650499
4.27464 0.653435
4.27964 0.656393
4.28464 0.659374
4.28964 0.662377
4.29465 0.665403
4.29965 0.668453
4.30465 0.671525
4.30965 0.674621
4.31466 0.677741
4.31966 0.680885
4.32466 0.684052
4.32966 0.687245
4.33467 0.690461
4.33967 0.693703
4.34467 0.696969
4.34967 0.70026
4.35468 0.703576
4.35968 0.706917
4.36468 0.710283
4.36968 0.713675
4.37469 0.717091
4.37969 0.720533
4.38469 0.724
4.38969 0.727491
4.3947 0.731007
4.3997 0.734548
4.4047 0.738113
4.4097 0.741701
4.41471 0.745313
4.41971 0.748949
4.42471 0.752606
4.42971 0.756285
4.43472 0.759986
4.43972 0.763707
4.44472 0.767447
4.44972 0.771206
4.45473 0.774982
4.45973 0.778775
4.46473 0.782583
4.46973 0.786404
4.47474 0.790238
4.47974 0.794082
4.48474 0.797936
4.48974 0.801796
4.49475 0.805662
4.49975 0.809531
4.50475 0.813401
4.50975 0.817269
4.51476 0.821132
4.51976 0.82499
4.52476 0.828837
4.52976 0.832672
4.53477 0.836492
4.53977 0.840292
4.54477 0.844071
4.54977 0.847823
4.55478 0.851546
4.55978 0.855236
4.56478 0.858888
4.56978 0.8625
4.57479 0.866065
4.57979 0.869581
4.58479 0.873043
4.58979 0.876446
4.5948 0.879785
4.5998 0.883057
4.6048 0.886256
4.6098 0.889378
4.61481 0.892418
4.61981 0.895371
4.62481 0.898232
4.62981 0.900997
4.63482 0.903662
4.63982 0.906222
4.64482 0.908672
4.64982 0.911009
4.65483 0.913229
4.65983 0.915328
4.66483 0.917303
4.66983 0.919151
4.67484 0.920869
4.67984 0.922456
4.68484 0.92391
4.68984 0.925229
4.69485 0.926414
4.69985 0.927465
4.70485 0.928384
4.70985 0.929171
4.71486 0.929829
4.71986 0.930363
4.72486 0.930778
4.72986 0.931079
4.73487 0.931273
4.73987 0.931368
4.74487 0.931375
4.74987 0.931305
4.75488 0.931169
4.75988 0.930983
4.76488 0.930761
4.76988 0.930521
4.77489 0.930283
4.77989 0.930067
4.78489 0.929896
4.78989 0.929795
4.7949 0.92979
4.7999 0.92991
4.8049 0.930185
4.8099 0.930647
4.81491 0.93133
4.81991 0.932271
4.82491 0.933507
4.82991 0.935076
4.83492 0.937021
4.83992 0.939382
4.84492 0.942203
4.84992 0.945528
4.85493 0.9494
4.85993 0.953865
4.86493 0.958965
4.86993 0.964746
4.87494 0.971248
4.87994 0.978512
4.88494 0.986575
4.88994 0.99547
4.89495 1.00523
4.89995 1.01587
4.90495 1.02741
4.90995 1.03987
4.91496 1.05324
4.91996 1.0675
4.92496 1.08264
4.92996 1.09861
4.93497 1.11536
4.93997 1.13281
4.94497 1.15087
4.94997 1.1694
4.95498 1.18825
4.95998 1.20725
4.96498 1.22616
4.96998 1.24474
4.97499 1.26266
4.97999 1.27958
4.98499 1.29508
4.98999 1.30869
4.995 1.31986
5 1.32798
