-3 -0.339557
-2.99399 -0.327326
-2.98799 -0.315119
-2.98198 -0.302937
-2.97598 -0.290779
-2.96997 -0.278646
-2.96396 -0.266537
-2.95796 -0.254453
-2.95195 -0.242393
-2.94595 -0.230358
-2.93994 -0.218347
-2.93393 -0.206361
-2.92793 -0.194399
-2.92192 -0.182462
-2.91592 -0.170549
-2.90991 -0.158661
-2.9039 -0.146797
-2.8979 -0.134958
-2.89189 -0.123143
-2.88589 -0.111353
-2.87988 -0.0995876
-2.87387 -0.0878465
-2.86787 -0.0761299
-2.86186 -0.0644378
-2.85586 -0.0527702
-2.84985 -0.0411271
-2.84384 -0.0295086
-2.83784 -0.0179145
-2.83183 -0.00634502
-2.82583 0.0052
-2.81982 0.0167205
-2.81381 0.0282165
-2.80781 0.039688
-2.8018 0.0511349
-2.7958 0.0625574
-2.78979 0.0739553
-2.78378 0.0853288
-2.77778 0.0966777
-2.77177 0.108002
-2.76577 0.119302
-2.75976 0.130577
-2.75375 0.141828
-2.74775 0.153055
-2.74174 0.164256
-2.73574 0.175434
-2.72973 0.186587
-2.72372 0.197715
-2.71772 0.208819
-2.71171 0.219898
-2.70571 0.230953
-2.6997 0.241983
-2.69369 0.252989
-2.68769 0.26397
-2.68168 0.274927
-2.67568 0.285859
-2.66967 0.296767
-2.66366 0.30765
-2.65766 0.318509
-2.65165 0.329343
-2.64565 0.340153
-2.63964 0.350938
-2.63363 0.361698
-2.62763 0.372434
-2.62162 0.383146
-2.61562 0.393833
-2.60961 0.404496
-2.6036 0.415134
-2.5976 0.425747
-2.59159 0.436336
-2.58559 0.446901
-2.57958 0.457441
-2.57357 0.467957
-2.56757 0.478448
-2.56156 0.488914
-2.55556 0.499356
-2.54955 0.509774
-2.54354 0.520167
-2.53754 0.530535
-2.53153 0.540879
-2.52553 0.551198
-2.51952 0.561493
-2.51351 0.571764
-2.50751 0.58201
-2.5015 0.592231
-2.4955 0.602428
-2.48949 0.6126
-2.48348 0.622748
-2.47748 0.632871
-2.47147 0.64297
-2.46547 0.653045
-2.45946 0.663094
-2.45345 0.67312
-2.44745 0.68312
-2.44144 0.693097
-2.43544 0.703048
-2.42943 0.712976
-2.42342 0.722878
-2.41742 0.732757
-2.41141 0.74261
-2.40541 0.75244
-2.3994 0.762244
-2.39339 0.772024
-2.38739 0.78178
-2.38138 0.791511
-2.37538 0.801218
-2.36937 0.8109
-2.36336 0.820558
-2.35736 0.830191
-2.35135 0.839799
-2.34535 0.849383
-2.33934 0.858943
-2.33333 0.868478
-2.32733 0.877989
-2.32132 0.887475
-2.31532 0.896936
-2.30931 0.906373
-2.3033 0.915786
-2.2973 0.925174
-2.29129 0.934537
-2.28529 0.943876
-2.27928 0.95319
-2.27327 0.96248
-2.26727 0.971746
-2.26126 0.980987
-2.25526 0.990203
-2.24925 0.999395
-2.24324 1.00856
-2.23724 1.01771
-2.23123 1.02682
-2.22523 1.03592
-2.21922 1.04499
-2.21321 1.05403
-2.20721 1.06305
-2.2012 1.07205
-2.1952 1.08102
-2.18919 1.08997
-2.18318 1.09889
-2.17718 1.10779
-2.17117 1.11666
-2.16517 1.12551
-2.15916 1.13433
-2.15315 1.14313
-2.14715 1.15191
-2.14114 1.16066
-2.13514 1.16938
-2.12913 1.17809
-2.12312 1.18676
-2.11712 1.19542
-2.11111 1.20404
-2.10511 1.21265
-2.0991 1.22123
-2.09309 1.22978
-2.08709 1.23831
-2.08108 1.24682
-2.07508 1.2553
-2.06907 1.26375
-2.06306 1.27219
-2.05706 1.28059
-2.05105 1.28898
-2.04505 1.29733
-2.03904 1.30567
-2.03303 1.31398
-2.02703 1.32226
-2.02102 1.33052
-2.01502 1.33876
-2.00901 1.34697
-2.003 1.35516
-1.997 1.36332
-1.99099 1.37146
-1.98498 1.37957
-1.97898 1.38766
-1.97297 1.39572
-1.96697 1.40376
-1.96096 1.41178
-1.95495 1.41977
-1.94895 1.42774
-1.94294 1.43568
-1.93694 1.4436
-1.93093 1.45149
-1.92492 1.45936
-1.91892 1.4672
-1.91291 1.47502
-1.90691 1.48281
-1.9009 1.49059
-1.89489 1.49833
-1.88889 1.50605
-1.88288 1.51375
-1.87688 1.52142
-1.87087 1.52907
-1.86486 1.53669
-1.85886 1.54429
-1.85285 1.55186
-1.84685 1.55941
-1.84084 1.56694
-1.83483 1.57444
-1.82883 1.58192
-1.82282 1.58937
-1.81682 1.59679
-1.81081 1.6042
-1.8048 1.61157
-1.7988 1.61893
-1.79279 1.62626
-1.78679 1.63356
-1.78078 1.64084
-1.77477 1.6481
-1.76877 1.65533
-1.76276 1.66253
-1.75676 1.66972
-1.75075 1.67687
-1.74474 1.68401
-1.73874 1.69112
-1.73273 1.6982
-1.72673 1.70526
-1.72072 1.71229
-1.71471 1.7193
-1.70871 1.72629
-1.7027 1.73325
-1.6967 1.74019
-1.69069 1.7471
-1.68468 1.75399
-1.67868 1.76085
-1.67267 1.76769
-1.66667 1.7745
-1.66066 1.78129
-1.65465 1.78806
-1.64865 1.7948
-1.64264 1.80152
-1.63664 1.80821
-1.63063 1.81488
-1.62462 1.82152
-1.61862 1.82814
-1.61261 1.83473
-1.60661 1.8413
-1.6006 1.84784
-1.59459 1.85436
-1.58859 1.86086
-1.58258 1.86733
-1.57658 1.87378
-1.57057 1.8802
-1.56456 1.8866
-1.55856 1.89297
-1.55255 1.89932
-1.54655 1.90564
-1.54054 1.91194
-1.53453 1.91822
-1.52853 1.92447
-1.52252 1.93069
-1.51652 1.93689
-1.51051 1.94307
-1.5045 1.94922
-1.4985 1.95535
-1.49249 1.96146
-1.48649 1.96753
-1.48048 1.97359
-1.47447 1.97962
-1.46847 1.98562
-1.46246 1.9916
-1.45646 1.99756
-1.45045 2.00349
-1.44444 2.0094
-1.43844 2.01528
-1.43243 2.02114
-1.42643 2.02697
-1.42042 2.03278
-1.41441 2.03857
-1.40841 2.04433
-1.4024 2.05007
-1.3964 2.05578
-1.39039 2.06146
-1.38438 2.06713
-1.37838 2.07276
-1.37237 2.07838
-1.36637 2.08396
-1.36036 2.08953
-1.35435 2.09507
-1.34835 2.10058
-1.34234 2.10607
-1.33634 2.11154
-1.33033 2.11698
-1.32432 2.1224
-1.31832 2.12779
-1.31231 2.13316
-1.30631 2.1385
-1.3003 2.14382
-1.29429 2.14912
-1.28829 2.15439
-1.28228 2.15963
-1.27628 2.16485
-1.27027 2.17005
-1.26426 2.17522
-1.25826 2.18037
-1.25225 2.18549
-1.24625 2.19059
-1.24024 2.19566
-1.23423 2.20071
-1.22823 2.20574
-1.22222 2.21074
-1.21622 2.21572
-1.21021 2.22067
-1.2042 2.22559
-1.1982 2.2305
-1.19219 2.23537
-1.18619 2.24023
-1.18018 2.24506
-1.17417 2.24986
-1.16817 2.25464
-1.16216 2.2594
-1.15616 2.26413
-1.15015 2.26883
-1.14414 2.27351
-1.13814 2.27817
-1.13213 2.2828
-1.12613 2.28741
-1.12012 2.292
-1.11411 2.29655
-1.10811 2.30109
-1.1021 2.3056
-1.0961 2.31009
-1.09009 2.31455
-1.08408 2.31898
-1.07808 2.3234
-1.07207 2.32778
-1.06607 2.33215
-1.06006 2.33648
-1.05405 2.3408
-1.04805 2.34509
-1.04204 2.34935
-1.03604 2.35359
-1.03003 2.35781
-1.02402 2.362
-1.01802 2.36617
-1.01201 2.37031
-1.00601 2.37443
-1 2.37852
-0.993994 2.38259
-0.987988 2.38664
-0.981982 2.39066
-0.975976 2.39465
-0.96997 2.39862
-0.963964 2.40257
-0.957958 2.40649
-0.951952 2.41039
-0.945946 2.41426
-0.93994 2.41811
-0.933934 2.42193
-0.927928 2.42573
-0.921922 2.42951
-0.915916 2.43326
-0.90991 2.43698
-0.903904 2.44068
-0.897898 2.44436
-0.891892 2.44801
-0.885886 2.45164
-0.87988 2.45524
-0.873874 2.45882
-0.867868 2.46238
-0.861862 2.46591
-0.855856 2.46941
-0.84985 2.47289
-0.843844 2.47635
-0.837838 2.47978
-0.831832 2.48319
-0.825826 2.48657
-0.81982 2.48993
-0.813814 2.49326
-0.807808 2.49657
-0.801802 2.49985
-0.795796 2.50311
-0.78979 2.50635
-0.783784 2.50956
-0.777778 2.51275
-0.771772 2.51591
-0.765766 2.51905
-0.75976 2.52216
-0.753754 2.52525
-0.747748 2.52831
-0.741742 2.53135
-0.735736 2.53437
-0.72973 2.53736
-0.723724 2.54032
-0.717718 2.54327
-0.711712 2.54618
-0.705706 2.54907
-0.6997 2.55194
-0.693694 2.55479
-0.687688 2.5576
-0.681682 2.5604
-0.675676 2.56317
-0.66967 2.56591
-0.663664 2.56863
-0.657658 2.57133
-0.651652 2.574
-0.645646 2.57665
-0.63964 2.57927
-0.633634 2.58187
-0.627628 2.58444
-0.621622 2.58699
-0.615616 2.58952
-0.60961 2.59202
-0.603604 2.59449
-0.597598 2.59695
-0.591592 2.59937
-0.585586 2.60177
-0.57958 2.60415
-0.573574 2.60651
-0.567568 2.60883
-0.561562 2.61114
-0.555556 2.61342
-0.54955 2.61567
-0.543544 2.6179
-0.537538 2.62011
-0.531532 2.62229
-0.525526 2.62445
-0.51952 2.62658
-0.513514 2.62869
-0.507508 2.63077
-0.501502 2.63283
-0.495495 2.63487
-0.489489 2.63688
-0.483483 2.63886
-0.477477 2.64082
-0.471471 2.64276
-0.465465 2.64467
-0.459459 2.64656
-0.453453 2.64842
-0.447447 2.65026
-0.441441 2.65207
-0.435435 2.65386
-0.429429 2.65563
-0.423423 2.65737
-0.417417 2.65908
-0.411411 2.66077
-0.405405 2.66244
-0.399399 2.66408
-0.393393 2.6657
-0.387387 2.66729
-0.381381 2.66886
-0.375375 2.67041
-0.369369 2.67193
-0.363363 2.67342
-0.357357 2.67489
-0.351351 2.67634
-0.345345 2.67776
-0.339339 2.67916
-0.333333 2.68053
-0.327327 2.68188
-0.321321 2.6832
-0.315315 2.6845
-0.309309 2.68578
-0.303303 2.68703
-0.297297 2.68825
-0.291291 2.68945
-0.285285 2.69063
-0.279279 2.69178
-0.273273 2.69291
-0.267267 2.69401
-0.261261 2.69509
-0.255255 2.69614
-0.249249 2.69717
-0.243243 2.69818
-0.237237 2.69916
-0.231231 2.70012
-0.225225 2.70105
-0.219219 2.70195
-0.213213 2.70284
-0.207207 2.70369
-0.201201 2.70453
-0.195195 2.70534
-0.189189 2.70612
-0.183183 2.70688
-0.177177 2.70762
-0.171171 2.70833
-0.165165 2.70901
-0.159159 2.70968
-0.153153 2.71031
-0.147147 2.71093
-0.141141 2.71151
-0.135135 2.71208
-0.129129 2.71262
-0.123123 2.71313
-0.117117 2.71362
-0.111111 2.71409
-0.105105 2.71453
-0.0990991 2.71495
-0.0930931 2.71534
-0.0870871 2.71571
-0.0810811 2.71605
-0.0750751 2.71637
-0.0690691 2.71666
-0.0630631 2.71693
-0.0570571 2.71718
-0.0510511 2.7174
-0.045045 2.71759
-0.039039 2.71776
-0.033033 2.71791
-0.027027 2.71803
-0.021021 2.71813
-0.015015 2.71821
-0.00900901 2.71825
-0.003003 2.71828
0.003003 2.71828
0.00900901 2.71825
0.015015 2.71821
0.021021 2.71813
0.027027 2.71803
0.033033 2.71791
0.039039 2.71776
0.045045 2.71759
0.0510511 2.7174
0.0570571 2.71718
0.0630631 2.71693
0.0690691 2.71666
0.0750751 2.71637
0.0810811 2.71605
0.0870871 2.71571
0.0930931 2.71534
0.0990991 2.71495
0.105105 2.71453
0.111111 2.71409
0.117117 2.71362
0.123123 2.71313
0.129129 2.71262
0.135135 2.71208
0.141141 2.71151
0.147147 2.71093
0.153153 2.71031
0.159159 2.70968
0.165165 2.70901
0.171171 2.70833
0.177177 2.70762
0.183183 2.70688
0.189189 2.70612
0.195195 2.70534
0.201201 2.70453
0.207207 2.70369
0.213213 2.70284
0.219219 2.70195
0.225225 2.70105
0.231231 2.70012
0.237237 2.69916
0.243243 2.69818
0.249249 2.69717
0.255255 2.69614
0.261261 2.69509
0.267267 2.69401
0.273273 2.69291
0.279279 2.69178
0.285285 2.69063
0.291291 2.68945
0.297297 2.68825
0.303303 2.68703
0.309309 2.68578
0.315315 2.6845
0.321321 2.6832
0.327327 2.68188
0.333333 2.68053
0.339339 2.67916
0.345345 2.67776
0.351351 2.67634
0.357357 2.67489
0.363363 2.67342
0.369369 2.67193
0.375375 2.67041
0.381381 2.66886
0.387387 2.66729
0.393393 2.6657
0.399399 2.66408
0.405405 2.66244
0.411411 2.66077
0.417417 2.65908
0.423423 2.65737
0.429429 2.65563
0.435435 2.65386
0.441441 2.65207
0.447447 2.65026
0.453453 2.64842
0.459459 2.64656
0.465465 2.64467
0.471471 2.64276
0.477477 2.64082
0.483483 2.63886
0.489489 2.63688
0.495495 2.63487
0.501502 2.63283
0.507508 2.63077
0.513514 2.62869
0.51952 2.62658
0.525526 2.62445
0.531532 2.62229
0.537538 2.62011
0.543544 2.6179
0.54955 2.61567
0.555556 2.61342
0.561562 2.61114
0.567568 2.60883
0.573574 2.60651
0.57958 2.60415
0.585586 2.60177
0.591592 2.59937
0.597598 2.59695
0.603604 2.59449
0.60961 2.59202
0.615616 2.58952
0.621622 2.58699
0.627628 2.58444
0.633634 2.58187
0.63964 2.57927
0.645646 2.57665
0.651652 2.574
0.657658 2.57133
0.663664 2.56863
0.66967 2.56591
0.675676 2.56317
0.681682 2.5604
0.687688 2.5576
0.693694 2.55479
0.6997 2.55194
0.705706 2.54907
0.711712 2.54618
0.717718 2.54327
0.723724 2.54032
0.72973 2.53736
0.735736 2.53437
0.741742 2.53135
0.747748 2.52831
0.753754 2.52525
0.75976 2.52216
0.765766 2.51905
0.771772 2.51591
0.777778 2.51275
0.783784 2.50956
0.78979 2.50635
0.795796 2.50311
0.801802 2.49985
0.807808 2.49657
0.813814 2.49326
0.81982 2.48993
0.825826 2.48657
0.831832 2.48319
0.837838 2.47978
0.843844 2.47635
0.84985 2.47289
0.855856 2.46941
0.861862 2.46591
0.867868 2.46238
0.873874 2.45882
0.87988 2.45524
0.885886 2.45164
0.891892 2.44801
0.897898 2.44436
0.903904 2.44068
0.90991 2.43698
0.915916 2.43326
0.921922 2.42951
0.927928 2.42573
0.933934 2.42193
0.93994 2.41811
0.945946 2.41426
0.951952 2.41039
0.957958 2.40649
0.963964 2.40257
0.96997 2.39862
0.975976 2.39465
0.981982 2.39066
0.987988 2.38664
0.993994 2.38259
1 2.37852
1.00601 2.37443
1.01201 2.37031
1.01802 2.36617
1.02402 2.362
1.03003 2.35781
1.03604 2.35359
1.04204 2.34935
1.04805 2.34509
1.05405 2.3408
1.06006 2.33648
1.06607 2.33215
1.07207 2.32778
1.07808 2.3234
1.08408 2.31898
1.09009 2.31455
1.0961 2.31009
1.1021 2.3056
1.10811 2.30109
1.11411 2.29655
1.12012 2.292
1.12613 2.28741
1.13213 2.2828
1.13814 2.27817
1.14414 2.27351
1.15015 2.26883
1.15616 2.26413
1.16216 2.2594
1.16817 2.25464
1.17417 2.24986
1.18018 2.24506
1.18619 2.24023
1.19219 2.23537
1.1982 2.2305
1.2042 2.22559
1.21021 2.22067
1.21622 2.21572
1.22222 2.21074
1.22823 2.20574
1.23423 2.20071
1.24024 2.19566
1.24625 2.19059
1.25225 2.18549
1.25826 2.18037
1.26426 2.17522
1.27027 2.17005
1.27628 2.16485
1.28228 2.15963
1.28829 2.15439
1.29429 2.14912
1.3003 2.14382
1.30631 2.1385
1.31231 2.13316
1.31832 2.12779
1.32432 2.1224
1.33033 2.11698
1.33634 2.11154
1.34234 2.10607
1.34835 2.10058
1.35435 2.09507
1.36036 2.08953
1.36637 2.08396
1.37237 2.07838
1.37838 2.07276
1.38438 2.06713
1.39039 2.06146
1.3964 2.05578
1.4024 2.05007
1.40841 2.04433
1.41441 2.03857
1.42042 2.03278
1.42643 2.02697
1.43243 2.02114
1.43844 2.01528
1.44444 2.0094
1.45045 2.00349
1.45646 1.99756
1.46246 1.9916
1.46847 1.98562
1.47447 1.97962
1.48048 1.97359
1.48649 1.96753
1.49249 1.96146
1.4985 1.95535
1.5045 1.94922
1.51051 1.94307
1.51652 1.93689
1.52252 1.93069
1.52853 1.92447
1.53453 1.91822
1.54054 1.91194
1.54655 1.90564
1.55255 1.89932
1.55856 1.89297
1.56456 1.8866
1.57057 1.8802
1.57658 1.87378
1.58258 1.86733
1.58859 1.86086
1.59459 1.85436
1.6006 1.84784
1.60661 1.8413
1.61261 1.83473
1.61862 1.82814
1.62462 1.82152
1.63063 1.81488
1.63664 1.80821
1.64264 1.80152
1.64865 1.7948
1.65465 1.78806
1.66066 1.78129
1.66667 1.7745
1.67267 1.76769
1.67868 1.76085
1.68468 1.75399
1.69069 1.7471
1.6967 1.74019
1.7027 1.73325
1.70871 1.72629
1.71471 1.7193
1.72072 1.71229
1.72673 1.70526
1.73273 1.6982
1.73874 1.69112
1.74474 1.68401
1.75075 1.67687
1.75676 1.66972
1.76276 1.66253
1.76877 1.65533
1.77477 1.6481
1.78078 1.64084
1.78679 1.63356
1.79279 1.62626
1.7988 1.61893
1.8048 1.61157
1.81081 1.6042
1.81682 1.59679
1.82282 1.58937
1.82883 1.58192
1.83483 1.57444
1.84084 1.56694
1.84685 1.55941
1.85285 1.55186
1.85886 1.54429
1.86486 1.53669
1.87087 1.52907
1.87688 1.52142
1.88288 1.51375
1.88889 1.50605
1.89489 1.49833
1.9009 1.49059
1.90691 1.48281
1.91291 1.47502
1.91892 1.4672
1.92492 1.45936
1.93093 1.45149
1.93694 1.4436
1.94294 1.43568
1.94895 1.42774
1.95495 1.41977
1.96096 1.41178
1.96697 1.40376
1.97297 1.39572
1.97898 1.38766
1.98498 1.37957
1.99099 1.37146
1.997 1.36332
2.003 1.35516
2.00901 1.34697
2.01502 1.33876
2.02102 1.33052
2.02703 1.32226
2.03303 1.31398
2.03904 1.30567
2.04505 1.29733
2.05105 1.28898
2.05706 1.28059
2.06306 1.27219
2.06907 1.26375
2.07508 1.2553
2.08108 1.24682
2.08709 1.23831
2.09309 1.22978
2.0991 1.22123
2.10511 1.21265
2.11111 1.20404
2.11712 1.19542
2.12312 1.18676
2.12913 1.17809
2.13514 1.16938
2.14114 1.16066
2.14715 1.15191
2.15315 1.14313
2.15916 1.13433
2.16517 1.12551
2.17117 1.11666
2.17718 1.10779
2.18318 1.09889
2.18919 1.08997
2.1952 1.08102
2.2012 1.07205
2.20721 1.06305
2.21321 1.05403
2.21922 1.04499
2.22523 1.03592
2.23123 1.02682
2.23724 1.01771
2.24324 1.00856
2.24925 0.999395
2.25526 0.990203
2.26126 0.980987
2.26727 0.971746
2.27327 0.96248
2.27928 0.95319
2.28529 0.943876
2.29129 0.934537
2.2973 0.925174
2.3033 0.915786
2.30931 0.906373
2.31532 0.896936
2.32132 0.887475
2.32733 0.877989
2.33333 0.868478
2.33934 0.858943
2.34535 0.849383
2.35135 0.839799
2.35736 0.830191
2.36336 0.820558
2.36937 0.8109
2.37538 0.801218
2.38138 0.791511
2.38739 0.78178
2.39339 0.772024
2.3994 0.762244
2.40541 0.75244
2.41141 0.74261
2.41742 0.732757
2.42342 0.722878
2.42943 0.712976
2.43544 0.703048
2.44144 0.693097
2.44745 0.68312
2.45345 0.67312
2.45946 0.663094
2.46547 0.653045
2.47147 0.64297
2.47748 0.632871
2.48348 0.622748
2.48949 0.6126
2.4955 0.602428
2.5015 0.592231
2.50751 0.58201
2.51351 0.571764
2.51952 0.561493
2.52553 0.551198
2.53153 0.540879
2.53754 0.530535
2.54354 0.520167
2.54955 0.509774
2.55556 0.499356
2.56156 0.488914
2.56757 0.478448
2.57357 0.467957
2.57958 0.457441
2.58559 0.446901
2.59159 0.436336
2.5976 0.425747
2.6036 0.415134
2.60961 0.404496
2.61562 0.393833
2.62162 0.383146
2.62763 0.372434
2.63363 0.361698
2.63964 0.350938
2.64565 0.340153
2.65165 0.329343
2.65766 0.318509
2.66366 0.30765
2.66967 0.296767
2.67568 0.285859
2.68168 0.274927
2.68769 0.26397
2.69369 0.252989
2.6997 0.241983
2.70571 0.230953
2.71171 0.219898
2.71772 0.208819
2.72372 0.197715
2.72973 0.186587
2.73574 0.175434
2.74174 0.164256
2.74775 0.153055
2.75375 0.141828
2.75976 0.130577
2.76577 0.119302
2.77177 0.108002
2.77778 0.0966777
2.78378 0.0853288
2.78979 0.0739553
2.7958 0.0625574
2.8018 0.0511349
2.80781 0.039688
2.81381 0.0282165
2.81982 0.0167205
2.82583 0.0052
2.83183 -0.00634502
2.83784 -0.0179145
2.84384 -0.0295086
2.84985 -0.0411271
2.85586 -0.0527702
2.86186 -0.0644378
2.86787 -0.0761299
2.87387 -0.0878465
2.87988 -0.0995876
2.88589 -0.111353
2.89189 -0.123143
2.8979 -0.134958
2.9039 -0.146797
2.90991 -0.158661
2.91592 -0.170549
2.92192 -0.182462
2.92793 -0.194399
2.93393 -0.206361
2.93994 -0.218347
2.94595 -0.230358
2.95195 -0.242393
2.95796 -0.254453
2.96396 -0.266537
2.96997 -0.278646
2.97598 -0.290779
2.98198 -0.302937
2.98799 -0.315119
2.99399 -0.327326
3 -0.339557
