-5 1.328
-4.995 1.32163
-4.98999 1.31528
-4.98499 1.30896
-4.97999 1.30266
-4.97499 1.29639
-4.96998 1.29014
-4.96498 1.28391
-4.95998 1.2777
-4.95498 1.27152
-4.94997 1.26535
-4.94497 1.25922
-4.93997 1.2531
-4.93497 1.24701
-4.92996 1.24094
-4.92496 1.23489
-4.91996 1.22886
-4.91496 1.22286
-4.90995 1.21688
-4.90495 1.21093
-4.89995 1.20499
-4.89495 1.19908
-4.88994 1.1932
-4.88494 1.18733
-4.87994 1.18149
-4.87494 1.17568
-4.86993 1.16988
-4.86493 1.16411
-4.85993 1.15837
-4.85493 1.15265
-4.84992 1.14695
-4.84492 1.14128
-4.83992 1.13563
-4.83492 1.13001
-4.82991 1.12441
-4.82491 1.11883
-4.81991 1.11328
-4.81491 1.10775
-4.8099 1.10225
-4.8049 1.09678
-4.7999 1.09132
-4.7949 1.0859
-4.78989 1.08049
-4.78489 1.07512
-4.77989 1.06976
-4.77489 1.06444
-4.76988 1.05913
-4.76488 1.05386
-4.75988 1.0486
-4.75488 1.04338
-4.74987 1.03817
-4.74487 1.033
-4.73987 1.02785
-4.73487 1.02272
-4.72986 1.01762
-4.72486 1.01254
-4.71986 1.00749
-4.71486 1.00246
-4.70985 0.99746
-4.70485 0.992484
-4.69985 0.987532
-4.69485 0.982606
-4.68984 0.977705
-4.68484 0.972829
-4.67984 0.967978
-4.67484 0.963152
-4.66983 0.958351
-4.66483 0.953574
-4.65983 0.948823
-4.65483 0.944097
-4.64982 0.939395
-4.64482 0.934719
-4.63982 0.930067
-4.63482 0.92544
-4.62981 0.920838
-4.62481 0.91626
-4.61981 0.911708
-4.61481 0.907179
-4.6098 0.902676
-4.6048 0.898197
-4.5998 0.893743
-4.5948 0.889313
-4.58979 0.884908
-4.58479 0.880527
-4.57979 0.87617
-4.57479 0.871838
-4.56978 0.86753
-4.56478 0.863247
-4.55978 0.858988
-4.55478 0.854753
-4.54977 0.850542
-4.54477 0.846355
-4.53977 0.842192
-4.53477 0.838053
-4.52976 0.833938
-4.52476 0.829847
-4.51976 0.82578
-4.51476 0.821737
-4.50975 0.817718
-4.50475 0.813722
-4.49975 0.80975
-4.49475 0.805801
-4.48974 0.801876
-4.48474 0.797975
-4.47974 0.794097
-4.47474 0.790242
-4.46973 0.786411
-4.46473 0.782603
-4.45973 0.778818
-4.45473 0.775056
-4.44972 0.771317
-4.44472 0.767602
-4.43972 0.763909
-4.43472 0.760239
-4.42971 0.756592
-4.42471 0.752968
-4.41971 0.749366
-4.41471 0.745787
-4.4097 0.742231
-4.4047 0.738697
-4.3997 0.735186
-4.3947 0.731697
-4.38969 0.72823
-4.38469 0.724785
-4.37969 0.721363
-4.37469 0.717963
-4.36968 0.714584
-4.36468 0.711228
-4.35968 0.707893
-4.35468 0.704581
-4.34967 0.701289
-4.34467 0.69802
-4.33967 0.694772
-4.33467 0.691546
-4.32966 0.688341
-4.32466 0.685157
-4.31966 0.681994
-4.31466 0.678853
-4.30965 0.675733
-4.30465 0.672633
-4.29965 0.669555
-4.29465 0.666497
-4.28964 0.663461
-4.28464 0.660445
-4.27964 0.657449
-4.27464 0.654474
-4.26963 0.651519
-4.26463 0.648585
-4.25963 0.645671
-4.25463 0.642777
-4.24962 0.639903
-4.24462 0.63705
-4.23962 0.634216
-4.23462 0.631402
-4.22961 0.628608
-4.22461 0.625833
-4.21961 0.623078
-4.21461 0.620342
-4.2096 0.617626
-4.2046 0.614929
-4.1996 0.612252
-4.1946 0.609594
-4.18959 0.606954
-4.18459 0.604334
-4.17959 0.601732
-4.17459 0.59915
-4.16958 0.596586
-4.16458 0.594041
-4.15958 0.591514
-4.15458 0.589006
-4.14957 0.586516
-4.14457 0.584044
-4.13957 0.581591
-4.13457 0.579156
-4.12956 0.576739
-4.12456 0.57434
-4.11956 0.571959
-4.11456 0.569595
-4.10955 0.567249
-4.10455 0.564921
-4.09955 0.562611
-4.09455 0.560318
-4.08954 0.558042
-4.08454 0.555784
-4.07954 0.553543
-4.07454 0.551319
-4.06953 0.549112
-4.06453 0.546923
-4.05953 0.54475
-4.05453 0.542594
-4.04952 0.540454
-4.04452 0.538332
-4.03952 0.536226
-4.03452 0.534136
-4.02951 0.532063
-4.02451 0.530006
-4.01951 0.527966
-4.01451 0.525942
-4.0095 0.523934
-4.0045 0.521942
-3.9995 0.519966
-3.9945 0.518006
-3.98949 0.516062
-3.98449 0.514133
-3.97949 0.512221
-3.97449 0.510323
-3.96948 0.508442
-3.96448 0.506576
-3.95948 0.504725
-3.95448 0.50289
-3.94947 0.50107
-3.94447 0.499265
-3.93947 0.497475
-3.93447 0.4957
-3.92946 0.49394
-3.92446 0.492196
-3.91946 0.490466
-3.91446 0.48875
-3.90945 0.48705
-3.90445 0.485364
-3.89945 0.483693
-3.89445 0.482036
-3.88944 0.480393
-3.88444 0.478765
-3.87944 0.477152
-3.87444 0.475552
-3.86943 0.473967
-3.86443 0.472396
-3.85943 0.470839
-3.85443 0.469295
-3.84942 0.467766
-3.84442 0.466251
-3.83942 0.464749
-3.83442 0.463261
-3.82941 0.461787
-3.82441 0.460327
-3.81941 0.45888
-3.81441 0.457446
-3.8094 0.456026
-3.8044 0.454619
-3.7994 0.453226
-3.7944 0.451846
-3.78939 0.450478
-3.78439 0.449125
-3.77939 0.447784
-3.77439 0.446456
-3.76938 0.445141
-3.76438 0.443839
-3.75938 0.44255
-3.75438 0.441273
-3.74937 0.44001
-3.74437 0.438759
-3.73937 0.43752
-3.73437 0.436295
-3.72936 0.435081
-3.72436 0.43388
-3.71936 0.432692
-3.71436 0.431516
-3.70935 0.430352
-3.70435 0.4292
-3.69935 0.428061
-3.69435 0.426934
-3.68934 0.425818
-3.68434 0.424715
-3.67934 0.423624
-3.67434 0.422545
-3.66933 0.421477
-3.66433 0.420422
-3.65933 0.419378
-3.65433 0.418346
-3.64932 0.417325
-3.64432 0.416317
-3.63932 0.415319
-3.63432 0.414334
-3.62931 0.413359
-3.62431 0.412397
-3.61931 0.411445
-3.61431 0.410505
-3.6093 0.409577
-3.6043 0.408659
-3.5993 0.407753
-3.5943 0.406858
-3.58929 0.405974
-3.58429 0.405101
-3.57929 0.404239
-3.57429 0.403388
-3.56928 0.402548
-3.56428 0.401719
-3.55928 0.400901
-3.55428 0.400094
-3.54927 0.399298
-3.54427 0.398512
-3.53927 0.397737
-3.53427 0.396972
-3.52926 0.396219
-3.52426 0.395476
-3.51926 0.394743
-3.51426 0.394021
-3.50925 0.393309
-3.50425 0.392608
-3.49925 0.391918
-3.49425 0.391237
-3.48924 0.390567
-3.48424 0.389908
-3.47924 0.389258
-3.47424 0.388619
-3.46923 0.38799
-3.46423 0.387372
-3.45923 0.386763
-3.45423 0.386165
-3.44922 0.385576
-3.44422 0.384998
-3.43922 0.38443
-3.43422 0.383871
-3.42921 0.383323
-3.42421 0.382785
-3.41921 0.382256
-3.41421 0.381738
-3.4092 0.381229
-3.4042 0.38073
-3.3992 0.380241
-3.3942 0.379762
-3.38919 0.379292
-3.38419 0.378832
-3.37919 0.378382
-3.37419 0.377942
-3.36918 0.377511
-3.36418 0.37709
-3.35918 0.376679
-3.35418 0.376277
-3.34917 0.375885
-3.34417 0.375502
-3.33917 0.375129
-3.33417 0.374765
-3.32916 0.374411
-3.32416 0.374067
-3.31916 0.373732
-3.31416 0.373406
-3.30915 0.37309
-3.30415 0.372783
-3.29915 0.372486
-3.29415 0.372198
-3.28914 0.371919
-3.28414 0.37165
-3.27914 0.37139
-3.27414 0.37114
-3.26913 0.370899
-3.26413 0.370667
-3.25913 0.370444
-3.25413 0.370231
-3.24912 0.370027
-3.24412 0.369833
-3.23912 0.369647
-3.23412 0.369471
-3.22911 0.369304
-3.22411 0.369147
-3.21911 0.368998
-3.21411 0.368859
-3.2091 0.368729
-3.2041 0.368609
-3.1991 0.368497
-3.1941 0.368395
-3.18909 0.368302
-3.18409 0.368219
-3.17909 0.368144
-3.17409 0.368079
-3.16908 0.368023
-3.16408 0.367976
-3.15908 0.367938
-3.15408 0.36791
-3.14907 0.36789
-3.14407 0.36788
-3.13907 0.367879
-3.13407 0.367888
-3.12906 0.367905
-3.12406 0.367932
-3.11906 0.367968
-3.11406 0.368013
-3.10905 0.368067
-3.10405 0.368131
-3.09905 0.368204
-3.09405 0.368286
-3.08904 0.368377
-3.08404 0.368478
-3.07904 0.368587
-3.07404 0.368706
-3.06903 0.368835
-3.06403 0.368972
-3.05903 0.369119
-3.05403 0.369275
-3.04902 0.369441
-3.04402 0.369616
-3.03902 0.3698
-3.03402 0.369993
-3.02901 0.370196
-3.02401 0.370408
-3.01901 0.370629
-3.01401 0.37086
-3.009 0.3711
-3.004 0.37135
-2.999 0.371609
-2.994 0.371877
-2.98899 0.372155
-2.98399 0.372443
-2.97899 0.372739
-2.97399 0.373046
-2.96898 0.373362
-2.96398 0.373687
-2.95898 0.374022
-2.95398 0.374366
-2.94897 0.37472
-2.94397 0.375084
-2.93897 0.375457
-2.93397 0.375839
-2.92896 0.376232
-2.92396 0.376634
-2.91896 0.377046
-2.91396 0.377467
-2.90895 0.377898
-2.90395 0.378339
-2.89895 0.37879
-2.89395 0.37925
-2.88894 0.379721
-2.88394 0.380201
-2.87894 0.380691
-2.87394 0.38119
-2.86893 0.3817
-2.86393 0.38222
-2.85893 0.382749
-2.85393 0.383289
-2.84892 0.383838
-2.84392 0.384398
-2.83892 0.384968
-2.83392 0.385547
-2.82891 0.386137
-2.82391 0.386737
-2.81891 0.387347
-2.81391 0.387968
-2.8089 0.388598
-2.8039 0.389239
-2.7989 0.38989
-2.7939 0.390552
-2.78889 0.391223
-2.78389 0.391906
-2.77889 0.392598
-2.77389 0.393301
-2.76888 0.394014
-2.76388 0.394738
-2.75888 0.395473
-2.75388 0.396218
-2.74887 0.396974
-2.74387 0.39774
-2.73887 0.398517
-2.73387 0.399305
-2.72886 0.400103
-2.72386 0.400912
-2.71886 0.401733
-2.71386 0.402563
-2.70885 0.403405
-2.70385 0.404258
-2.69885 0.405122
-2.69385 0.405997
-2.68884 0.406882
-2.68384 0.407779
-2.67884 0.408687
-2.67384 0.409607
-2.66883 0.410537
-2.66383 0.411479
-2.65883 0.412432
-2.65383 0.413396
-2.64882 0.414372
-2.64382 0.415359
-2.63882 0.416358
-2.63382 0.417368
-2.62881 0.41839
-2.62381 0.419424
-2.61881 0.420469
-2.61381 0.421526
-2.6088 0.422594
-2.6038 0.423675
-2.5988 0.424767
-2.5938 0.425871
-2.58879 0.426987
-2.58379 0.428115
-2.57879 0.429256
-2.57379 0.430408
-2.56878 0.431573
-2.56378 0.432749
-2.55878 0.433938
-2.55378 0.43514
-2.54877 0.436353
-2.54377 0.437579
-2.53877 0.438818
-2.53377 0.440069
-2.52876 0.441333
-2.52376 0.442609
-2.51876 0.443898
-2.51376 0.4452
-2.50875 0.446515
-2.50375 0.447843
-2.49875 0.449183
-2.49375 0.450537
-2.48874 0.451903
-2.48374 0.453283
-2.47874 0.454676
-2.47374 0.456082
-2.46873 0.457501
-2.46373 0.458934
-2.45873 0.46038
-2.45373 0.46184
-2.44872 0.463313
-2.44372 0.4648
-2.43872 0.4663
-2.43372 0.467815
-2.42871 0.469343
-2.42371 0.470885
-2.41871 0.472441
-2.41371 0.47401
-2.4087 0.475594
-2.4037 0.477192
-2.3987 0.478805
-2.3937 0.480431
-2.38869 0.482072
-2.38369 0.483728
-2.37869 0.485397
-2.37369 0.487082
-2.36868 0.488781
-2.36368 0.490494
-2.35868 0.492223
-2.35368 0.493966
-2.34867 0.495724
-2.34367 0.497498
-2.33867 0.499286
-2.33367 0.501089
-2.32866 0.502908
-2.32366 0.504741
-2.31866 0.506591
-2.31366 0.508455
-2.30865 0.510335
-2.30365 0.512231
-2.29865 0.514142
-2.29365 0.516069
-2.28864 0.518012
-2.28364 0.519971
-2.27864 0.521945
-2.27364 0.523936
-2.26863 0.525943
-2.26363 0.527966
-2.25863 0.530005
-2.25363 0.53206
-2.24862 0.534132
-2.24362 0.536221
-2.23862 0.538326
-2.23362 0.540447
-2.22861 0.542586
-2.22361 0.544741
-2.21861 0.546913
-2.21361 0.549102
-2.2086 0.551308
-2.2036 0.553531
-2.1986 0.555772
-2.1936 0.55803
-2.18859 0.560305
-2.18359 0.562597
-2.17859 0.564908
-2.17359 0.567235
-2.16858 0.569581
-2.16358 0.571944
-2.15858 0.574325
-2.15358 0.576724
-2.14857 0.579141
-2.14357 0.581576
-2.13857 0.58403
-2.13357 0.586501
-2.12856 0.588991
-2.12356 0.5915
-2.11856 0.594027
-2.11356 0.596572
-2.10855 0.599137
-2.10355 0.60172
-2.09855 0.604322
-2.09355 0.606943
-2.08854 0.609582
-2.08354 0.612241
-2.07854 0.61492
-2.07354 0.617617
-2.06853 0.620334
-2.06353 0.62307
-2.05853 0.625826
-2.05353 0.628601
-2.04852 0.631396
-2.04352 0.634211
-2.03852 0.637046
-2.03352 0.6399
-2.02851 0.642775
-2.02351 0.64567
-2.01851 0.648584
-2.01351 0.65152
-2.0085 0.654475
-2.0035 0.657451
-1.9985 0.660447
-1.9935 0.663464
-1.98849 0.666502
-1.98349 0.66956
-1.97849 0.672639
-1.97349 0.67574
-1.96848 0.678861
-1.96348 0.682003
-1.95848 0.685166
-1.95348 0.688351
-1.94847 0.691556
-1.94347 0.694783
-1.93847 0.698032
-1.93347 0.701302
-1.92846 0.704594
-1.92346 0.707907
-1.91846 0.711243
-1.91346 0.7146
-1.90845 0.717978
-1.90345 0.721379
-1.89845 0.724802
-1.89345 0.728247
-1.88844 0.731715
-1.88344 0.735204
-1.87844 0.738716
-1.87344 0.74225
-1.86843 0.745807
-1.86343 0.749386
-1.85843 0.752988
-1.85343 0.756613
-1.84842 0.760261
-1.84342 0.763931
-1.83842 0.767624
-1.83342 0.77134
-1.82841 0.775079
-1.82341 0.778841
-1.81841 0.782627
-1.81341 0.786436
-1.8084 0.790267
-1.8034 0.794123
-1.7984 0.798001
-1.7934 0.801903
-1.78839 0.805829
-1.78339 0.809778
-1.77839 0.813751
-1.77339 0.817748
-1.76838 0.821768
-1.76338 0.825812
-1.75838 0.82988
-1.75338 0.833972
-1.74837 0.838088
-1.74337 0.842228
-1.73837 0.846392
-1.73337 0.85058
-1.72836 0.854792
-1.72336 0.859028
-1.71836 0.863289
-1.71336 0.867574
-1.70835 0.871883
-1.70335 0.876217
-1.69835 0.880575
-1.69335 0.884958
-1.68834 0.889365
-1.68334 0.893796
-1.67834 0.898253
-1.67334 0.902733
-1.66833 0.907239
-1.66333 0.911769
-1.65833 0.916324
-1.65333 0.920903
-1.64832 0.925508
-1.64332 0.930137
-1.63832 0.934791
-1.63332 0.939469
-1.62831 0.944173
-1.62331 0.948901
-1.61831 0.953655
-1.61331 0.958433
-1.6083 0.963236
-1.6033 0.968064
-1.5983 0.972917
-1.5933 0.977795
-1.58829 0.982698
-1.58329 0.987626
-1.57829 0.992579
-1.57329 0.997557
-1.56828 1.00256
-1.56328 1.00759
-1.55828 1.01264
-1.55328 1.01772
-1.54827 1.02282
-1.54327 1.02795
-1.53827 1.0331
-1.53327 1.03828
-1.52826 1.04348
-1.52326 1.04871
-1.51826 1.05396
-1.51326 1.05924
-1.50825 1.06454
-1.50325 1.06987
-1.49825 1.07522
-1.49325 1.0806
-1.48824 1.086
-1.48324 1.09142
-1.47824 1.09687
-1.47324 1.10235
-1.46823 1.10785
-1.46323 1.11337
-1.45823 1.11892
-1.45323 1.12449
-1.44822 1.13009
-1.44322 1.13571
-1.43822 1.14136
-1.43322 1.14703
-1.42821 1.15273
-1.42321 1.15845
-1.41821 1.16419
-1.41321 1.16996
-1.4082 1.17575
-1.4032 1.18156
-1.3982 1.1874
-1.3932 1.19326
-1.38819 1.19915
-1.38319 1.20506
-1.37819 1.21099
-1.37319 1.21695
-1.36818 1.22293
-1.36318 1.22893
-1.35818 1.23495
-1.35318 1.241
-1.34817 1.24707
-1.34317 1.25317
-1.33817 1.25929
-1.33317 1.26543
-1.32816 1.27159
-1.32316 1.27777
-1.31816 1.28398
-1.31316 1.29021
-1.30815 1.29646
-1.30315 1.30273
-1.29815 1.30903
-1.29315 1.31534
-1.28814 1.32168
-1.28314 1.32804
-1.27814 1.33442
-1.27314 1.34082
-1.26813 1.34724
-1.26313 1.35368
-1.25813 1.36014
-1.25313 1.36663
-1.24812 1.37313
-1.24312 1.37965
-1.23812 1.38619
-1.23312 1.39276
-1.22811 1.39934
-1.22311 1.40594
-1.21811 1.41256
-1.21311 1.4192
-1.2081 1.42586
-1.2031 1.43254
-1.1981 1.43923
-1.1931 1.44594
-1.18809 1.45268
-1.18309 1.45942
-1.17809 1.46619
-1.17309 1.47298
-1.16808 1.47978
-1.16308 1.48659
-1.15808 1.49343
-1.15308 1.50028
-1.14807 1.50715
-1.14307 1.51403
-1.13807 1.52093
-1.13307 1.52784
-1.12806 1.53477
-1.12306 1.54172
-1.11806 1.54867
-1.11306 1.55565
-1.10805 1.56263
-1.10305 1.56964
-1.09805 1.57665
-1.09305 1.58368
-1.08804 1.59072
-1.08304 1.59778
-1.07804 1.60484
-1.07304 1.61192
-1.06803 1.61901
-1.06303 1.62611
-1.05803 1.63323
-1.05303 1.64035
-1.04802 1.64749
-1.04302 1.65463
-1.03802 1.66179
-1.03302 1.66896
-1.02801 1.67613
-1.02301 1.68332
-1.01801 1.69051
-1.01301 1.69771
-1.008 1.70492
-1.003 1.71214
-0.997999 1.71936
-0.992996 1.7266
-0.987994 1.73384
-0.982991 1.74108
-0.977989 1.74833
-0.972986 1.75559
-0.967984 1.76285
-0.962981 1.77012
-0.957979 1.77739
-0.952976 1.78467
-0.947974 1.79195
-0.942971 1.79923
-0.937969 1.80652
-0.932966 1.81381
-0.927964 1.8211
-0.922961 1.8284
-0.917959 1.83569
-0.912956 1.84299
-0.907954 1.85028
-0.902951 1.85758
-0.897949 1.86488
-0.892946 1.87218
-0.887944 1.87947
-0.882941 1.88677
-0.877939 1.89406
-0.872936 1.90135
-0.867934 1.90864
-0.862931 1.91592
-0.857929 1.9232
-0.852926 1.93048
-0.847924 1.93776
-0.842921 1.94502
-0.837919 1.95229
-0.832916 1.95954
-0.827914 1.9668
-0.822911 1.97404
-0.817909 1.98128
-0.812906 1.98851
-0.807904 1.99573
-0.802901 2.00295
-0.797899 2.01015
-0.792896 2.01735
-0.787894 2.02453
-0.782891 2.03171
-0.777889 2.03887
-0.772886 2.04603
-0.767884 2.05317
-0.762881 2.0603
-0.757879 2.06742
-0.752876 2.07452
-0.747874 2.08161
-0.742871 2.08869
-0.737869 2.09575
-0.732866 2.1028
-0.727864 2.10983
-0.722861 2.11684
-0.717859 2.12384
-0.712856 2.13082
-0.707854 2.13779
-0.702851 2.14473
-0.697849 2.15166
-0.692846 2.15857
-0.687844 2.16546
-0.682841 2.17232
-0.677839 2.17917
-0.672836 2.186
-0.667834 2.19281
-0.662831 2.19959
-0.657829 2.20635
-0.652826 2.21309
-0.647824 2.2198
-0.642821 2.22649
-0.637819 2.23316
-0.632816 2.2398
-0.627814 2.24641
-0.622811 2.253
-0.617809 2.25956
-0.612806 2.2661
-0.607804 2.2726
-0.602801 2.27908
-0.597799 2.28553
-0.592796 2.29195
-0.587794 2.29835
-0.582791 2.30471
-0.577789 2.31104
-0.572786 2.31734
-0.567784 2.3236
-0.562781 2.32984
-0.557779 2.33604
-0.552776 2.34221
-0.547774 2.34834
-0.542771 2.35445
-0.537769 2.36051
-0.532766 2.36654
-0.527764 2.37254
-0.522761 2.3785
-0.517759 2.38442
-0.512756 2.3903
-0.507754 2.39615
-0.502751 2.40196
-0.497749 2.40773
-0.492746 2.41346
-0.487744 2.41915
-0.482741 2.4248
-0.477739 2.43041
-0.472736 2.43598
-0.467734 2.44151
-0.462731 2.44699
-0.457729 2.45243
-0.452726 2.45783
-0.447724 2.46319
-0.442721 2.4685
-0.437719 2.47377
-0.432716 2.47899
-0.427714 2.48416
-0.422711 2.4893
-0.417709 2.49438
-0.412706 2.49942
-0.407704 2.50441
-0.402701 2.50935
-0.397699 2.51424
-0.392696 2.51909
-0.387694 2.52389
-0.382691 2.52863
-0.377689 2.53333
-0.372686 2.53798
-0.367684 2.54257
-0.362681 2.54712
-0.357679 2.55161
-0.352676 2.55605
-0.347674 2.56044
-0.342671 2.56478
-0.337669 2.56906
-0.332666 2.57329
-0.327664 2.57746
-0.322661 2.58158
-0.317659 2.58565
-0.312656 2.58966
-0.307654 2.59362
-0.302651 2.59752
-0.297649 2.60136
-0.292646 2.60514
-0.287644 2.60887
-0.282641 2.61255
-0.277639 2.61616
-0.272636 2.61972
-0.267634 2.62321
-0.262631 2.62665
-0.257629 2.63003
-0.252626 2.63335
-0.247624 2.63661
-0.242621 2.63982
-0.237619 2.64296
-0.232616 2.64604
-0.227614 2.64905
-0.222611 2.65201
-0.217609 2.65491
-0.212606 2.65774
-0.207604 2.66052
-0.202601 2.66323
-0.197599 2.66587
-0.192596 2.66846
-0.187594 2.67098
-0.182591 2.67344
-0.177589 2.67584
-0.172586 2.67817
-0.167584 2.68043
-0.162581 2.68264
-0.157579 2.68477
-0.152576 2.68685
-0.147574 2.68886
-0.142571 2.6908
-0.137569 2.69268
-0.132566 2.69449
-0.127564 2.69624
-0.122561 2.69792
-0.117559 2.69954
-0.112556 2.70109
-0.107554 2.70257
-0.102551 2.70399
-0.0975488 2.70534
-0.0925463 2.70662
-0.0875438 2.70784
-0.0825413 2.70899
-0.0775388 2.71007
-0.0725363 2.71109
-0.0675338 2.71204
-0.0625313 2.71292
-0.0575288 2.71373
-0.0525263 2.71448
-0.0475238 2.71516
-0.0425213 2.71577
-0.0375188 2.71631
-0.0325163 2.71679
-0.0275138 2.71719
-0.0225113 2.71753
-0.0175088 2.7178
-0.0125063 2.71801
-0.00750375 2.71814
-0.00250125 2.71821
0.00250125 2.71821
0.00750375 2.71814
0.0125063 2.71801
0.0175088 2.7178
0.0225113 2.71753
0.0275138 2.71719
0.0325163 2.71679
0.0375188 2.71631
0.0425213 2.71577
0.0475238 2.71516
0.0525263 2.71448
0.0575288 2.71373
0.0625313 2.71292
0.0675338 2.71204
0.0725363 2.71109
0.0775388 2.71007
0.0825413 2.70899
0.0875438 2.70784
0.0925463 2.70662
0.0975488 2.70534
0.102551 2.70399
0.107554 2.70257
0.112556 2.70109
0.117559 2.69954
0.122561 2.69792
0.127564 2.69624
0.132566 2.69449
0.137569 2.69268
0.142571 2.6908
0.147574 2.68886
0.152576 2.68685
0.157579 2.68477
0.162581 2.68264
0.167584 2.68043
0.172586 2.67817
0.177589 2.67584
0.182591 2.67344
0.187594 2.67098
0.192596 2.66846
0.197599 2.66587
0.202601 2.66323
0.207604 2.66052
0.212606 2.65774
0.217609 2.65491
0.222611 2.65201
0.227614 2.64905
0.232616 2.64604
0.237619 2.64296
0.242621 2.63982
0.247624 2.63661
0.252626 2.63335
0.257629 2.63003
0.262631 2.62665
0.267634 2.62321
0.272636 2.61972
0.277639 2.61616
0.282641 2.61255
0.287644 2.60887
0.292646 2.60514
0.297649 2.60136
0.302651 2.59752
0.307654 2.59362
0.312656 2.58966
0.317659 2.58565
0.322661 2.58158
0.327664 2.57746
0.332666 2.57329
0.337669 2.56906
0.342671 2.56478
0.347674 2.56044
0.352676 2.55605
0.357679 2.55161
0.362681 2.54712
0.367684 2.54257
0.372686 2.53798
0.377689 2.53333
0.382691 2.52863
0.387694 2.52389
0.392696 2.51909
0.397699 2.51424
0.402701 2.50935
0.407704 2.50441
0.412706 2.49942
0.417709 2.49438
0.422711 2.4893
0.427714 2.48416
0.432716 2.47899
0.437719 2.47377
0.442721 2.4685
0.447724 2.46319
0.452726 2.45783
0.457729 2.45243
0.462731 2.44699
0.467734 2.44151
0.472736 2.43598
0.477739 2.43041
0.482741 2.4248
0.487744 2.41915
0.492746 2.41346
0.497749 2.40773
0.502751 2.40196
0.507754 2.39615
0.512756 2.3903
0.517759 2.38442
0.522761 2.3785
0.527764 2.37254
0.532766 2.36654
0.537769 2.36051
0.542771 2.35445
0.547774 2.34834
0.552776 2.34221
0.557779 2.33604
0.562781 2.32984
0.567784 2.3236
0.572786 2.31734
0.577789 2.31104
0.582791 2.30471
0.587794 2.29835
0.592796 2.29195
0.597799 2.28553
0.602801 2.27908
0.607804 2.2726
0.612806 2.2661
0.617809 2.25956
0.622811 2.253
0.627814 2.24641
0.632816 2.2398
0.637819 2.23316
0.642821 2.22649
0.647824 2.2198
0.652826 2.21309
0.657829 2.20635
0.662831 2.19959
0.667834 2.19281
0.672836 2.186
0.677839 2.17917
0.682841 2.17232
0.687844 2.16546
0.692846 2.15857
0.697849 2.15166
0.702851 2.14473
0.707854 2.13779
0.712856 2.13082
0.717859 2.12384
0.722861 2.11684
0.727864 2.10983
0.732866 2.1028
0.737869 2.09575
0.742871 2.08869
0.747874 2.08161
0.752876 2.07452
0.757879 2.06742
0.762881 2.0603
0.767884 2.05317
0.772886 2.04603
0.777889 2.03887
0.782891 2.03171
0.787894 2.02453
0.792896 2.01735
0.797899 2.01015
0.802901 2.00295
0.807904 1.99573
0.812906 1.98851
0.817909 1.98128
0.822911 1.97404
0.827914 1.9668
0.832916 1.95954
0.837919 1.95229
0.842921 1.94502
0.847924 1.93776
0.852926 1.93048
0.857929 1.9232
0.862931 1.91592
0.867934 1.90864
0.872936 1.90135
0.877939 1.89406
0.882941 1.88677
0.887944 1.87947
0.892946 1.87218
0.897949 1.86488
0.902951 1.85758
0.907954 1.85028
0.912956 1.84299
0.917959 1.83569
0.922961 1.8284
0.927964 1.8211
0.932966 1.81381
0.937969 1.80652
0.942971 1.79923
0.947974 1.79195
0.952976 1.78467
0.957979 1.77739
0.962981 1.77012
0.967984 1.76285
0.972986 1.75559
0.977989 1.74833
0.982991 1.74108
0.987994 1.73384
0.992996 1.7266
0.997999 1.71936
1.003 1.71214
1.008 1.70492
1.01301 1.69771
1.01801 1.69051
1.02301 1.68332
1.02801 1.67613
1.03302 1.66896
1.03802 1.66179
1.04302 1.65463
1.04802 1.64749
1.05303 1.64035
1.05803 1.63323
1.06303 1.62611
1.06803 1.61901
1.07304 1.61192
1.07804 1.60484
1.08304 1.59778
1.08804 1.59072
1.09305 1.58368
1.09805 1.57665
1.10305 1.56964
1.10805 1.56263
1.11306 1.55565
1.11806 1.54867
1.12306 1.54172
1.12806 1.53477
1.13307 1.52784
1.13807 1.52093
1.14307 1.51403
1.14807 1.50715
1.15308 1.50028
1.15808 1.49343
1.16308 1.48659
1.16808 1.47978
1.17309 1.47298
1.17809 1.46619
1.18309 1.45942
1.18809 1.45268
1.1931 1.44594
1.1981 1.43923
1.2031 1.43254
1.2081 1.42586
1.21311 1.4192
1.21811 1.41256
1.22311 1.40594
1.22811 1.39934
1.23312 1.39276
1.23812 1.38619
1.24312 1.37965
1.24812 1.37313
1.25313 1.36663
1.25813 1.36014
1.26313 1.35368
1.26813 1.34724
1.27314 1.34082
1.27814 1.33442
1.28314 1.32804
1.28814 1.32168
1.29315 1.31534
1.29815 1.30903
1.30315 1.30273
1.30815 1.29646
1.31316 1.29021
1.31816 1.28398
1.32316 1.27777
1.32816 1.27159
1.33317 1.26543
1.33817 1.25929
1.34317 1.25317
1.34817 1.24707
1.35318 1.241
1.35818 1.23495
1.36318 1.22893
1.36818 1.22293
1.37319 1.21695
1.37819 1.21099
1.38319 1.20506
1.38819 1.19915
1.3932 1.19326
1.3982 1.1874
1.4032 1.18156
1.4082 1.17575
1.41321 1.16996
1.41821 1.16419
1.42321 1.15845
1.42821 1.15273
1.43322 1.14703
1.43822 1.14136
1.44322 1.13571
1.44822 1.13009
1.45323 1.12449
1.45823 1.11892
1.46323 1.11337
1.46823 1.10785
1.47324 1.10235
1.47824 1.09687
1.48324 1.09142
1.48824 1.086
1.49325 1.0806
1.49825 1.07522
1.50325 1.06987
1.50825 1.06454
1.51326 1.05924
1.51826 1.05396
1.52326 1.04871
1.52826 1.04348
1.53327 1.03828
1.53827 1.0331
1.54327 1.02795
1.54827 1.02282
1.55328 1.01772
1.55828 1.01264
1.56328 1.00759
1.56828 1.00256
1.57329 0.997557
1.57829 0.992579
1.58329 0.987626
1.58829 0.982698
1.5933 0.977795
1.5983 0.972917
1.6033 0.968064
1.6083 0.963236
1.61331 0.958433
1.61831 0.953655
1.62331 0.948901
1.62831 0.944173
1.63332 0.939469
1.63832 0.934791
1.64332 0.930137
1.64832 0.925508
1.65333 0.920903
1.65833 0.916324
1.66333 0.911769
1.66833 0.907239
1.67334 0.902733
1.67834 0.898253
1.68334 0.893796
1.68834 0.889365
1.69335 0.884958
1.69835 0.880575
1.70335 0.876217
1.70835 0.871883
1.71336 0.867574
1.71836 0.863289
1.72336 0.859028
1.72836 0.854792
1.73337 0.85058
1.73837 0.846392
1.74337 0.842228
1.74837 0.838088
1.75338 0.833972
1.75838 0.82988
1.76338 0.825812
1.76838 0.821768
1.77339 0.817748
1.77839 0.813751
1.78339 0.809778
1.78839 0.805829
1.7934 0.801903
1.7984 0.798001
1.8034 0.794123
1.8084 0.790267
1.81341 0.786436
1.81841 0.782627
1.82341 0.778841
1.82841 0.775079
1.83342 0.77134
1.83842 0.767624
1.84342 0.763931
1.84842 0.760261
1.85343 0.756613
1.85843 0.752988
1.86343 0.749386
1.86843 0.745807
1.87344 0.74225
1.87844 0.738716
1.88344 0.735204
1.88844 0.731715
1.89345 0.728247
1.89845 0.724802
1.90345 0.721379
1.90845 0.717978
1.91346 0.7146
1.91846 0.711243
1.92346 0.707907
1.92846 0.704594
1.93347 0.701302
1.93847 0.698032
1.94347 0.694783
1.94847 0.691556
1.95348 0.688351
1.95848 0.685166
1.96348 0.682003
1.96848 0.678861
1.97349 0.67574
1.97849 0.672639
1.98349 0.66956
1.98849 0.666502
1.9935 0.663464
1.9985 0.660447
2.0035 0.657451
2.0085 0.654475
2.01351 0.65152
2.01851 0.648584
2.02351 0.64567
2.02851 0.642775
2.03352 0.6399
2.03852 0.637046
2.04352 0.634211
2.04852 0.631396
2.05353 0.628601
2.05853 0.625826
2.06353 0.62307
2.06853 0.620334
2.07354 0.617617
2.07854 0.61492
2.08354 0.612241
2.08854 0.609582
2.09355 0.606943
2.09855 0.604322
2.10355 0.60172
2.10855 0.599137
2.11356 0.596572
2.11856 0.594027
2.12356 0.5915
2.12856 0.588991
2.13357 0.586501
2.13857 0.58403
2.14357 0.581576
2.14857 0.579141
2.15358 0.576724
2.15858 0.574325
2.16358 0.571944
2.16858 0.569581
2.17359 0.567235
2.17859 0.564908
2.18359 0.562597
2.18859 0.560305
2.1936 0.55803
2.1986 0.555772
2.2036 0.553531
2.2086 0.551308
2.21361 0.549102
2.21861 0.546913
2.22361 0.544741
2.22861 0.542586
2.23362 0.540447
2.23862 0.538326
2.24362 0.536221
2.24862 0.534132
2.25363 0.53206
2.25863 0.530005
2.26363 0.527966
2.26863 0.525943
2.27364 0.523936
2.27864 0.521945
2.28364 0.519971
2.28864 0.518012
2.29365 0.516069
2.29865 0.514142
2.30365 0.512231
2.30865 0.510335
2.31366 0.508455
2.31866 0.506591
2.32366 0.504741
2.32866 0.502908
2.33367 0.501089
2.33867 0.499286
2.34367 0.497498
2.34867 0.495724
2.35368 0.493966
2.35868 0.492223
2.36368 0.490494
2.36868 0.488781
2.37369 0.487082
2.37869 0.485397
2.38369 0.483728
2.38869 0.482072
2.3937 0.480431
2.3987 0.478805
2.4037 0.477192
2.4087 0.475594
2.41371 0.47401
2.41871 0.472441
2.42371 0.470885
2.42871 0.469343
2.43372 0.467815
2.43872 0.4663
2.44372 0.4648
2.44872 0.463313
2.45373 0.46184
2.45873 0.46038
2.46373 0.458934
2.46873 0.457501
2.47374 0.456082
2.47874 0.454676
2.48374 0.453283
2.48874 0.451903
2.49375 0.450537
2.49875 0.449183
2.50375 0.447843
2.50875 0.446515
2.51376 0.4452
2.51876 0.443898
2.52376 0.442609
2.52876 0.441333
2.53377 0.440069
2.53877 0.438818
2.54377 0.437579
2.54877 0.436353
2.55378 0.43514
2.55878 0.433938
2.56378 0.432749
2.56878 0.431573
2.57379 0.430408
2.57879 0.429256
2.58379 0.428115
2.58879 0.426987
2.5938 0.425871
2.5988 0.424767
2.6038 0.423675
2.6088 0.422594
2.61381 0.421526
2.61881 0.420469
2.62381 0.419424
2.62881 0.41839
2.63382 0.417368
2.63882 0.416358
2.64382 0.415359
2.64882 0.414372
2.65383 0.413396
2.65883 0.412432
2.66383 0.411479
2.66883 0.410537
2.67384 0.409607
2.67884 0.408687
2.68384 0.407779
2.68884 0.406882
2.69385 0.405997
2.69885 0.405122
2.70385 0.404258
2.70885 0.403405
2.71386 0.402563
2.71886 0.401733
2.72386 0.400912
2.72886 0.400103
2.73387 0.399305
2.73887 0.398517
2.74387 0.39774
2.74887 0.396974
2.75388 0.396218
2.75888 0.395473
2.76388 0.394738
2.76888 0.394014
2.77389 0.393301
2.77889 0.392598
2.78389 0.391906
2.78889 0.391223
2.7939 0.390552
2.7989 0.38989
2.8039 0.389239
2.8089 0.388598
2.81391 0.387968
2.81891 0.387347
2.82391 0.386737
2.82891 0.386137
2.83392 0.385547
2.83892 0.384968
2.84392 0.384398
2.84892 0.383838
2.85393 0.383289
2.85893 0.382749
2.86393 0.38222
2.86893 0.3817
2.87394 0.38119
2.87894 0.380691
2.88394 0.380201
2.88894 0.379721
2.89395 0.37925
2.89895 0.37879
2.90395 0.378339
2.90895 0.377898
2.91396 0.377467
2.91896 0.377046
2.92396 0.376634
2.92896 0.376232
2.93397 0.375839
2.93897 0.375457
2.94397 0.375084
2.94897 0.37472
2.95398 0.374366
2.95898 0.374022
2.96398 0.373687
2.96898 0.373362
2.97399 0.373046
2.97899 0.372739
2.98399 0.372443
2.98899 0.372155
2.994 0.371877
2.999 0.371609
3.004 0.37135
3.009 0.3711
3.01401 0.37086
3.01901 0.370629
3.02401 0.370408
3.02901 0.370196
3.03402 0.369993
3.03902 0.3698
3.04402 0.369616
3.04902 0.369441
3.05403 0.369275
3.05903 0.369119
3.06403 0.368972
3.06903 0.368835
3.07404 0.368706
3.07904 0.368587
3.08404 0.368478
3.08904 0.368377
3.09405 0.368286
3.09905 0.368204
3.10405 0.368131
3.10905 0.368067
3.11406 0.368013
3.11906 0.367968
3.12406 0.367932
3.12906 0.367905
3.13407 0.367888
3.13907 0.367879
3.14407 0.36788
3.14907 0.36789
3.15408 0.36791
3.15908 0.367938
3.16408 0.367976
3.16908 0.368023
3.17409 0.368079
3.17909 0.368144
3.18409 0.368219
3.18909 0.368302
3.1941 0.368395
3.1991 0.368497
3.2041 0.368609
3.2091 0.368729
3.21411 0.368859
3.21911 0.368998
3.22411 0.369147
3.22911 0.369304
3.23412 0.369471
3.23912 0.369647
3.24412 0.369833
3.24912 0.370027
3.25413 0.370231
3.25913 0.370444
3.26413 0.370667
3.26913 0.370899
3.27414 0.37114
3.27914 0.37139
3.28414 0.37165
3.28914 0.371919
3.29415 0.372198
3.29915 0.372486
3.30415 0.372783
3.30915 0.37309
3.31416 0.373406
3.31916 0.373732
3.32416 0.374067
3.32916 0.374411
3.33417 0.374765
3.33917 0.375129
3.34417 0.375502
3.34917 0.375885
3.35418 0.376277
3.35918 0.376679
3.36418 0.37709
3.36918 0.377511
3.37419 0.377942
3.37919 0.378382
3.38419 0.378832
3.38919 0.379292
3.3942 0.379762
3.3992 0.380241
3.4042 0.38073
3.4092 0.381229
3.41421 0.381738
3.41921 0.382256
3.42421 0.382785
3.42921 0.383323
3.43422 0.383871
3.43922 0.38443
3.44422 0.384998
3.44922 0.385576
3.45423 0.386165
3.45923 0.386763
3.46423 0.387372
3.46923 0.38799
3.47424 0.388619
3.47924 0.389258
3.48424 0.389908
3.48924 0.390567
3.49425 0.391237
3.49925 0.391918
3.50425 0.392608
3.50925 0.393309
3.51426 0.394021
3.51926 0.394743
3.52426 0.395476
3.52926 0.396219
3.53427 0.396972
3.53927 0.397737
3.54427 0.398512
3.54927 0.399298
3.55428 0.400094
3.55928 0.400901
3.56428 0.401719
3.56928 0.402548
3.57429 0.403388
3.57929 0.404239
3.58429 0.405101
3.58929 0.405974
3.5943 0.406858
3.5993 0.407753
3.6043 0.408659
3.6093 0.409577
3.61431 0.410505
3.61931 0.411445
3.62431 0.412397
3.62931 0.413359
3.63432 0.414334
3.63932 0.415319
3.64432 0.416317
3.64932 0.417325
3.65433 0.418346
3.65933 0.419378
3.66433 0.420422
3.66933 0.421477
3.67434 0.422545
3.67934 0.423624
3.68434 0.424715
3.68934 0.425818
3.69435 0.426934
3.69935 0.428061
3.70435 0.4292
3.70935 0.430352
3.71436 0.431516
3.71936 0.432692
3.72436 0.43388
3.72936 0.435081
3.73437 0.436295
3.73937 0.43752
3.74437 0.438759
3.74937 0.44001
3.75438 0.441273
3.75938 0.44255
3.76438 0.443839
3.76938 0.445141
3.77439 0.446456
3.77939 0.447784
3.78439 0.449125
3.78939 0.450478
3.7944 0.451846
3.7994 0.453226
3.8044 0.454619
3.8094 0.456026
3.81441 0.457446
3.81941 0.45888
3.82441 0.460327
3.82941 0.461787
3.83442 0.463261
3.83942 0.464749
3.84442 0.466251
3.84942 0.467766
3.85443 0.469295
3.85943 0.470839
3.86443 0.472396
3.86943 0.473967
3.87444 0.475552
3.87944 0.477152
3.88444 0.478765
3.88944 0.480393
3.89445 0.482036
3.89945 0.483693
3.90445 0.485364
3.90945 0.48705
3.91446 0.48875
3.91946 0.490466
3.92446 0.492196
3.92946 0.49394
3.93447 0.4957
3.93947 0.497475
3.94447 0.499265
3.94947 0.50107
3.95448 0.50289
3.95948 0.504725
3.96448 0.506576
3.96948 0.508442
3.97449 0.510323
3.97949 0.512221
3.98449 0.514133
3.98949 0.516062
3.9945 0.518006
3.9995 0.519966
4.0045 0.521942
4.0095 0.523934
4.01451 0.525942
4.01951 0.527966
4.02451 0.530006
4.02951 0.532063
4.03452 0.534136
4.03952 0.536226
4.04452 0.538332
4.04952 0.540454
4.05453 0.542594
4.05953 0.54475
4.06453 0.546923
4.06953 0.549112
4.07454 0.551319
4.07954 0.553543
4.08454 0.555784
4.08954 0.558042
4.09455 0.560318
4.09955 0.562611
4.10455 0.564921
4.10955 0.567249
4.11456 0.569595
4.11956 0.571959
4.12456 0.57434
4.12956 0.576739
4.13457 0.579156
4.13957 0.581591
4.14457 0.584044
4.14957 0.586516
4.15458 0.589006
4.15958 0.591514
4.16458 0.594041
4.16958 0.596586
4.17459 0.59915
4.17959 0.601732
4.18459 0.604334
4.18959 0.606954
4.1946 0.609594
4.1996 0.612252
4.2046 0.614929
4.2096 0.617626
4.21461 0.620342
4.21961 0.623078
4.22461 0.625833
4.22961 0.628608
4.23462 0.631402
4.23962 0.634216
4.24462 0.63705
4.24962 0.639903
4.25463 0.642777
4.25963 0.645671
4.26463 0.648585
4.26963 0.651519
4.27464 0.654474
4.27964 0.657449
4.28464 0.660445
4.28964 0.663461
4.29465 0.666497
4.29965 0.669555
4.30465 0.672633
4.30965 0.675733
4.31466 0.678853
4.31966 0.681994
4.32466 0.685157
4.32966 0.688341
4.33467 0.691546
4.33967 0.694772
4.34467 0.69802
4.34967 0.701289
4.35468 0.704581
4.35968 0.707893
4.36468 0.711228
4.36968 0.714584
4.37469 0.717963
4.37969 0.721363
4.38469 0.724785
4.38969 0.72823
4.3947 0.731697
4.3997 0.735186
4.4047 0.738697
4.4097 0.742231
4.41471 0.745787
4.41971 0.749366
4.42471 0.752968
4.42971 0.756592
4.43472 0.760239
4.43972 0.763909
4.44472 0.767602
4.44972 0.771317
4.45473 0.775056
4.45973 0.778818
4.46473 0.782603
4.46973 0.786411
4.47474 0.790242
4.47974 0.794097
4.48474 0.797975
4.48974 0.801876
4.49475 0.805801
4.49975 0.80975
4.50475 0.813722
4.50975 0.817718
4.51476 0.821737
4.51976 0.82578
4.52476 0.829847
4.52976 0.833938
4.53477 0.838053
4.53977 0.842192
4.54477 0.846355
4.54977 0.850542
4.55478 0.854753
4.55978 0.858988
4.56478 0.863247
4.56978 0.86753
4.57479 0.871838
4.57979 0.87617
4.58479 0.880527
4.58979 0.884908
4.5948 0.889313
4.5998 0.893743
4.6048 0.898197
4.6098 0.902676
4.61481 0.907179
4.61981 0.911708
4.62481 0.91626
4.62981 0.920838
4.63482 0.92544
4.63982 0.930067
4.64482 0.934719
4.64982 0.939395
4.65483 0.944097
4.65983 0.948823
4.66483 0.953574
4.66983 0.958351
4.67484 0.963152
4.67984 0.967978
4.68484 0.972829
4.68984 0.977705
4.69485 0.982606
4.69985 0.987532
4.70485 0.992484
4.70985 0.99746
4.71486 1.00246
4.71986 1.00749
4.72486 1.01254
4.72986 1.01762
4.73487 1.02272
4.73987 1.02785
4.74487 1.033
4.74987 1.03817
4.75488 1.04338
4.75988 1.0486
4.76488 1.05386
4.76988 1.05913
4.77489 1.06444
4.77989 1.06976
4.78489 1.07512
4.78989 1.08049
4.7949 1.0859
4.7999 1.09132
4.8049 1.09678
4.8099 1.10225
4.81491 1.10775
4.81991 1.11328
4.82491 1.11883
4.82991 1.12441
4.83492 1.13001
4.83992 1.13563
4.84492 1.14128
4.84992 1.14695
4.85493 1.15265
4.85993 1.15837
4.86493 1.16411
4.86993 1.16988
4.87494 1.17568
4.87994 1.18149
4.88494 1.18733
4.88994 1.1932
4.89495 1.19908
4.89995 1.20499
4.90495 1.21093
4.90995 1.21688
4.91496 1.22286
4.91996 1.22886
4.92496 1.23489
4.92996 1.24094
4.93497 1.24701
4.93997 1.2531
4.94497 1.25922
4.94997 1.26535
4.95498 1.27152
4.95998 1.2777
4.96498 1.28391
4.96998 1.29014
4.97499 1.29639
4.97999 1.30266
4.98499 1.30896
4.98999 1.31528
4.995 1.32163
5 1.328
