-3 0.371579
-2.99399 0.371894
-2.98799 0.372208
-2.98198 0.372521
-2.97598 0.372834
-2.96997 0.373146
-2.96396 0.373458
-2.95796 0.373769
-2.95195 0.374079
-2.94595 0.374388
-2.93994 0.374697
-2.93393 0.375006
-2.92793 0.375313
-2.92192 0.37562
-2.91592 0.375927
-2.90991 0.376233
-2.9039 0.376538
-2.8979 0.376842
-2.89189 0.377146
-2.88589 0.37745
-2.87988 0.377752
-2.87387 0.378054
-2.86787 0.378356
-2.86186 0.378656
-2.85586 0.378956
-2.84985 0.379256
-2.84384 0.379555
-2.83784 0.379853
-2.83183 0.380151
-2.82583 0.380448
-2.81982 0.380744
-2.81381 0.38104
-2.80781 0.381335
-2.8018 0.381629
-2.7958 0.381923
-2.78979 0.382216
-2.78378 0.382509
-2.77778 0.382801
-2.77177 0.383092
-2.76577 0.383383
-2.75976 0.383673
-2.75375 0.383962
-2.74775 0.384251
-2.74174 0.384539
-2.73574 0.384826
-2.72973 0.385113
-2.72372 0.3854
-2.71772 0.385685
-2.71171 0.38597
-2.70571 0.386255
-2.6997 0.386538
-2.69369 0.386821
-2.68769 0.387104
-2.68168 0.387386
-2.67568 0.387667
-2.66967 0.387947
-2.66366 0.388227
-2.65766 0.388507
-2.65165 0.388785
-2.64565 0.389063
-2.63964 0.389341
-2.63363 0.389618
-2.62763 0.389894
-2.62162 0.390169
-2.61562 0.390444
-2.60961 0.390719
-2.6036 0.390992
-2.5976 0.391265
-2.59159 0.391538
-2.58559 0.391809
-2.57958 0.39208
-2.57357 0.392351
-2.56757 0.392621
-2.56156 0.39289
-2.55556 0.393159
-2.54955 0.393427
-2.54354 0.393694
-2.53754 0.393961
-2.53153 0.394227
-2.52553 0.394492
-2.51952 0.394757
-2.51351 0.395021
-2.50751 0.395285
-2.5015 0.395548
-2.4955 0.39581
-2.48949 0.396072
-2.48348 0.396333
-2.47748 0.396593
-2.47147 0.396853
-2.46547 0.397112
-2.45946 0.39737
-2.45345 0.397628
-2.44745 0.397886
-2.44144 0.398142
-2.43544 0.398398
-2.42943 0.398653
-2.42342 0.398908
-2.41742 0.399162
-2.41141 0.399416
-2.40541 0.399669
-2.3994 0.399921
-2.39339 0.400172
-2.38739 0.400423
-2.38138 0.400674
-2.37538 0.400923
-2.36937 0.401172
-2.36336 0.401421
-2.35736 0.401669
-2.35135 0.401916
-2.34535 0.402162
-2.33934 0.402408
-2.33333 0.402653
-2.32733 0.402898
-2.32132 0.403142
-2.31532 0.403385
-2.30931 0.403628
-2.3033 0.40387
-2.2973 0.404112
-2.29129 0.404353
-2.28529 0.404593
-2.27928 0.404832
-2.27327 0.405071
-2.26727 0.40531
-2.26126 0.405547
-2.25526 0.405785
-2.24925 0.406021
-2.24324 0.406257
-2.23724 0.406492
-2.23123 0.406727
-2.22523 0.40696
-2.21922 0.407194
-2.21321 0.407426
-2.20721 0.407658
-2.2012 0.40789
-2.1952 0.408121
-2.18919 0.408351
-2.18318 0.40858
-2.17718 0.408809
-2.17117 0.409037
-2.16517 0.409265
-2.15916 0.409492
-2.15315 0.409718
-2.14715 0.409944
-2.14114 0.410169
-2.13514 0.410394
-2.12913 0.410617
-2.12312 0.410841
-2.11712 0.411063
-2.11111 0.411285
-2.10511 0.411506
-2.0991 0.411727
-2.09309 0.411947
-2.08709 0.412167
-2.08108 0.412385
-2.07508 0.412603
-2.06907 0.412821
-2.06306 0.413038
-2.05706 0.413254
-2.05105 0.41347
-2.04505 0.413685
-2.03904 0.413899
-2.03303 0.414113
-2.02703 0.414326
-2.02102 0.414539
-2.01502 0.41475
-2.00901 0.414962
-2.003 0.415172
-1.997 0.415382
-1.99099 0.415591
-1.98498 0.4158
-1.97898 0.416008
-1.97297 0.416216
-1.96697 0.416422
-1.96096 0.416629
-1.95495 0.416834
-1.94895 0.417039
-1.94294 0.417243
-1.93694 0.417447
-1.93093 0.41765
-1.92492 0.417852
-1.91892 0.418054
-1.91291 0.418255
-1.90691 0.418456
-1.9009 0.418656
-1.89489 0.418855
-1.88889 0.419054
-1.88288 0.419252
-1.87688 0.419449
-1.87087 0.419646
-1.86486 0.419842
-1.85886 0.420037
-1.85285 0.420232
-1.84685 0.420426
-1.84084 0.42062
-1.83483 0.420813
-1.82883 0.421005
-1.82282 0.421197
-1.81682 0.421388
-1.81081 0.421578
-1.8048 0.421768
-1.7988 0.421957
-1.79279 0.422146
-1.78679 0.422333
-1.78078 0.422521
-1.77477 0.422707
-1.76877 0.422893
-1.76276 0.423079
-1.75676 0.423263
-1.75075 0.423448
-1.74474 0.423631
-1.73874 0.423814
-1.73273 0.423996
-1.72673 0.424178
-1.72072 0.424359
-1.71471 0.424539
-1.70871 0.424719
-1.7027 0.424898
-1.6967 0.425076
-1.69069 0.425254
-1.68468 0.425431
-1.67868 0.425608
-1.67267 0.425784
-1.66667 0.425959
-1.66066 0.426134
-1.65465 0.426308
-1.64865 0.426481
-1.64264 0.426654
-1.63664 0.426826
-1.63063 0.426997
-1.62462 0.427168
-1.61862 0.427338
-1.61261 0.427508
-1.60661 0.427677
-1.6006 0.427845
-1.59459 0.428013
-1.58859 0.42818
-1.58258 0.428347
-1.57658 0.428512
-1.57057 0.428678
-1.56456 0.428842
-1.55856 0.429006
-1.55255 0.429169
-1.54655 0.429332
-1.54054 0.429494
-1.53453 0.429656
-1.52853 0.429816
-1.52252 0.429976
-1.51652 0.430136
-1.51051 0.430295
-1.5045 0.430453
-1.4985 0.430611
-1.49249 0.430768
-1.48649 0.430924
-1.48048 0.43108
-1.47447 0.431235
-1.46847 0.431389
-1.46246 0.431543
-1.45646 0.431697
-1.45045 0.431849
-1.44444 0.432001
-1.43844 0.432152
-1.43243 0.432303
-1.42643 0.432453
-1.42042 0.432603
-1.41441 0.432751
-1.40841 0.4329
-1.4024 0.433047
-1.3964 0.433194
-1.39039 0.43334
-1.38438 0.433486
-1.37838 0.433631
-1.37237 0.433775
-1.36637 0.433919
-1.36036 0.434062
-1.35435 0.434205
-1.34835 0.434347
-1.34234 0.434488
-1.33634 0.434628
-1.33033 0.434768
-1.32432 0.434908
-1.31832 0.435046
-1.31231 0.435184
-1.30631 0.435322
-1.3003 0.435459
-1.29429 0.435595
-1.28829 0.435731
-1.28228 0.435865
-1.27628 0.436
-1.27027 0.436133
-1.26426 0.436266
-1.25826 0.436399
-1.25225 0.436531
-1.24625 0.436662
-1.24024 0.436792
-1.23423 0.436922
-1.22823 0.437051
-1.22222 0.43718
-1.21622 0.437308
-1.21021 0.437435
-1.2042 0.437562
-1.1982 0.437688
-1.19219 0.437814
-1.18619 0.437939
-1.18018 0.438063
-1.17417 0.438186
-1.16817 0.438309
-1.16216 0.438432
-1.15616 0.438553
-1.15015 0.438674
-1.14414 0.438795
-1.13814 0.438915
-1.13213 0.439034
-1.12613 0.439152
-1.12012 0.43927
-1.11411 0.439387
-1.10811 0.439504
-1.1021 0.43962
-1.0961 0.439735
-1.09009 0.43985
-1.08408 0.439964
-1.07808 0.440078
-1.07207 0.440191
-1.06607 0.440303
-1.06006 0.440415
-1.05405 0.440526
-1.04805 0.440636
-1.04204 0.440746
-1.03604 0.440855
-1.03003 0.440963
-1.02402 0.441071
-1.01802 0.441178
-1.01201 0.441285
-1.00601 0.441391
-1 0.441496
-0.993994 0.441601
-0.987988 0.441705
-0.981982 0.441808
-0.975976 0.441911
-0.96997 0.442013
-0.963964 0.442114
-0.957958 0.442215
-0.951952 0.442316
-0.945946 0.442415
-0.93994 0.442514
-0.933934 0.442613
-0.927928 0.44271
-0.921922 0.442807
-0.915916 0.442904
-0.90991 0.443
-0.903904 0.443095
-0.897898 0.443189
-0.891892 0.443283
-0.885886 0.443377
-0.87988 0.443469
-0.873874 0.443561
-0.867868 0.443653
-0.861862 0.443744
-0.855856 0.443834
-0.84985 0.443923
-0.843844 0.444012
-0.837838 0.444101
-0.831832 0.444188
-0.825826 0.444275
-0.81982 0.444362
-0.813814 0.444447
-0.807808 0.444532
-0.801802 0.444617
-0.795796 0.444701
-0.78979 0.444784
-0.783784 0.444867
-0.777778 0.444949
-0.771772 0.44503
-0.765766 0.445111
-0.75976 0.445191
-0.753754 0.44527
-0.747748 0.445349
-0.741742 0.445427
-0.735736 0.445505
-0.72973 0.445582
-0.723724 0.445658
-0.717718 0.445734
-0.711712 0.445809
-0.705706 0.445883
-0.6997 0.445957
-0.693694 0.44603
-0.687688 0.446102
-0.681682 0.446174
-0.675676 0.446245
-0.66967 0.446316
-0.663664 0.446386
-0.657658 0.446455
-0.651652 0.446524
-0.645646 0.446592
-0.63964 0.44666
-0.633634 0.446727
-0.627628 0.446793
-0.621622 0.446858
-0.615616 0.446923
-0.60961 0.446988
-0.603604 0.447051
-0.597598 0.447114
-0.591592 0.447177
-0.585586 0.447239
-0.57958 0.4473
-0.573574 0.44736
-0.567568 0.44742
-0.561562 0.447479
-0.555556 0.447538
-0.54955 0.447596
-0.543544 0.447653
-0.537538 0.44771
-0.531532 0.447766
-0.525526 0.447822
-0.51952 0.447877
-0.513514 0.447931
-0.507508 0.447984
-0.501502 0.448037
-0.495495 0.44809
-0.489489 0.448141
-0.483483 0.448193
-0.477477 0.448243
-0.471471 0.448293
-0.465465 0.448342
-0.459459 0.44839
-0.453453 0.448438
-0.447447 0.448486
-0.441441 0.448532
-0.435435 0.448578
-0.429429 0.448624
-0.423423 0.448669
-0.417417 0.448713
-0.411411 0.448756
-0.405405 0.448799
-0.399399 0.448841
-0.393393 0.448883
-0.387387 0.448924
-0.381381 0.448964
-0.375375 0.449004
-0.369369 0.449043
-0.363363 0.449082
-0.357357 0.449119
-0.351351 0.449157
-0.345345 0.449193
-0.339339 0.449229
-0.333333 0.449264
-0.327327 0.449299
-0.321321 0.449333
-0.315315 0.449367
-0.309309 0.449399
-0.303303 0.449431
-0.297297 0.449463
-0.291291 0.449494
-0.285285 0.449524
-0.279279 0.449554
-0.273273 0.449583
-0.267267 0.449611
-0.261261 0.449639
-0.255255 0.449666
-0.249249 0.449692
-0.243243 0.449718
-0.237237 0.449744
-0.231231 0.449768
-0.225225 0.449792
-0.219219 0.449815
-0.213213 0.449838
-0.207207 0.44986
-0.201201 0.449882
-0.195195 0.449902
-0.189189 0.449923
-0.183183 0.449942
-0.177177 0.449961
-0.171171 0.449979
-0.165165 0.449997
-0.159159 0.450014
-0.153153 0.45003
-0.147147 0.450046
-0.141141 0.450061
-0.135135 0.450076
-0.129129 0.45009
-0.123123 0.450103
-0.117117 0.450116
-0.111111 0.450128
-0.105105 0.450139
-0.0990991 0.45015
-0.0930931 0.45016
-0.0870871 0.450169
-0.0810811 0.450178
-0.0750751 0.450186
-0.0690691 0.450194
-0.0630631 0.450201
-0.0570571 0.450207
-0.0510511 0.450213
-0.045045 0.450218
-0.039039 0.450222
-0.033033 0.450226
-0.027027 0.450229
-0.021021 0.450232
-0.015015 0.450233
-0.00900901 0.450235
-0.003003 0.450235
0.003003 0.450235
0.00900901 0.450235
0.015015 0.450233
0.021021 0.450232
0.027027 0.450229
0.033033 0.450226
0.039039 0.450222
0.045045 0.450218
0.0510511 0.450213
0.0570571 0.450207
0.0630631 0.450201
0.0690691 0.450194
0.0750751 0.450186
0.0810811 0.450178
0.0870871 0.450169
0.0930931 0.45016
0.0990991 0.45015
0.105105 0.450139
0.111111 0.450128
0.117117 0.450116
0.123123 0.450103
0.129129 0.45009
0.135135 0.450076
0.141141 0.450061
0.147147 0.450046
0.153153 0.45003
0.159159 0.450014
0.165165 0.449997
0.171171 0.449979
0.177177 0.449961
0.183183 0.449942
0.189189 0.449923
0.195195 0.449902
0.201201 0.449882
0.207207 0.44986
0.213213 0.449838
0.219219 0.449815
0.225225 0.449792
0.231231 0.449768
0.237237 0.449744
0.243243 0.449718
0.249249 0.449692
0.255255 0.449666
0.261261 0.449639
0.267267 0.449611
0.273273 0.449583
0.279279 0.449554
0.285285 0.449524
0.291291 0.449494
0.297297 0.449463
0.303303 0.449431
0.309309 0.449399
0.315315 0.449367
0.321321 0.449333
0.327327 0.449299
0.333333 0.449264
0.339339 0.449229
0.345345 0.449193
0.351351 0.449157
0.357357 0.449119
0.363363 0.449082
0.369369 0.449043
0.375375 0.449004
0.381381 0.448964
0.387387 0.448924
0.393393 0.448883
0.399399 0.448841
0.405405 0.448799
0.411411 0.448756
0.417417 0.448713
0.423423 0.448669
0.429429 0.448624
0.435435 0.448578
0.441441 0.448532
0.447447 0.448486
0.453453 0.448438
0.459459 0.44839
0.465465 0.448342
0.471471 0.448293
0.477477 0.448243
0.483483 0.448193
0.489489 0.448141
0.495495 0.44809
0.501502 0.448037
0.507508 0.447984
0.513514 0.447931
0.51952 0.447877
0.525526 0.447822
0.531532 0.447766
0.537538 0.44771
0.543544 0.447653
0.54955 0.447596
0.555556 0.447538
0.561562 0.447479
0.567568 0.44742
0.573574 0.44736
0.57958 0.4473
0.585586 0.447239
0.591592 0.447177
0.597598 0.447114
0.603604 0.447051
0.60961 0.446988
0.615616 0.446923
0.621622 0.446858
0.627628 0.446793
0.633634 0.446727
0.63964 0.44666
0.645646 0.446592
0.651652 0.446524
0.657658 0.446455
0.663664 0.446386
0.66967 0.446316
0.675676 0.446245
0.681682 0.446174
0.687688 0.446102
0.693694 0.44603
0.6997 0.445957
0.705706 0.445883
0.711712 0.445809
0.717718 0.445734
0.723724 0.445658
0.72973 0.445582
0.735736 0.445505
0.741742 0.445427
0.747748 0.445349
0.753754 0.44527
0.75976 0.445191
0.765766 0.445111
0.771772 0.44503
0.777778 0.444949
0.783784 0.444867
0.78979 0.444784
0.795796 0.444701
0.801802 0.444617
0.807808 0.444532
0.813814 0.444447
0.81982 0.444362
0.825826 0.444275
0.831832 0.444188
0.837838 0.444101
0.843844 0.444012
0.84985 0.443923
0.855856 0.443834
0.861862 0.443744
0.867868 0.443653
0.873874 0.443561
0.87988 0.443469
0.885886 0.443377
0.891892 0.443283
0.897898 0.443189
0.903904 0.443095
0.90991 0.443
0.915916 0.442904
0.921922 0.442807
0.927928 0.44271
0.933934 0.442613
0.93994 0.442514
0.945946 0.442415
0.951952 0.442316
0.957958 0.442215
0.963964 0.442114
0.96997 0.442013
0.975976 0.441911
0.981982 0.441808
0.987988 0.441705
0.993994 0.441601
1 0.441496
1.00601 0.441391
1.01201 0.441285
1.01802 0.441178
1.02402 0.441071
1.03003 0.440963
1.03604 0.440855
1.04204 0.440746
1.04805 0.440636
1.05405 0.440526
1.06006 0.440415
1.06607 0.440303
1.07207 0.440191
1.07808 0.440078
1.08408 0.439964
1.09009 0.43985
1.0961 0.439735
1.1021 0.43962
1.10811 0.439504
1.11411 0.439387
1.12012 0.43927
1.12613 0.439152
1.13213 0.439034
1.13814 0.438915
1.14414 0.438795
1.15015 0.438674
1.15616 0.438553
1.16216 0.438432
1.16817 0.438309
1.17417 0.438186
1.18018 0.438063
1.18619 0.437939
1.19219 0.437814
1.1982 0.437688
1.2042 0.437562
1.21021 0.437435
1.21622 0.437308
1.22222 0.43718
1.22823 0.437051
1.23423 0.436922
1.24024 0.436792
1.24625 0.436662
1.25225 0.436531
1.25826 0.436399
1.26426 0.436266
1.27027 0.436133
1.27628 0.436
1.28228 0.435865
1.28829 0.435731
1.29429 0.435595
1.3003 0.435459
1.30631 0.435322
1.31231 0.435184
1.31832 0.435046
1.32432 0.434908
1.33033 0.434768
1.33634 0.434628
1.34234 0.434488
1.34835 0.434347
1.35435 0.434205
1.36036 0.434062
1.36637 0.433919
1.37237 0.433775
1.37838 0.433631
1.38438 0.433486
1.39039 0.43334
1.3964 0.433194
1.4024 0.433047
1.40841 0.4329
1.41441 0.432751
1.42042 0.432603
1.42643 0.432453
1.43243 0.432303
1.43844 0.432152
1.44444 0.432001
1.45045 0.431849
1.45646 0.431697
1.46246 0.431543
1.46847 0.431389
1.47447 0.431235
1.48048 0.43108
1.48649 0.430924
1.49249 0.430768
1.4985 0.430611
1.5045 0.430453
1.51051 0.430295
1.51652 0.430136
1.52252 0.429976
1.52853 0.429816
1.53453 0.429656
1.54054 0.429494
1.54655 0.429332
1.55255 0.429169
1.55856 0.429006
1.56456 0.428842
1.57057 0.428678
1.57658 0.428512
1.58258 0.428347
1.58859 0.42818
1.59459 0.428013
1.6006 0.427845
1.60661 0.427677
1.61261 0.427508
1.61862 0.427338
1.62462 0.427168
1.63063 0.426997
1.63664 0.426826
1.64264 0.426654
1.64865 0.426481
1.65465 0.426308
1.66066 0.426134
1.66667 0.425959
1.67267 0.425784
1.67868 0.425608
1.68468 0.425431
1.69069 0.425254
1.6967 0.425076
1.7027 0.424898
1.70871 0.424719
1.71471 0.424539
1.72072 0.424359
1.72673 0.424178
1.73273 0.423996
1.73874 0.423814
1.74474 0.423631
1.75075 0.423448
1.75676 0.423263
1.76276 0.423079
1.76877 0.422893
1.77477 0.422707
1.78078 0.422521
1.78679 0.422333
1.79279 0.422146
1.7988 0.421957
1.8048 0.421768
1.81081 0.421578
1.81682 0.421388
1.82282 0.421197
1.82883 0.421005
1.83483 0.420813
1.84084 0.42062
1.84685 0.420426
1.85285 0.420232
1.85886 0.420037
1.86486 0.419842
1.87087 0.419646
1.87688 0.419449
1.88288 0.419252
1.88889 0.419054
1.89489 0.418855
1.9009 0.418656
1.90691 0.418456
1.91291 0.418255
1.91892 0.418054
1.92492 0.417852
1.93093 0.41765
1.93694 0.417447
1.94294 0.417243
1.94895 0.417039
1.95495 0.416834
1.96096 0.416629
1.96697 0.416422
1.97297 0.416216
1.97898 0.416008
1.98498 0.4158
1.99099 0.415591
1.997 0.415382
2.003 0.415172
2.00901 0.414962
2.01502 0.41475
2.02102 0.414539
2.02703 0.414326
2.03303 0.414113
2.03904 0.413899
2.04505 0.413685
2.05105 0.41347
2.05706 0.413254
2.06306 0.413038
2.06907 0.412821
2.07508 0.412603
2.08108 0.412385
2.08709 0.412167
2.09309 0.411947
2.0991 0.411727
2.10511 0.411506
2.11111 0.411285
2.11712 0.411063
2.12312 0.410841
2.12913 0.410617
2.13514 0.410394
2.14114 0.410169
2.14715 0.409944
2.15315 0.409718
2.15916 0.409492
2.16517 0.409265
2.17117 0.409037
2.17718 0.408809
2.18318 0.40858
2.18919 0.408351
2.1952 0.408121
2.2012 0.40789
2.20721 0.407658
2.21321 0.407426
2.21922 0.407194
2.22523 0.40696
2.23123 0.406727
2.23724 0.406492
2.24324 0.406257
2.24925 0.406021
2.25526 0.405785
2.26126 0.405547
2.26727 0.40531
2.27327 0.405071
2.27928 0.404832
2.28529 0.404593
2.29129 0.404353
2.2973 0.404112
2.3033 0.40387
2.30931 0.403628
2.31532 0.403385
2.32132 0.403142
2.32733 0.402898
2.33333 0.402653
2.33934 0.402408
2.34535 0.402162
2.35135 0.401916
2.35736 0.401669
2.36336 0.401421
2.36937 0.401172
2.37538 0.400923
2.38138 0.400674
2.38739 0.400423
2.39339 0.400172
2.3994 0.399921
2.40541 0.399669
2.41141 0.399416
2.41742 0.399162
2.42342 0.398908
2.42943 0.398653
2.43544 0.398398
2.44144 0.398142
2.44745 0.397886
2.45345 0.397628
2.45946 0.39737
2.46547 0.397112
2.47147 0.396853
2.47748 0.396593
2.48348 0.396333
2.48949 0.396072
2.4955 0.39581
2.5015 0.395548
2.50751 0.395285
2.51351 0.395021
2.51952 0.394757
2.52553 0.394492
2.53153 0.394227
2.53754 0.393961
2.54354 0.393694
2.54955 0.393427
2.55556 0.393159
2.56156 0.39289
2.56757 0.392621
2.57357 0.392351
2.57958 0.39208
2.58559 0.391809
2.59159 0.391538
2.5976 0.391265
2.6036 0.390992
2.60961 0.390719
2.61562 0.390444
2.62162 0.390169
2.62763 0.389894
2.63363 0.389618
2.63964 0.389341
2.64565 0.389063
2.65165 0.388785
2.65766 0.388507
2.66366 0.388227
2.66967 0.387947
2.67568 0.387667
2.68168 0.387386
2.68769 0.387104
2.69369 0.386821
2.6997 0.386538
2.70571 0.386255
2.71171 0.38597
2.71772 0.385685
2.72372 0.3854
2.72973 0.385113
2.73574 0.384826
2.74174 0.384539
2.74775 0.384251
2.75375 0.383962
2.75976 0.383673
2.76577 0.383383
2.77177 0.383092
2.77778 0.382801
2.78378 0.382509
2.78979 0.382216
2.7958 0.381923
2.8018 0.381629
2.80781 0.381335
2.81381 0.38104
2.81982 0.380744
2.82583 0.380448
2.83183 0.380151
2.83784 0.379853
2.84384 0.379555
2.84985 0.379256
2.85586 0.378956
2.86186 0.378656
2.86787 0.378356
2.87387 0.378054
2.87988 0.377752
2.88589 0.37745
2.89189 0.377146
2.8979 0.376842
2.9039 0.376538
2.90991 0.376233
2.91592 0.375927
2.92192 0.37562
2.92793 0.375313
2.93393 0.375006
2.93994 0.374697
2.94595 0.374388
2.95195 0.374079
2.95796 0.373769
2.96396 0.373458
2.96997 0.373146
2.97598 0.372834
2.98198 0.372521
2.98799 0.372208
2.99399 0.371894
3 0.371579
