-5 0.666651
-4.995 0.665573
-4.98999 0.664496
-4.98499 0.66342
-4.97999 0.662345
-4.97499 0.661272
-4.96998 0.660199
-4.96498 0.659128
-4.95998 0.658057
-4.95498 0.656988
-4.94997 0.65592
-4.94497 0.654853
-4.93997 0.653787
-4.93497 0.652722
-4.92996 0.651658
-4.92496 0.650595
-4.91996 0.649533
-4.91496 0.648472
-4.90995 0.647413
-4.90495 0.646354
-4.89995 0.645297
-4.89495 0.644241
-4.88994 0.643185
-4.88494 0.642131
-4.87994 0.641078
-4.87494 0.640026
-4.86993 0.638975
-4.86493 0.637925
-4.85993 0.636876
-4.85493 0.635828
-4.84992 0.634782
-4.84492 0.633736
-4.83992 0.632692
-4.83492 0.631648
-4.82991 0.630606
-4.82491 0.629565
-4.81991 0.628525
-4.81491 0.627485
-4.8099 0.626447
-4.8049 0.625411
-4.7999 0.624375
-4.7949 0.62334
-4.78989 0.622306
-4.78489 0.621274
-4.77989 0.620242
-4.77489 0.619212
-4.76988 0.618182
-4.76488 0.617154
-4.75988 0.616127
-4.75488 0.6151
-4.74987 0.614075
-4.74487 0.613051
-4.73987 0.612028
-4.73487 0.611007
-4.72986 0.609986
-4.72486 0.608966
-4.71986 0.607948
-4.71486 0.60693
-4.70985 0.605914
-4.70485 0.604898
-4.69985 0.603884
-4.69485 0.602871
-4.68984 0.601859
-4.68484 0.600848
-4.67984 0.599838
-4.67484 0.598829
-4.66983 0.597821
-4.66483 0.596814
-4.65983 0.595809
-4.65483 0.594804
-4.64982 0.593801
-4.64482 0.592798
-4.63982 0.591797
-4.63482 0.590797
-4.62981 0.589797
-4.62481 0.588799
-4.61981 0.587802
-4.61481 0.586806
-4.6098 0.585811
-4.6048 0.584818
-4.5998 0.583825
-4.5948 0.582833
-4.58979 0.581843
-4.58479 0.580853
-4.57979 0.579865
-4.57479 0.578878
-4.56978 0.577891
-4.56478 0.576906
-4.55978 0.575922
-4.55478 0.574939
-4.54977 0.573957
-4.54477 0.572977
-4.53977 0.571997
-4.53477 0.571018
-4.52976 0.570041
-4.52476 0.569064
-4.51976 0.568089
-4.51476 0.567114
-4.50975 0.566141
-4.50475 0.565169
-4.49975 0.564198
-4.49475 0.563228
-4.48974 0.562259
-4.48474 0.561291
-4.47974 0.560324
-4.47474 0.559358
-4.46973 0.558394
-4.46473 0.55743
-4.45973 0.556468
-4.45473 0.555506
-4.44972 0.554546
-4.44472 0.553587
-4.43972 0.552628
-4.43472 0.551671
-4.42971 0.550715
-4.42471 0.54976
-4.41971 0.548806
-4.41471 0.547854
-4.4097 0.546902
-4.4047 0.545951
-4.3997 0.545002
-4.3947 0.544053
-4.38969 0.543106
-4.38469 0.54216
-4.37969 0.541214
-4.37469 0.54027
-4.36968 0.539327
-4.36468 0.538385
-4.35968 0.537444
-4.35468 0.536505
-4.34967 0.535566
-4.34467 0.534628
-4.33967 0.533692
-4.33467 0.532756
-4.32966 0.531822
-4.32466 0.530888
-4.31966 0.529956
-4.31466 0.529025
-4.30965 0.528095
-4.30465 0.527166
-4.29965 0.526238
-4.29465 0.525311
-4.28964 0.524385
-4.28464 0.52346
-4.27964 0.522537
-4.27464 0.521614
-4.26963 0.520693
-4.26463 0.519772
-4.25963 0.518853
-4.25463 0.517935
-4.24962 0.517017
-4.24462 0.516101
-4.23962 0.515186
-4.23462 0.514272
-4.22961 0.51336
-4.22461 0.512448
-4.21961 0.511537
-4.21461 0.510627
-4.2096 0.509719
-4.2046 0.508811
-4.1996 0.507905
-4.1946 0.507
-4.18959 0.506096
-4.18459 0.505192
-4.17959 0.50429
-4.17459 0.503389
-4.16958 0.502489
-4.16458 0.501591
-4.15958 0.500693
-4.15458 0.499796
-4.14957 0.498901
-4.14457 0.498006
-4.13957 0.497113
-4.13457 0.49622
-4.12956 0.495329
-4.12456 0.494439
-4.11956 0.49355
-4.11456 0.492662
-4.10955 0.491775
-4.10455 0.490889
-4.09955 0.490004
-4.09455 0.48912
-4.08954 0.488238
-4.08454 0.487356
-4.07954 0.486476
-4.07454 0.485596
-4.06953 0.484718
-4.06453 0.483841
-4.05953 0.482965
-4.05453 0.482089
-4.04952 0.481215
-4.04452 0.480343
-4.03952 0.479471
-4.03452 0.4786
-4.02951 0.47773
-4.02451 0.476862
-4.01951 0.475994
-4.01451 0.475128
-4.0095 0.474262
-4.0045 0.473398
-3.9995 0.472535
-3.9945 0.471673
-3.98949 0.470812
-3.98449 0.469952
-3.97949 0.469093
-3.97449 0.468235
-3.96948 0.467378
-3.96448 0.466522
-3.95948 0.465668
-3.95448 0.464814
-3.94947 0.463962
-3.94447 0.463111
-3.93947 0.46226
-3.93447 0.461411
-3.92946 0.460563
-3.92446 0.459716
-3.91946 0.45887
-3.91446 0.458025
-3.90945 0.457181
-3.90445 0.456339
-3.89945 0.455497
-3.89445 0.454656
-3.88944 0.453817
-3.88444 0.452979
-3.87944 0.452141
-3.87444 0.451305
-3.86943 0.45047
-3.86443 0.449636
-3.85943 0.448803
-3.85443 0.447971
-3.84942 0.44714
-3.84442 0.44631
-3.83942 0.445481
-3.83442 0.444654
-3.82941 0.443827
-3.82441 0.443002
-3.81941 0.442178
-3.81441 0.441354
-3.8094 0.440532
-3.8044 0.439711
-3.7994 0.438891
-3.7944 0.438072
-3.78939 0.437254
-3.78439 0.436437
-3.77939 0.435621
-3.77439 0.434807
-3.76938 0.433993
-3.76438 0.433181
-3.75938 0.432369
-3.75438 0.431559
-3.74937 0.43075
-3.74437 0.429941
-3.73937 0.429134
-3.73437 0.428328
-3.72936 0.427523
-3.72436 0.426719
-3.71936 0.425917
-3.71436 0.425115
-3.70935 0.424314
-3.70435 0.423515
-3.69935 0.422716
-3.69435 0.421919
-3.68934 0.421123
-3.68434 0.420327
-3.67934 0.419533
-3.67434 0.41874
-3.66933 0.417948
-3.66433 0.417157
-3.65933 0.416367
-3.65433 0.415579
-3.64932 0.414791
-3.64432 0.414004
-3.63932 0.413219
-3.63432 0.412434
-3.62931 0.411651
-3.62431 0.410869
-3.61931 0.410087
-3.61431 0.409307
-3.6093 0.408528
-3.6043 0.40775
-3.5993 0.406973
-3.5943 0.406198
-3.58929 0.405423
-3.58429 0.404649
-3.57929 0.403877
-3.57429 0.403105
-3.56928 0.402335
-3.56428 0.401565
-3.55928 0.400797
-3.55428 0.40003
-3.54927 0.399264
-3.54427 0.398499
-3.53927 0.397735
-3.53427 0.396972
-3.52926 0.39621
-3.52426 0.395449
-3.51926 0.39469
-3.51426 0.393931
-3.50925 0.393174
-3.50425 0.392417
-3.49925 0.391662
-3.49425 0.390908
-3.48924 0.390155
-3.48424 0.389403
-3.47924 0.388652
-3.47424 0.387902
-3.46923 0.387153
-3.46423 0.386405
-3.45923 0.385658
-3.45423 0.384913
-3.44922 0.384168
-3.44422 0.383425
-3.43922 0.382682
-3.43422 0.381941
-3.42921 0.381201
-3.42421 0.380462
-3.41921 0.379724
-3.41421 0.378987
-3.4092 0.378251
-3.4042 0.377516
-3.3992 0.376782
-3.3942 0.37605
-3.38919 0.375318
-3.38419 0.374588
-3.37919 0.373858
-3.37419 0.37313
-3.36918 0.372403
-3.36418 0.371676
-3.35918 0.370951
-3.35418 0.370227
-3.34917 0.369504
-3.34417 0.368782
-3.33917 0.368062
-3.33417 0.367342
-3.32916 0.366623
-3.32416 0.365906
-3.31916 0.365189
-3.31416 0.364474
-3.30915 0.36376
-3.30415 0.363046
-3.29915 0.362334
-3.29415 0.361623
-3.28914 0.360913
-3.28414 0.360204
-3.27914 0.359496
-3.27414 0.35879
-3.26913 0.358084
-3.26413 0.357379
-3.25913 0.356676
-3.25413 0.355973
-3.24912 0.355272
-3.24412 0.354572
-3.23912 0.353873
-3.23412 0.353174
-3.22911 0.352477
-3.22411 0.351781
-3.21911 0.351087
-3.21411 0.350393
-3.2091 0.3497
-3.2041 0.349008
-3.1991 0.348318
-3.1941 0.347628
-3.18909 0.34694
-3.18409 0.346253
-3.17909 0.345566
-3.17409 0.344881
-3.16908 0.344197
-3.16408 0.343514
-3.15908 0.342832
-3.15408 0.342151
-3.14907 0.341471
-3.14407 0.340793
-3.13907 0.340115
-3.13407 0.339438
-3.12906 0.338763
-3.12406 0.338089
-3.11906 0.337415
-3.11406 0.336743
-3.10905 0.336072
-3.10405 0.335402
-3.09905 0.334733
-3.09405 0.334065
-3.08904 0.333398
-3.08404 0.332732
-3.07904 0.332068
-3.07404 0.331404
-3.06903 0.330742
-3.06403 0.33008
-3.05903 0.32942
-3.05403 0.32876
-3.04902 0.328102
-3.04402 0.327445
-3.03902 0.326789
-3.03402 0.326134
-3.02901 0.32548
-3.02401 0.324827
-3.01901 0.324176
-3.01401 0.323525
-3.009 0.322876
-3.004 0.322227
-2.999 0.32158
-2.994 0.320933
-2.98899 0.320288
-2.98399 0.319644
-2.97899 0.319001
-2.97399 0.318359
-2.96898 0.317718
-2.96398 0.317078
-2.95898 0.316439
-2.95398 0.315801
-2.94897 0.315165
-2.94397 0.314529
-2.93897 0.313895
-2.93397 0.313261
-2.92896 0.312629
-2.92396 0.311998
-2.91896 0.311368
-2.91396 0.310739
-2.90895 0.310111
-2.90395 0.309484
-2.89895 0.308858
-2.89395 0.308233
-2.88894 0.30761
-2.88394 0.306987
-2.87894 0.306365
-2.87394 0.305745
-2.86893 0.305126
-2.86393 0.304507
-2.85893 0.30389
-2.85393 0.303274
-2.84892 0.302659
-2.84392 0.302045
-2.83892 0.301432
-2.83392 0.30082
-2.82891 0.30021
-2.82391 0.2996
-2.81891 0.298991
-2.81391 0.298384
-2.8089 0.297777
-2.8039 0.297172
-2.7989 0.296568
-2.7939 0.295965
-2.78889 0.295363
-2.78389 0.294762
-2.77889 0.294162
-2.77389 0.293563
-2.76888 0.292965
-2.76388 0.292368
-2.75888 0.291773
-2.75388 0.291178
-2.74887 0.290585
-2.74387 0.289992
-2.73887 0.289401
-2.73387 0.288811
-2.72886 0.288222
-2.72386 0.287634
-2.71886 0.287047
-2.71386 0.286461
-2.70885 0.285876
-2.70385 0.285292
-2.69885 0.284709
-2.69385 0.284128
-2.68884 0.283547
-2.68384 0.282968
-2.67884 0.28239
-2.67384 0.281812
-2.66883 0.281236
-2.66383 0.280661
-2.65883 0.280087
-2.65383 0.279514
-2.64882 0.278942
-2.64382 0.278371
-2.63882 0.277802
-2.63382 0.277233
-2.62881 0.276665
-2.62381 0.276099
-2.61881 0.275533
-2.61381 0.274969
-2.6088 0.274406
-2.6038 0.273844
-2.5988 0.273283
-2.5938 0.272723
-2.58879 0.272164
-2.58379 0.271606
-2.57879 0.271049
-2.57379 0.270493
-2.56878 0.269939
-2.56378 0.269385
-2.55878 0.268833
-2.55378 0.268281
-2.54877 0.267731
-2.54377 0.267182
-2.53877 0.266634
-2.53377 0.266087
-2.52876 0.265541
-2.52376 0.264996
-2.51876 0.264452
-2.51376 0.263909
-2.50875 0.263367
-2.50375 0.262827
-2.49875 0.262287
-2.49375 0.261749
-2.48874 0.261212
-2.48374 0.260675
-2.47874 0.26014
-2.47374 0.259606
-2.46873 0.259073
-2.46373 0.258541
-2.45873 0.25801
-2.45373 0.25748
-2.44872 0.256952
-2.44372 0.256424
-2.43872 0.255897
-2.43372 0.255372
-2.42871 0.254848
-2.42371 0.254324
-2.41871 0.253802
-2.41371 0.253281
-2.4087 0.252761
-2.4037 0.252242
-2.3987 0.251724
-2.3937 0.251207
-2.38869 0.250691
-2.38369 0.250176
-2.37869 0.249663
-2.37369 0.24915
-2.36868 0.248639
-2.36368 0.248128
-2.35868 0.247619
-2.35368 0.247111
-2.34867 0.246604
-2.34367 0.246098
-2.33867 0.245593
-2.33367 0.245089
-2.32866 0.244586
-2.32366 0.244084
-2.31866 0.243584
-2.31366 0.243084
-2.30865 0.242586
-2.30365 0.242088
-2.29865 0.241592
-2.29365 0.241096
-2.28864 0.240602
-2.28364 0.240109
-2.27864 0.239617
-2.27364 0.239126
-2.26863 0.238636
-2.26363 0.238147
-2.25863 0.23766
-2.25363 0.237173
-2.24862 0.236688
-2.24362 0.236203
-2.23862 0.23572
-2.23362 0.235237
-2.22861 0.234756
-2.22361 0.234276
-2.21861 0.233797
-2.21361 0.233319
-2.2086 0.232842
-2.2036 0.232366
-2.1986 0.231891
-2.1936 0.231418
-2.18859 0.230945
-2.18359 0.230473
-2.17859 0.230003
-2.17359 0.229534
-2.16858 0.229065
-2.16358 0.228598
-2.15858 0.228132
-2.15358 0.227667
-2.14857 0.227203
-2.14357 0.22674
-2.13857 0.226278
-2.13357 0.225818
-2.12856 0.225358
-2.12356 0.224899
-2.11856 0.224442
-2.11356 0.223985
-2.10855 0.22353
-2.10355 0.223076
-2.09855 0.222623
-2.09355 0.22217
-2.08854 0.221719
-2.08354 0.221269
-2.07854 0.220821
-2.07354 0.220373
-2.06853 0.219926
-2.06353 0.21948
-2.05853 0.219036
-2.05353 0.218592
-2.04852 0.21815
-2.04352 0.217709
-2.03852 0.217268
-2.03352 0.216829
-2.02851 0.216391
-2.02351 0.215954
-2.01851 0.215518
-2.01351 0.215083
-2.0085 0.21465
-2.0035 0.214217
-1.9985 0.213785
-1.9935 0.213355
-1.98849 0.212925
-1.98349 0.212497
-1.97849 0.21207
-1.97349 0.211643
-1.96848 0.211218
-1.96348 0.210794
-1.95848 0.210371
-1.95348 0.209949
-1.94847 0.209529
-1.94347 0.209109
-1.93847 0.20869
-1.93347 0.208273
-1.92846 0.207856
-1.92346 0.207441
-1.91846 0.207026
-1.91346 0.206613
-1.90845 0.206201
-1.90345 0.20579
-1.89845 0.20538
-1.89345 0.204971
-1.88844 0.204563
-1.88344 0.204156
-1.87844 0.20375
-1.87344 0.203346
-1.86843 0.202942
-1.86343 0.20254
-1.85843 0.202138
-1.85343 0.201738
-1.84842 0.201339
-1.84342 0.200941
-1.83842 0.200544
-1.83342 0.200148
-1.82841 0.199753
-1.82341 0.199359
-1.81841 0.198966
-1.81341 0.198574
-1.8084 0.198184
-1.8034 0.197794
-1.7984 0.197406
-1.7934 0.197018
-1.78839 0.196632
-1.78339 0.196247
-1.77839 0.195863
-1.77339 0.19548
-1.76838 0.195098
-1.76338 0.194717
-1.75838 0.194337
-1.75338 0.193958
-1.74837 0.193581
-1.74337 0.193204
-1.73837 0.192829
-1.73337 0.192454
-1.72836 0.192081
-1.72336 0.191709
-1.71836 0.191337
-1.71336 0.190967
-1.70835 0.190598
-1.70335 0.19023
-1.69835 0.189863
-1.69335 0.189498
-1.68834 0.189133
-1.68334 0.188769
-1.67834 0.188407
-1.67334 0.188045
-1.66833 0.187685
-1.66333 0.187326
-1.65833 0.186967
-1.65333 0.18661
-1.64832 0.186254
-1.64332 0.185899
-1.63832 0.185545
-1.63332 0.185192
-1.62831 0.184841
-1.62331 0.18449
-1.61831 0.18414
-1.61331 0.183792
-1.6083 0.183444
-1.6033 0.183098
-1.5983 0.182753
-1.5933 0.182408
-1.58829 0.182065
-1.58329 0.181723
-1.57829 0.181382
-1.57329 0.181042
-1.56828 0.180704
-1.56328 0.180366
-1.55828 0.180029
-1.55328 0.179694
-1.54827 0.179359
-1.54327 0.179026
-1.53827 0.178693
-1.53327 0.178362
-1.52826 0.178032
-1.52326 0.177703
-1.51826 0.177375
-1.51326 0.177048
-1.50825 0.176722
-1.50325 0.176397
-1.49825 0.176074
-1.49325 0.175751
-1.48824 0.175429
-1.48324 0.175109
-1.47824 0.17479
-1.47324 0.174471
-1.46823 0.174154
-1.46323 0.173838
-1.45823 0.173523
-1.45323 0.173209
-1.44822 0.172896
-1.44322 0.172584
-1.43822 0.172273
-1.43322 0.171964
-1.42821 0.171655
-1.42321 0.171347
-1.41821 0.171041
-1.41321 0.170736
-1.4082 0.170431
-1.4032 0.170128
-1.3982 0.169826
-1.3932 0.169525
-1.38819 0.169225
-1.38319 0.168926
-1.37819 0.168628
-1.37319 0.168332
-1.36818 0.168036
-1.36318 0.167741
-1.35818 0.167448
-1.35318 0.167155
-1.34817 0.166864
-1.34317 0.166574
-1.33817 0.166285
-1.33317 0.165997
-1.32816 0.16571
-1.32316 0.165424
-1.31816 0.165139
-1.31316 0.164855
-1.30815 0.164572
-1.30315 0.164291
-1.29815 0.16401
-1.29315 0.163731
-1.28814 0.163452
-1.28314 0.163175
-1.27814 0.162899
-1.27314 0.162624
-1.26813 0.162349
-1.26313 0.162076
-1.25813 0.161805
-1.25313 0.161534
-1.24812 0.161264
-1.24312 0.160995
-1.23812 0.160728
-1.23312 0.160461
-1.22811 0.160196
-1.22311 0.159931
-1.21811 0.159668
-1.21311 0.159406
-1.2081 0.159145
-1.2031 0.158885
-1.1981 0.158626
-1.1931 0.158368
-1.18809 0.158111
-1.18309 0.157855
-1.17809 0.157601
-1.17309 0.157347
-1.16808 0.157095
-1.16308 0.156843
-1.15808 0.156593
-1.15308 0.156344
-1.14807 0.156095
-1.14307 0.155848
-1.13807 0.155602
-1.13307 0.155357
-1.12806 0.155114
-1.12306 0.154871
-1.11806 0.154629
-1.11306 0.154388
-1.10805 0.154149
-1.10305 0.15391
-1.09805 0.153673
-1.09305 0.153437
-1.08804 0.153202
-1.08304 0.152967
-1.07804 0.152734
-1.07304 0.152502
-1.06803 0.152271
-1.06303 0.152042
-1.05803 0.151813
-1.05303 0.151585
-1.04802 0.151359
-1.04302 0.151133
-1.03802 0.150909
-1.03302 0.150685
-1.02801 0.150463
-1.02301 0.150242
-1.01801 0.150022
-1.01301 0.149803
-1.008 0.149585
-1.003 0.149368
-0.997999 0.149152
-0.992996 0.148937
-0.987994 0.148724
-0.982991 0.148511
-0.977989 0.1483
-0.972986 0.148089
-0.967984 0.14788
-0.962981 0.147672
-0.957979 0.147464
-0.952976 0.147258
-0.947974 0.147053
-0.942971 0.146849
-0.937969 0.146646
-0.932966 0.146445
-0.927964 0.146244
-0.922961 0.146044
-0.917959 0.145846
-0.912956 0.145648
-0.907954 0.145452
-0.902951 0.145257
-0.897949 0.145062
-0.892946 0.144869
-0.887944 0.144677
-0.882941 0.144486
-0.877939 0.144296
-0.872936 0.144108
-0.867934 0.14392
-0.862931 0.143733
-0.857929 0.143548
-0.852926 0.143363
-0.847924 0.14318
-0.842921 0.142997
-0.837919 0.142816
-0.832916 0.142636
-0.827914 0.142457
-0.822911 0.142279
-0.817909 0.142102
-0.812906 0.141926
-0.807904 0.141751
-0.802901 0.141577
-0.797899 0.141405
-0.792896 0.141233
-0.787894 0.141063
-0.782891 0.140893
-0.777889 0.140725
-0.772886 0.140558
-0.767884 0.140391
-0.762881 0.140226
-0.757879 0.140062
-0.752876 0.139899
-0.747874 0.139737
-0.742871 0.139577
-0.737869 0.139417
-0.732866 0.139258
-0.727864 0.139101
-0.722861 0.138944
-0.717859 0.138789
-0.712856 0.138635
-0.707854 0.138482
-0.702851 0.138329
-0.697849 0.138178
-0.692846 0.138028
-0.687844 0.137879
-0.682841 0.137732
-0.677839 0.137585
-0.672836 0.137439
-0.667834 0.137295
-0.662831 0.137151
-0.657829 0.137009
-0.652826 0.136867
-0.647824 0.136727
-0.642821 0.136588
-0.637819 0.13645
-0.632816 0.136313
-0.627814 0.136177
-0.622811 0.136042
-0.617809 0.135908
-0.612806 0.135775
-0.607804 0.135644
-0.602801 0.135513
-0.597799 0.135384
-0.592796 0.135255
-0.587794 0.135128
-0.582791 0.135002
-0.577789 0.134876
-0.572786 0.134752
-0.567784 0.134629
-0.562781 0.134507
-0.557779 0.134387
-0.552776 0.134267
-0.547774 0.134148
-0.542771 0.134031
-0.537769 0.133914
-0.532766 0.133799
-0.527764 0.133684
-0.522761 0.133571
-0.517759 0.133459
-0.512756 0.133348
-0.507754 0.133237
-0.502751 0.133128
-0.497749 0.133021
-0.492746 0.132914
-0.487744 0.132808
-0.482741 0.132703
-0.477739 0.1326
-0.472736 0.132497
-0.467734 0.132396
-0.462731 0.132295
-0.457729 0.132196
-0.452726 0.132098
-0.447724 0.132001
-0.442721 0.131905
-0.437719 0.13181
-0.432716 0.131716
-0.427714 0.131623
-0.422711 0.131532
-0.417709 0.131441
-0.412706 0.131351
-0.407704 0.131263
-0.402701 0.131175
-0.397699 0.131089
-0.392696 0.131004
-0.387694 0.13092
-0.382691 0.130837
-0.377689 0.130755
-0.372686 0.130674
-0.367684 0.130594
-0.362681 0.130515
-0.357679 0.130437
-0.352676 0.130361
-0.347674 0.130285
-0.342671 0.130211
-0.337669 0.130137
-0.332666 0.130065
-0.327664 0.129994
-0.322661 0.129924
-0.317659 0.129855
-0.312656 0.129787
-0.307654 0.12972
-0.302651 0.129654
-0.297649 0.129589
-0.292646 0.129526
-0.287644 0.129463
-0.282641 0.129402
-0.277639 0.129341
-0.272636 0.129282
-0.267634 0.129224
-0.262631 0.129166
-0.257629 0.12911
-0.252626 0.129055
-0.247624 0.129001
-0.242621 0.128948
-0.237619 0.128897
-0.232616 0.128846
-0.227614 0.128796
-0.222611 0.128748
-0.217609 0.1287
-0.212606 0.128654
-0.207604 0.128608
-0.202601 0.128564
-0.197599 0.128521
-0.192596 0.128479
-0.187594 0.128438
-0.182591 0.128398
-0.177589 0.128359
-0.172586 0.128321
-0.167584 0.128285
-0.162581 0.128249
-0.157579 0.128215
-0.152576 0.128181
-0.147574 0.128149
-0.142571 0.128118
-0.137569 0.128087
-0.132566 0.128058
-0.127564 0.12803
-0.122561 0.128003
-0.117559 0.127977
-0.112556 0.127952
-0.107554 0.127929
-0.102551 0.127906
-0.0975488 0.127884
-0.0925463 0.127864
-0.0875438 0.127845
-0.0825413 0.127826
-0.0775388 0.127809
-0.0725363 0.127793
-0.0675338 0.127778
-0.0625313 0.127764
-0.0575288 0.127751
-0.0525263 0.127739
-0.0475238 0.127728
-0.0425213 0.127718
-0.0375188 0.12771
-0.0325163 0.127702
-0.0275138 0.127696
-0.0225113 0.12769
-0.0175088 0.127686
-0.0125063 0.127683
-0.00750375 0.127681
-0.00250125 0.127679
0.00250125 0.127679
0.00750375 0.127681
0.0125063 0.127683
0.0175088 0.127686
0.0225113 0.12769
0.0275138 0.127696
0.0325163 0.127702
0.0375188 0.12771
0.0425213 0.127718
0.0475238 0.127728
0.0525263 0.127739
0.0575288 0.127751
0.0625313 0.127764
0.0675338 0.127778
0.0725363 0.127793
0.0775388 0.127809
0.0825413 0.127826
0.0875438 0.127845
0.0925463 0.127864
0.0975488 0.127884
0.102551 0.127906
0.107554 0.127929
0.112556 0.127952
0.117559 0.127977
0.122561 0.128003
0.127564 0.12803
0.132566 0.128058
0.137569 0.128087
0.142571 0.128118
0.147574 0.128149
0.152576 0.128181
0.157579 0.128215
0.162581 0.128249
0.167584 0.128285
0.172586 0.128321
0.177589 0.128359
0.182591 0.128398
0.187594 0.128438
0.192596 0.128479
0.197599 0.128521
0.202601 0.128564
0.207604 0.128608
0.212606 0.128654
0.217609 0.1287
0.222611 0.128748
0.227614 0.128796
0.232616 0.128846
0.237619 0.128897
0.242621 0.128948
0.247624 0.129001
0.252626 0.129055
0.257629 0.12911
0.262631 0.129166
0.267634 0.129224
0.272636 0.129282
0.277639 0.129341
0.282641 0.129402
0.287644 0.129463
0.292646 0.129526
0.297649 0.129589
0.302651 0.129654
0.307654 0.12972
0.312656 0.129787
0.317659 0.129855
0.322661 0.129924
0.327664 0.129994
0.332666 0.130065
0.337669 0.130137
0.342671 0.130211
0.347674 0.130285
0.352676 0.130361
0.357679 0.130437
0.362681 0.130515
0.367684 0.130594
0.372686 0.130674
0.377689 0.130755
0.382691 0.130837
0.387694 0.13092
0.392696 0.131004
0.397699 0.131089
0.402701 0.131175
0.407704 0.131263
0.412706 0.131351
0.417709 0.131441
0.422711 0.131532
0.427714 0.131623
0.432716 0.131716
0.437719 0.13181
0.442721 0.131905
0.447724 0.132001
0.452726 0.132098
0.457729 0.132196
0.462731 0.132295
0.467734 0.132396
0.472736 0.132497
0.477739 0.1326
0.482741 0.132703
0.487744 0.132808
0.492746 0.132914
0.497749 0.133021
0.502751 0.133128
0.507754 0.133237
0.512756 0.133348
0.517759 0.133459
0.522761 0.133571
0.527764 0.133684
0.532766 0.133799
0.537769 0.133914
0.542771 0.134031
0.547774 0.134148
0.552776 0.134267
0.557779 0.134387
0.562781 0.134507
0.567784 0.134629
0.572786 0.134752
0.577789 0.134876
0.582791 0.135002
0.587794 0.135128
0.592796 0.135255
0.597799 0.135384
0.602801 0.135513
0.607804 0.135644
0.612806 0.135775
0.617809 0.135908
0.622811 0.136042
0.627814 0.136177
0.632816 0.136313
0.637819 0.13645
0.642821 0.136588
0.647824 0.136727
0.652826 0.136867
0.657829 0.137009
0.662831 0.137151
0.667834 0.137295
0.672836 0.137439
0.677839 0.137585
0.682841 0.137732
0.687844 0.137879
0.692846 0.138028
0.697849 0.138178
0.702851 0.138329
0.707854 0.138482
0.712856 0.138635
0.717859 0.138789
0.722861 0.138944
0.727864 0.139101
0.732866 0.139258
0.737869 0.139417
0.742871 0.139577
0.747874 0.139737
0.752876 0.139899
0.757879 0.140062
0.762881 0.140226
0.767884 0.140391
0.772886 0.140558
0.777889 0.140725
0.782891 0.140893
0.787894 0.141063
0.792896 0.141233
0.797899 0.141405
0.802901 0.141577
0.807904 0.141751
0.812906 0.141926
0.817909 0.142102
0.822911 0.142279
0.827914 0.142457
0.832916 0.142636
0.837919 0.142816
0.842921 0.142997
0.847924 0.14318
0.852926 0.143363
0.857929 0.143548
0.862931 0.143733
0.867934 0.14392
0.872936 0.144108
0.877939 0.144296
0.882941 0.144486
0.887944 0.144677
0.892946 0.144869
0.897949 0.145062
0.902951 0.145257
0.907954 0.145452
0.912956 0.145648
0.917959 0.145846
0.922961 0.146044
0.927964 0.146244
0.932966 0.146445
0.937969 0.146646
0.942971 0.146849
0.947974 0.147053
0.952976 0.147258
0.957979 0.147464
0.962981 0.147672
0.967984 0.14788
0.972986 0.148089
0.977989 0.1483
0.982991 0.148511
0.987994 0.148724
0.992996 0.148937
0.997999 0.149152
1.003 0.149368
1.008 0.149585
1.01301 0.149803
1.01801 0.150022
1.02301 0.150242
1.02801 0.150463
1.03302 0.150685
1.03802 0.150909
1.04302 0.151133
1.04802 0.151359
1.05303 0.151585
1.05803 0.151813
1.06303 0.152042
1.06803 0.152271
1.07304 0.152502
1.07804 0.152734
1.08304 0.152967
1.08804 0.153202
1.09305 0.153437
1.09805 0.153673
1.10305 0.15391
1.10805 0.154149
1.11306 0.154388
1.11806 0.154629
1.12306 0.154871
1.12806 0.155114
1.13307 0.155357
1.13807 0.155602
1.14307 0.155848
1.14807 0.156095
1.15308 0.156344
1.15808 0.156593
1.16308 0.156843
1.16808 0.157095
1.17309 0.157347
1.17809 0.157601
1.18309 0.157855
1.18809 0.158111
1.1931 0.158368
1.1981 0.158626
1.2031 0.158885
1.2081 0.159145
1.21311 0.159406
1.21811 0.159668
1.22311 0.159931
1.22811 0.160196
1.23312 0.160461
1.23812 0.160728
1.24312 0.160995
1.24812 0.161264
1.25313 0.161534
1.25813 0.161805
1.26313 0.162076
1.26813 0.162349
1.27314 0.162624
1.27814 0.162899
1.28314 0.163175
1.28814 0.163452
1.29315 0.163731
1.29815 0.16401
1.30315 0.164291
1.30815 0.164572
1.31316 0.164855
1.31816 0.165139
1.32316 0.165424
1.32816 0.16571
1.33317 0.165997
1.33817 0.166285
1.34317 0.166574
1.34817 0.166864
1.35318 0.167155
1.35818 0.167448
1.36318 0.167741
1.36818 0.168036
1.37319 0.168332
1.37819 0.168628
1.38319 0.168926
1.38819 0.169225
1.3932 0.169525
1.3982 0.169826
1.4032 0.170128
1.4082 0.170431
1.41321 0.170736
1.41821 0.171041
1.42321 0.171347
1.42821 0.171655
1.43322 0.171964
1.43822 0.172273
1.44322 0.172584
1.44822 0.172896
1.45323 0.173209
1.45823 0.173523
1.46323 0.173838
1.46823 0.174154
1.47324 0.174471
1.47824 0.17479
1.48324 0.175109
1.48824 0.175429
1.49325 0.175751
1.49825 0.176074
1.50325 0.176397
1.50825 0.176722
1.51326 0.177048
1.51826 0.177375
1.52326 0.177703
1.52826 0.178032
1.53327 0.178362
1.53827 0.178693
1.54327 0.179026
1.54827 0.179359
1.55328 0.179694
1.55828 0.180029
1.56328 0.180366
1.56828 0.180704
1.57329 0.181042
1.57829 0.181382
1.58329 0.181723
1.58829 0.182065
1.5933 0.182408
1.5983 0.182753
1.6033 0.183098
1.6083 0.183444
1.61331 0.183792
1.61831 0.18414
1.62331 0.18449
1.62831 0.184841
1.63332 0.185192
1.63832 0.185545
1.64332 0.185899
1.64832 0.186254
1.65333 0.18661
1.65833 0.186967
1.66333 0.187326
1.66833 0.187685
1.67334 0.188045
1.67834 0.188407
1.68334 0.188769
1.68834 0.189133
1.69335 0.189498
1.69835 0.189863
1.70335 0.19023
1.70835 0.190598
1.71336 0.190967
1.71836 0.191337
1.72336 0.191709
1.72836 0.192081
1.73337 0.192454
1.73837 0.192829
1.74337 0.193204
1.74837 0.193581
1.75338 0.193958
1.75838 0.194337
1.76338 0.194717
1.76838 0.195098
1.77339 0.19548
1.77839 0.195863
1.78339 0.196247
1.78839 0.196632
1.7934 0.197018
1.7984 0.197406
1.8034 0.197794
1.8084 0.198184
1.81341 0.198574
1.81841 0.198966
1.82341 0.199359
1.82841 0.199753
1.83342 0.200148
1.83842 0.200544
1.84342 0.200941
1.84842 0.201339
1.85343 0.201738
1.85843 0.202138
1.86343 0.20254
1.86843 0.202942
1.87344 0.203346
1.87844 0.20375
1.88344 0.204156
1.88844 0.204563
1.89345 0.204971
1.89845 0.20538
1.90345 0.20579
1.90845 0.206201
1.91346 0.206613
1.91846 0.207026
1.92346 0.207441
1.92846 0.207856
1.93347 0.208273
1.93847 0.20869
1.94347 0.209109
1.94847 0.209529
1.95348 0.209949
1.95848 0.210371
1.96348 0.210794
1.96848 0.211218
1.97349 0.211643
1.97849 0.21207
1.98349 0.212497
1.98849 0.212925
1.9935 0.213355
1.9985 0.213785
2.0035 0.214217
2.0085 0.21465
2.01351 0.215083
2.01851 0.215518
2.02351 0.215954
2.02851 0.216391
2.03352 0.216829
2.03852 0.217268
2.04352 0.217709
2.04852 0.21815
2.05353 0.218592
2.05853 0.219036
2.06353 0.21948
2.06853 0.219926
2.07354 0.220373
2.07854 0.220821
2.08354 0.221269
2.08854 0.221719
2.09355 0.22217
2.09855 0.222623
2.10355 0.223076
2.10855 0.22353
2.11356 0.223985
2.11856 0.224442
2.12356 0.224899
2.12856 0.225358
2.13357 0.225818
2.13857 0.226278
2.14357 0.22674
2.14857 0.227203
2.15358 0.227667
2.15858 0.228132
2.16358 0.228598
2.16858 0.229065
2.17359 0.229534
2.17859 0.230003
2.18359 0.230473
2.18859 0.230945
2.1936 0.231418
2.1986 0.231891
2.2036 0.232366
2.2086 0.232842
2.21361 0.233319
2.21861 0.233797
2.22361 0.234276
2.22861 0.234756
2.23362 0.235237
2.23862 0.23572
2.24362 0.236203
2.24862 0.236688
2.25363 0.237173
2.25863 0.23766
2.26363 0.238147
2.26863 0.238636
2.27364 0.239126
2.27864 0.239617
2.28364 0.240109
2.28864 0.240602
2.29365 0.241096
2.29865 0.241592
2.30365 0.242088
2.30865 0.242586
2.31366 0.243084
2.31866 0.243584
2.32366 0.244084
2.32866 0.244586
2.33367 0.245089
2.33867 0.245593
2.34367 0.246098
2.34867 0.246604
2.35368 0.247111
2.35868 0.247619
2.36368 0.248128
2.36868 0.248639
2.37369 0.24915
2.37869 0.249663
2.38369 0.250176
2.38869 0.250691
2.3937 0.251207
2.3987 0.251724
2.4037 0.252242
2.4087 0.252761
2.41371 0.253281
2.41871 0.253802
2.42371 0.254324
2.42871 0.254848
2.43372 0.255372
2.43872 0.255897
2.44372 0.256424
2.44872 0.256952
2.45373 0.25748
2.45873 0.25801
2.46373 0.258541
2.46873 0.259073
2.47374 0.259606
2.47874 0.26014
2.48374 0.260675
2.48874 0.261212
2.49375 0.261749
2.49875 0.262287
2.50375 0.262827
2.50875 0.263367
2.51376 0.263909
2.51876 0.264452
2.52376 0.264996
2.52876 0.265541
2.53377 0.266087
2.53877 0.266634
2.54377 0.267182
2.54877 0.267731
2.55378 0.268281
2.55878 0.268833
2.56378 0.269385
2.56878 0.269939
2.57379 0.270493
2.57879 0.271049
2.58379 0.271606
2.58879 0.272164
2.5938 0.272723
2.5988 0.273283
2.6038 0.273844
2.6088 0.274406
2.61381 0.274969
2.61881 0.275533
2.62381 0.276099
2.62881 0.276665
2.63382 0.277233
2.63882 0.277802
2.64382 0.278371
2.64882 0.278942
2.65383 0.279514
2.65883 0.280087
2.66383 0.280661
2.66883 0.281236
2.67384 0.281812
2.67884 0.28239
2.68384 0.282968
2.68884 0.283547
2.69385 0.284128
2.69885 0.284709
2.70385 0.285292
2.70885 0.285876
2.71386 0.286461
2.71886 0.287047
2.72386 0.287634
2.72886 0.288222
2.73387 0.288811
2.73887 0.289401
2.74387 0.289992
2.74887 0.290585
2.75388 0.291178
2.75888 0.291773
2.76388 0.292368
2.76888 0.292965
2.77389 0.293563
2.77889 0.294162
2.78389 0.294762
2.78889 0.295363
2.7939 0.295965
2.7989 0.296568
2.8039 0.297172
2.8089 0.297777
2.81391 0.298384
2.81891 0.298991
2.82391 0.2996
2.82891 0.30021
2.83392 0.30082
2.83892 0.301432
2.84392 0.302045
2.84892 0.302659
2.85393 0.303274
2.85893 0.30389
2.86393 0.304507
2.86893 0.305126
2.87394 0.305745
2.87894 0.306365
2.88394 0.306987
2.88894 0.30761
2.89395 0.308233
2.89895 0.308858
2.90395 0.309484
2.90895 0.310111
2.91396 0.310739
2.91896 0.311368
2.92396 0.311998
2.92896 0.312629
2.93397 0.313261
2.93897 0.313895
2.94397 0.314529
2.94897 0.315165
2.95398 0.315801
2.95898 0.316439
2.96398 0.317078
2.96898 0.317718
2.97399 0.318359
2.97899 0.319001
2.98399 0.319644
2.98899 0.320288
2.994 0.320933
2.999 0.32158
3.004 0.322227
3.009 0.322876
3.01401 0.323525
3.01901 0.324176
3.02401 0.324827
3.02901 0.32548
3.03402 0.326134
3.03902 0.326789
3.04402 0.327445
3.04902 0.328102
3.05403 0.32876
3.05903 0.32942
3.06403 0.33008
3.06903 0.330742
3.07404 0.331404
3.07904 0.332068
3.08404 0.332732
3.08904 0.333398
3.09405 0.334065
3.09905 0.334733
3.10405 0.335402
3.10905 0.336072
3.11406 0.336743
3.11906 0.337415
3.12406 0.338089
3.12906 0.338763
3.13407 0.339438
3.13907 0.340115
3.14407 0.340793
3.14907 0.341471
3.15408 0.342151
3.15908 0.342832
3.16408 0.343514
3.16908 0.344197
3.17409 0.344881
3.17909 0.345566
3.18409 0.346253
3.18909 0.34694
3.1941 0.347628
3.1991 0.348318
3.2041 0.349008
3.2091 0.3497
3.21411 0.350393
3.21911 0.351087
3.22411 0.351781
3.22911 0.352477
3.23412 0.353174
3.23912 0.353873
3.24412 0.354572
3.24912 0.355272
3.25413 0.355973
3.25913 0.356676
3.26413 0.357379
3.26913 0.358084
3.27414 0.35879
3.27914 0.359496
3.28414 0.360204
3.28914 0.360913
3.29415 0.361623
3.29915 0.362334
3.30415 0.363046
3.30915 0.36376
3.31416 0.364474
3.31916 0.365189
3.32416 0.365906
3.32916 0.366623
3.33417 0.367342
3.33917 0.368062
3.34417 0.368782
3.34917 0.369504
3.35418 0.370227
3.35918 0.370951
3.36418 0.371676
3.36918 0.372403
3.37419 0.37313
3.37919 0.373858
3.38419 0.374588
3.38919 0.375318
3.3942 0.37605
3.3992 0.376782
3.4042 0.377516
3.4092 0.378251
3.41421 0.378987
3.41921 0.379724
3.42421 0.380462
3.42921 0.381201
3.43422 0.381941
3.43922 0.382682
3.44422 0.383425
3.44922 0.384168
3.45423 0.384913
3.45923 0.385658
3.46423 0.386405
3.46923 0.387153
3.47424 0.387902
3.47924 0.388652
3.48424 0.389403
3.48924 0.390155
3.49425 0.390908
3.49925 0.391662
3.50425 0.392417
3.50925 0.393174
3.51426 0.393931
3.51926 0.39469
3.52426 0.395449
3.52926 0.39621
3.53427 0.396972
3.53927 0.397735
3.54427 0.398499
3.54927 0.399264
3.55428 0.40003
3.55928 0.400797
3.56428 0.401565
3.56928 0.402335
3.57429 0.403105
3.57929 0.403877
3.58429 0.404649
3.58929 0.405423
3.5943 0.406198
3.5993 0.406973
3.6043 0.40775
3.6093 0.408528
3.61431 0.409307
3.61931 0.410087
3.62431 0.410869
3.62931 0.411651
3.63432 0.412434
3.63932 0.413219
3.64432 0.414004
3.64932 0.414791
3.65433 0.415579
3.65933 0.416367
3.66433 0.417157
3.66933 0.417948
3.67434 0.41874
3.67934 0.419533
3.68434 0.420327
3.68934 0.421123
3.69435 0.421919
3.69935 0.422716
3.70435 0.423515
3.70935 0.424314
3.71436 0.425115
3.71936 0.425917
3.72436 0.426719
3.72936 0.427523
3.73437 0.428328
3.73937 0.429134
3.74437 0.429941
3.74937 0.43075
3.75438 0.431559
3.75938 0.432369
3.76438 0.433181
3.76938 0.433993
3.77439 0.434807
3.77939 0.435621
3.78439 0.436437
3.78939 0.437254
3.7944 0.438072
3.7994 0.438891
3.8044 0.439711
3.8094 0.440532
3.81441 0.441354
3.81941 0.442178
3.82441 0.443002
3.82941 0.443827
3.83442 0.444654
3.83942 0.445481
3.84442 0.44631
3.84942 0.44714
3.85443 0.447971
3.85943 0.448803
3.86443 0.449636
3.86943 0.45047
3.87444 0.451305
3.87944 0.452141
3.88444 0.452979
3.88944 0.453817
3.89445 0.454656
3.89945 0.455497
3.90445 0.456339
3.90945 0.457181
3.91446 0.458025
3.91946 0.45887
3.92446 0.459716
3.92946 0.460563
3.93447 0.461411
3.93947 0.46226
3.94447 0.463111
3.94947 0.463962
3.95448 0.464814
3.95948 0.465668
3.96448 0.466522
3.96948 0.467378
3.97449 0.468235
3.97949 0.469093
3.98449 0.469952
3.98949 0.470812
3.9945 0.471673
3.9995 0.472535
4.0045 0.473398
4.0095 0.474262
4.01451 0.475128
4.01951 0.475994
4.02451 0.476862
4.02951 0.47773
4.03452 0.4786
4.03952 0.479471
4.04452 0.480343
4.04952 0.481215
4.05453 0.482089
4.05953 0.482965
4.06453 0.483841
4.06953 0.484718
4.07454 0.485596
4.07954 0.486476
4.08454 0.487356
4.08954 0.488238
4.09455 0.48912
4.09955 0.490004
4.10455 0.490889
4.10955 0.491775
4.11456 0.492662
4.11956 0.49355
4.12456 0.494439
4.12956 0.495329
4.13457 0.49622
4.13957 0.497113
4.14457 0.498006
4.14957 0.498901
4.15458 0.499796
4.15958 0.500693
4.16458 0.501591
4.16958 0.502489
4.17459 0.503389
4.17959 0.50429
4.18459 0.505192
4.18959 0.506096
4.1946 0.507
4.1996 0.507905
4.2046 0.508811
4.2096 0.509719
4.21461 0.510627
4.21961 0.511537
4.22461 0.512448
4.22961 0.51336
4.23462 0.514272
4.23962 0.515186
4.24462 0.516101
4.24962 0.517017
4.25463 0.517935
4.25963 0.518853
4.26463 0.519772
4.26963 0.520693
4.27464 0.521614
4.27964 0.522537
4.28464 0.52346
4.28964 0.524385
4.29465 0.525311
4.29965 0.526238
4.30465 0.527166
4.30965 0.528095
4.31466 0.529025
4.31966 0.529956
4.32466 0.530888
4.32966 0.531822
4.33467 0.532756
4.33967 0.533692
4.34467 0.534628
4.34967 0.535566
4.35468 0.536505
4.35968 0.537444
4.36468 0.538385
4.36968 0.539327
4.37469 0.54027
4.37969 0.541214
4.38469 0.54216
4.38969 0.543106
4.3947 0.544053
4.3997 0.545002
4.4047 0.545951
4.4097 0.546902
4.41471 0.547854
4.41971 0.548806
4.42471 0.54976
4.42971 0.550715
4.43472 0.551671
4.43972 0.552628
4.44472 0.553587
4.44972 0.554546
4.45473 0.555506
4.45973 0.556468
4.46473 0.55743
4.46973 0.558394
4.47474 0.559358
4.47974 0.560324
4.48474 0.561291
4.48974 0.562259
4.49475 0.563228
4.49975 0.564198
4.50475 0.565169
4.50975 0.566141
4.51476 0.567114
4.51976 0.568089
4.52476 0.569064
4.52976 0.570041
4.53477 0.571018
4.53977 0.571997
4.54477 0.572977
4.54977 0.573957
4.55478 0.574939
4.55978 0.575922
4.56478 0.576906
4.56978 0.577891
4.57479 0.578878
4.57979 0.579865
4.58479 0.580853
4.58979 0.581843
4.5948 0.582833
4.5998 0.583825
4.6048 0.584818
4.6098 0.585811
4.61481 0.586806
4.61981 0.587802
4.62481 0.588799
4.62981 0.589797
4.63482 0.590797
4.63982 0.591797
4.64482 0.592798
4.64982 0.593801
4.65483 0.594804
4.65983 0.595809
4.66483 0.596814
4.66983 0.597821
4.67484 0.598829
4.67984 0.599838
4.68484 0.600848
4.68984 0.601859
4.69485 0.602871
4.69985 0.603884
4.70485 0.604898
4.70985 0.605914
4.71486 0.60693
4.71986 0.607948
4.72486 0.608966
4.72986 0.609986
4.73487 0.611007
4.73987 0.612028
4.74487 0.613051
4.74987 0.614075
4.75488 0.6151
4.75988 0.616127
4.76488 0.617154
4.76988 0.618182
4.77489 0.619212
4.77989 0.620242
4.78489 0.621274
4.78989 0.622306
4.7949 0.62334
4.7999 0.624375
4.8049 0.625411
4.8099 0.626447
4.81491 0.627485
4.81991 0.628525
4.82491 0.629565
4.82991 0.630606
4.83492 0.631648
4.83992 0.632692
4.84492 0.633736
4.84992 0.634782
4.85493 0.635828
4.85993 0.636876
4.86493 0.637925
4.86993 0.638975
4.87494 0.640026
4.87994 0.641078
4.88494 0.642131
4.88994 0.643185
4.89495 0.644241
4.89995 0.645297
4.90495 0.646354
4.90995 0.647413
4.91496 0.648472
4.91996 0.649533
4.92496 0.650595
4.92996 0.651658
4.93497 0.652722
4.93997 0.653787
4.94497 0.654853
4.94997 0.65592
4.95498 0.656988
4.95998 0.658057
4.96498 0.659128
4.96998 0.660199
4.97499 0.661272
4.97999 0.662345
4.98499 0.66342
4.98999 0.664496
4.995 0.665573
5 0.666651
