-3 0.371579
-2.99399 0.373073
-2.98799 0.374431
-2.98198 0.375665
-2.97598 0.376786
-2.96997 0.377807
-2.96396 0.378737
-2.95796 0.379586
-2.95195 0.380362
-2.94595 0.381073
-2.93994 0.381728
-2.93393 0.382334
-2.92793 0.382897
-2.92192 0.383423
-2.91592 0.383918
-2.90991 0.384387
-2.9039 0.384836
-2.8979 0.385268
-2.89189 0.385688
-2.88589 0.386099
-2.87988 0.386505
-2.87387 0.386909
-2.86787 0.387315
-2.86186 0.387724
-2.85586 0.388139
-2.84985 0.388563
-2.84384 0.388997
-2.83784 0.389443
-2.83183 0.389902
-2.82583 0.390377
-2.81982 0.390869
-2.81381 0.391378
-2.80781 0.391906
-2.8018 0.392453
-2.7958 0.39302
-2.78979 0.393609
-2.78378 0.394219
-2.77778 0.394851
-2.77177 0.395506
-2.76577 0.396184
-2.75976 0.396884
-2.75375 0.397608
-2.74775 0.398356
-2.74174 0.399127
-2.73574 0.399921
-2.72973 0.40074
-2.72372 0.401582
-2.71772 0.402447
-2.71171 0.403336
-2.70571 0.404249
-2.6997 0.405185
-2.69369 0.406144
-2.68769 0.407126
-2.68168 0.408131
-2.67568 0.409159
-2.66967 0.410209
-2.66366 0.411281
-2.65766 0.412376
-2.65165 0.413493
-2.64565 0.414631
-2.63964 0.415791
-2.63363 0.416973
-2.62763 0.418175
-2.62162 0.419399
-2.61562 0.420644
-2.60961 0.421909
-2.6036 0.423195
-2.5976 0.424501
-2.59159 0.425827
-2.58559 0.427174
-2.57958 0.42854
-2.57357 0.429926
-2.56757 0.431332
-2.56156 0.432757
-2.55556 0.434202
-2.54955 0.435667
-2.54354 0.43715
-2.53754 0.438653
-2.53153 0.440175
-2.52553 0.441716
-2.51952 0.443277
-2.51351 0.444856
-2.50751 0.446454
-2.5015 0.448071
-2.4955 0.449708
-2.48949 0.451363
-2.48348 0.453037
-2.47748 0.454731
-2.47147 0.456443
-2.46547 0.458174
-2.45946 0.459925
-2.45345 0.461695
-2.44745 0.463484
-2.44144 0.465292
-2.43544 0.46712
-2.42943 0.468967
-2.42342 0.470833
-2.41742 0.472719
-2.41141 0.474625
-2.40541 0.476551
-2.3994 0.478496
-2.39339 0.480462
-2.38739 0.482447
-2.38138 0.484453
-2.37538 0.486479
-2.36937 0.488525
-2.36336 0.490592
-2.35736 0.49268
-2.35135 0.494788
-2.34535 0.496918
-2.33934 0.499068
-2.33333 0.50124
-2.32733 0.503433
-2.32132 0.505648
-2.31532 0.507884
-2.30931 0.510142
-2.3033 0.512422
-2.2973 0.514724
-2.29129 0.517048
-2.28529 0.519395
-2.27928 0.521764
-2.27327 0.524156
-2.26727 0.52657
-2.26126 0.529008
-2.25526 0.531469
-2.24925 0.533953
-2.24324 0.53646
-2.23724 0.538992
-2.23123 0.541547
-2.22523 0.544126
-2.21922 0.546729
-2.21321 0.549356
-2.20721 0.552007
-2.2012 0.554684
-2.1952 0.557384
-2.18919 0.56011
-2.18318 0.562861
-2.17718 0.565637
-2.17117 0.568438
-2.16517 0.571265
-2.15916 0.574117
-2.15315 0.576996
-2.14715 0.5799
-2.14114 0.58283
-2.13514 0.585787
-2.12913 0.588769
-2.12312 0.591779
-2.11712 0.594815
-2.11111 0.597878
-2.10511 0.600968
-2.0991 0.604085
-2.09309 0.60723
-2.08709 0.610402
-2.08108 0.613602
-2.07508 0.616829
-2.06907 0.620084
-2.06306 0.623367
-2.05706 0.626679
-2.05105 0.630019
-2.04505 0.633387
-2.03904 0.636784
-2.03303 0.640209
-2.02703 0.643664
-2.02102 0.647148
-2.01502 0.65066
-2.00901 0.654203
-2.003 0.657774
-1.997 0.661375
-1.99099 0.665006
-1.98498 0.668667
-1.97898 0.672358
-1.97297 0.676079
-1.96697 0.67983
-1.96096 0.683612
-1.95495 0.687424
-1.94895 0.691267
-1.94294 0.695141
-1.93694 0.699046
-1.93093 0.702981
-1.92492 0.706948
-1.91892 0.710947
-1.91291 0.714977
-1.90691 0.719038
-1.9009 0.723131
-1.89489 0.727256
-1.88889 0.731413
-1.88288 0.735602
-1.87688 0.739824
-1.87087 0.744077
-1.86486 0.748363
-1.85886 0.752682
-1.85285 0.757033
-1.84685 0.761418
-1.84084 0.765835
-1.83483 0.770285
-1.82883 0.774768
-1.82282 0.779285
-1.81682 0.783835
-1.81081 0.788418
-1.8048 0.793035
-1.7988 0.797686
-1.79279 0.802371
-1.78679 0.807089
-1.78078 0.811842
-1.77477 0.816628
-1.76877 0.821449
-1.76276 0.826304
-1.75676 0.831193
-1.75075 0.836117
-1.74474 0.841076
-1.73874 0.846069
-1.73273 0.851097
-1.72673 0.85616
-1.72072 0.861257
-1.71471 0.86639
-1.70871 0.871558
-1.7027 0.876761
-1.6967 0.881999
-1.69069 0.887272
-1.68468 0.892581
-1.67868 0.897925
-1.67267 0.903305
-1.66667 0.90872
-1.66066 0.91417
-1.65465 0.919657
-1.64865 0.925179
-1.64264 0.930737
-1.63664 0.93633
-1.63063 0.94196
-1.62462 0.947625
-1.61862 0.953326
-1.61261 0.959063
-1.60661 0.964836
-1.6006 0.970645
-1.59459 0.97649
-1.58859 0.982371
-1.58258 0.988288
-1.57658 0.994242
-1.57057 1.00023
-1.56456 1.00626
-1.55856 1.01232
-1.55255 1.01841
-1.54655 1.02455
-1.54054 1.03072
-1.53453 1.03692
-1.52853 1.04316
-1.52252 1.04944
-1.51652 1.05576
-1.51051 1.0621
-1.5045 1.06849
-1.4985 1.07491
-1.49249 1.08137
-1.48649 1.08786
-1.48048 1.09439
-1.47447 1.10095
-1.46847 1.10755
-1.46246 1.11419
-1.45646 1.12086
-1.45045 1.12756
-1.44444 1.1343
-1.43844 1.14108
-1.43243 1.14789
-1.42643 1.15473
-1.42042 1.16161
-1.41441 1.16853
-1.40841 1.17548
-1.4024 1.18246
-1.3964 1.18948
-1.39039 1.19653
-1.38438 1.20362
-1.37838 1.21074
-1.37237 1.21789
-1.36637 1.22508
-1.36036 1.2323
-1.35435 1.23956
-1.34835 1.24685
-1.34234 1.25417
-1.33634 1.26152
-1.33033 1.2689
-1.32432 1.27632
-1.31832 1.28377
-1.31231 1.29125
-1.30631 1.29877
-1.3003 1.30631
-1.29429 1.31389
-1.28829 1.32149
-1.28228 1.32913
-1.27628 1.3368
-1.27027 1.3445
-1.26426 1.35223
-1.25826 1.35998
-1.25225 1.36777
-1.24625 1.37559
-1.24024 1.38343
-1.23423 1.39131
-1.22823 1.39921
-1.22222 1.40714
-1.21622 1.41509
-1.21021 1.42308
-1.2042 1.43109
-1.1982 1.43913
-1.19219 1.44719
-1.18619 1.45528
-1.18018 1.46339
-1.17417 1.47153
-1.16817 1.4797
-1.16216 1.48789
-1.15616 1.4961
-1.15015 1.50433
-1.14414 1.51259
-1.13814 1.52087
-1.13213 1.52918
-1.12613 1.5375
-1.12012 1.54585
-1.11411 1.55422
-1.10811 1.56261
-1.1021 1.57101
-1.0961 1.57944
-1.09009 1.58789
-1.08408 1.59635
-1.07808 1.60484
-1.07207 1.61334
-1.06607 1.62186
-1.06006 1.63039
-1.05405 1.63894
-1.04805 1.64751
-1.04204 1.65609
-1.03604 1.66468
-1.03003 1.67329
-1.02402 1.68192
-1.01802 1.69055
-1.01201 1.6992
-1.00601 1.70786
-1 1.71653
-0.993994 1.72521
-0.987988 1.7339
-0.981982 1.7426
-0.975976 1.7513
-0.96997 1.76002
-0.963964 1.76874
-0.957958 1.77747
-0.951952 1.78621
-0.945946 1.79495
-0.93994 1.80369
-0.933934 1.81244
-0.927928 1.8212
-0.921922 1.82995
-0.915916 1.83871
-0.90991 1.84747
-0.903904 1.85623
-0.897898 1.86499
-0.891892 1.87375
-0.885886 1.88251
-0.87988 1.89126
-0.873874 1.90001
-0.867868 1.90876
-0.861862 1.91751
-0.855856 1.92625
-0.84985 1.93498
-0.843844 1.9437
-0.837838 1.95242
-0.831832 1.96113
-0.825826 1.96984
-0.81982 1.97853
-0.813814 1.98721
-0.807808 1.99588
-0.801802 2.00454
-0.795796 2.01318
-0.78979 2.02181
-0.783784 2.03043
-0.777778 2.03903
-0.771772 2.04762
-0.765766 2.05618
-0.75976 2.06473
-0.753754 2.07327
-0.747748 2.08178
-0.741742 2.09027
-0.735736 2.09874
-0.72973 2.10719
-0.723724 2.11561
-0.717718 2.12402
-0.711712 2.13239
-0.705706 2.14074
-0.6997 2.14907
-0.693694 2.15737
-0.687688 2.16564
-0.681682 2.17388
-0.675676 2.18209
-0.66967 2.19027
-0.663664 2.19842
-0.657658 2.20654
-0.651652 2.21462
-0.645646 2.22267
-0.63964 2.23069
-0.633634 2.23867
-0.627628 2.24661
-0.621622 2.25451
-0.615616 2.26238
-0.60961 2.27021
-0.603604 2.27799
-0.597598 2.28574
-0.591592 2.29344
-0.585586 2.3011
-0.57958 2.30872
-0.573574 2.31629
-0.567568 2.32382
-0.561562 2.3313
-0.555556 2.33873
-0.54955 2.34611
-0.543544 2.35345
-0.537538 2.36073
-0.531532 2.36797
-0.525526 2.37515
-0.51952 2.38228
-0.513514 2.38936
-0.507508 2.39638
-0.501502 2.40335
-0.495495 2.41026
-0.489489 2.41711
-0.483483 2.42391
-0.477477 2.43065
-0.471471 2.43732
-0.465465 2.44394
-0.459459 2.4505
-0.453453 2.457
-0.447447 2.46343
-0.441441 2.4698
-0.435435 2.4761
-0.429429 2.48234
-0.423423 2.48852
-0.417417 2.49463
-0.411411 2.50067
-0.405405 2.50664
-0.399399 2.51254
-0.393393 2.51837
-0.387387 2.52414
-0.381381 2.52983
-0.375375 2.53545
-0.369369 2.54099
-0.363363 2.54647
-0.357357 2.55187
-0.351351 2.55719
-0.345345 2.56244
-0.339339 2.56761
-0.333333 2.5727
-0.327327 2.57772
-0.321321 2.58266
-0.315315 2.58752
-0.309309 2.5923
-0.303303 2.597
-0.297297 2.60161
-0.291291 2.60615
-0.285285 2.6106
-0.279279 2.61498
-0.273273 2.61926
-0.267267 2.62347
-0.261261 2.62758
-0.255255 2.63162
-0.249249 2.63557
-0.243243 2.63943
-0.237237 2.6432
-0.231231 2.64689
-0.225225 2.65049
-0.219219 2.654
-0.213213 2.65742
-0.207207 2.66075
-0.201201 2.664
-0.195195 2.66715
-0.189189 2.67021
-0.183183 2.67318
-0.177177 2.67606
-0.171171 2.67885
-0.165165 2.68154
-0.159159 2.68414
-0.153153 2.68665
-0.147147 2.68906
-0.141141 2.69139
-0.135135 2.69361
-0.129129 2.69574
-0.123123 2.69778
-0.117117 2.69972
-0.111111 2.70157
-0.105105 2.70332
-0.0990991 2.70498
-0.0930931 2.70654
-0.0870871 2.708
-0.0810811 2.70937
-0.0750751 2.71064
-0.0690691 2.71181
-0.0630631 2.71288
-0.0570571 2.71386
-0.0510511 2.71474
-0.045045 2.71553
-0.039039 2.71621
-0.033033 2.7168
-0.027027 2.71729
-0.021021 2.71768
-0.015015 2.71797
-0.00900901 2.71817
-0.003003 2.71827
0.003003 2.71827
0.00900901 2.71817
0.015015 2.71797
0.021021 2.71768
0.027027 2.71729
0.033033 2.7168
0.039039 2.71621
0.045045 2.71553
0.0510511 2.71474
0.0570571 2.71386
0.0630631 2.71288
0.0690691 2.71181
0.0750751 2.71064
0.0810811 2.70937
0.0870871 2.708
0.0930931 2.70654
0.0990991 2.70498
0.105105 2.70332
0.111111 2.70157
0.117117 2.69972
0.123123 2.69778
0.129129 2.69574
0.135135 2.69361
0.141141 2.69139
0.147147 2.68906
0.153153 2.68665
0.159159 2.68414
0.165165 2.68154
0.171171 2.67885
0.177177 2.67606
0.183183 2.67318
0.189189 2.67021
0.195195 2.66715
0.201201 2.664
0.207207 2.66075
0.213213 2.65742
0.219219 2.654
0.225225 2.65049
0.231231 2.64689
0.237237 2.6432
0.243243 2.63943
0.249249 2.63557
0.255255 2.63162
0.261261 2.62758
0.267267 2.62347
0.273273 2.61926
0.279279 2.61498
0.285285 2.6106
0.291291 2.60615
0.297297 2.60161
0.303303 2.597
0.309309 2.5923
0.315315 2.58752
0.321321 2.58266
0.327327 2.57772
0.333333 2.5727
0.339339 2.56761
0.345345 2.56244
0.351351 2.55719
0.357357 2.55187
0.363363 2.54647
0.369369 2.54099
0.375375 2.53545
0.381381 2.52983
0.387387 2.52414
0.393393 2.51837
0.399399 2.51254
0.405405 2.50664
0.411411 2.50067
0.417417 2.49463
0.423423 2.48852
0.429429 2.48234
0.435435 2.4761
0.441441 2.4698
0.447447 2.46343
0.453453 2.457
0.459459 2.4505
0.465465 2.44394
0.471471 2.43732
0.477477 2.43065
0.483483 2.42391
0.489489 2.41711
0.495495 2.41026
0.501502 2.40335
0.507508 2.39638
0.513514 2.38936
0.51952 2.38228
0.525526 2.37515
0.531532 2.36797
0.537538 2.36073
0.543544 2.35345
0.54955 2.34611
0.555556 2.33873
0.561562 2.3313
0.567568 2.32382
0.573574 2.31629
0.57958 2.30872
0.585586 2.3011
0.591592 2.29344
0.597598 2.28574
0.603604 2.27799
0.60961 2.27021
0.615616 2.26238
0.621622 2.25451
0.627628 2.24661
0.633634 2.23867
0.63964 2.23069
0.645646 2.22267
0.651652 2.21462
0.657658 2.20654
0.663664 2.19842
0.66967 2.19027
0.675676 2.18209
0.681682 2.17388
0.687688 2.16564
0.693694 2.15737
0.6997 2.14907
0.705706 2.14074
0.711712 2.13239
0.717718 2.12402
0.723724 2.11561
0.72973 2.10719
0.735736 2.09874
0.741742 2.09027
0.747748 2.08178
0.753754 2.07327
0.75976 2.06473
0.765766 2.05618
0.771772 2.04762
0.777778 2.03903
0.783784 2.03043
0.78979 2.02181
0.795796 2.01318
0.801802 2.00454
0.807808 1.99588
0.813814 1.98721
0.81982 1.97853
0.825826 1.96984
0.831832 1.96113
0.837838 1.95242
0.843844 1.9437
0.84985 1.93498
0.855856 1.92625
0.861862 1.91751
0.867868 1.90876
0.873874 1.90001
0.87988 1.89126
0.885886 1.88251
0.891892 1.87375
0.897898 1.86499
0.903904 1.85623
0.90991 1.84747
0.915916 1.83871
0.921922 1.82995
0.927928 1.8212
0.933934 1.81244
0.93994 1.80369
0.945946 1.79495
0.951952 1.78621
0.957958 1.77747
0.963964 1.76874
0.96997 1.76002
0.975976 1.7513
0.981982 1.7426
0.987988 1.7339
0.993994 1.72521
1 1.71653
1.00601 1.70786
1.01201 1.6992
1.01802 1.69055
1.02402 1.68192
1.03003 1.67329
1.03604 1.66468
1.04204 1.65609
1.04805 1.64751
1.05405 1.63894
1.06006 1.63039
1.06607 1.62186
1.07207 1.61334
1.07808 1.60484
1.08408 1.59635
1.09009 1.58789
1.0961 1.57944
1.1021 1.57101
1.10811 1.56261
1.11411 1.55422
1.12012 1.54585
1.12613 1.5375
1.13213 1.52918
1.13814 1.52087
1.14414 1.51259
1.15015 1.50433
1.15616 1.4961
1.16216 1.48789
1.16817 1.4797
1.17417 1.47153
1.18018 1.46339
1.18619 1.45528
1.19219 1.44719
1.1982 1.43913
1.2042 1.43109
1.21021 1.42308
1.21622 1.41509
1.22222 1.40714
1.22823 1.39921
1.23423 1.39131
1.24024 1.38343
1.24625 1.37559
1.25225 1.36777
1.25826 1.35998
1.26426 1.35223
1.27027 1.3445
1.27628 1.3368
1.28228 1.32913
1.28829 1.32149
1.29429 1.31389
1.3003 1.30631
1.30631 1.29877
1.31231 1.29125
1.31832 1.28377
1.32432 1.27632
1.33033 1.2689
1.33634 1.26152
1.34234 1.25417
1.34835 1.24685
1.35435 1.23956
1.36036 1.2323
1.36637 1.22508
1.37237 1.21789
1.37838 1.21074
1.38438 1.20362
1.39039 1.19653
1.3964 1.18948
1.4024 1.18246
1.40841 1.17548
1.41441 1.16853
1.42042 1.16161
1.42643 1.15473
1.43243 1.14789
1.43844 1.14108
1.44444 1.1343
1.45045 1.12756
1.45646 1.12086
1.46246 1.11419
1.46847 1.10755
1.47447 1.10095
1.48048 1.09439
1.48649 1.08786
1.49249 1.08137
1.4985 1.07491
1.5045 1.06849
1.51051 1.0621
1.51652 1.05576
1.52252 1.04944
1.52853 1.04316
1.53453 1.03692
1.54054 1.03072
1.54655 1.02455
1.55255 1.01841
1.55856 1.01232
1.56456 1.00626
1.57057 1.00023
1.57658 0.994242
1.58258 0.988288
1.58859 0.982371
1.59459 0.97649
1.6006 0.970645
1.60661 0.964836
1.61261 0.959063
1.61862 0.953326
1.62462 0.947625
1.63063 0.94196
1.63664 0.93633
1.64264 0.930737
1.64865 0.925179
1.65465 0.919657
1.66066 0.91417
1.66667 0.90872
1.67267 0.903305
1.67868 0.897925
1.68468 0.892581
1.69069 0.887272
1.6967 0.881999
1.7027 0.876761
1.70871 0.871558
1.71471 0.86639
1.72072 0.861257
1.72673 0.85616
1.73273 0.851097
1.73874 0.846069
1.74474 0.841076
1.75075 0.836117
1.75676 0.831193
1.76276 0.826304
1.76877 0.821449
1.77477 0.816628
1.78078 0.811842
1.78679 0.807089
1.79279 0.802371
1.7988 0.797686
1.8048 0.793035
1.81081 0.788418
1.81682 0.783835
1.82282 0.779285
1.82883 0.774768
1.83483 0.770285
1.84084 0.765835
1.84685 0.761418
1.85285 0.757033
1.85886 0.752682
1.86486 0.748363
1.87087 0.744077
1.87688 0.739824
1.88288 0.735602
1.88889 0.731413
1.89489 0.727256
1.9009 0.723131
1.90691 0.719038
1.91291 0.714977
1.91892 0.710947
1.92492 0.706948
1.93093 0.702981
1.93694 0.699046
1.94294 0.695141
1.94895 0.691267
1.95495 0.687424
1.96096 0.683612
1.96697 0.67983
1.97297 0.676079
1.97898 0.672358
1.98498 0.668667
1.99099 0.665006
1.997 0.661375
2.003 0.657774
2.00901 0.654203
2.01502 0.65066
2.02102 0.647148
2.02703 0.643664
2.03303 0.640209
2.03904 0.636784
2.04505 0.633387
2.05105 0.630019
2.05706 0.626679
2.06306 0.623367
2.06907 0.620084
2.07508 0.616829
2.08108 0.613602
2.08709 0.610402
2.09309 0.60723
2.0991 0.604085
2.10511 0.600968
2.11111 0.597878
2.11712 0.594815
2.12312 0.591779
2.12913 0.588769
2.13514 0.585787
2.14114 0.58283
2.14715 0.5799
2.15315 0.576996
2.15916 0.574117
2.16517 0.571265
2.17117 0.568438
2.17718 0.565637
2.18318 0.562861
2.18919 0.56011
2.1952 0.557384
2.2012 0.554684
2.20721 0.552007
2.21321 0.549356
2.21922 0.546729
2.22523 0.544126
2.23123 0.541547
2.23724 0.538992
2.24324 0.53646
2.24925 0.533953
2.25526 0.531469
2.26126 0.529008
2.26727 0.52657
2.27327 0.524156
2.27928 0.521764
2.28529 0.519395
2.29129 0.517048
2.2973 0.514724
2.3033 0.512422
2.30931 0.510142
2.31532 0.507884
2.32132 0.505648
2.32733 0.503433
2.33333 0.50124
2.33934 0.499068
2.34535 0.496918
2.35135 0.494788
2.35736 0.49268
2.36336 0.490592
2.36937 0.488525
2.37538 0.486479
2.38138 0.484453
2.38739 0.482447
2.39339 0.480462
2.3994 0.478496
2.40541 0.476551
2.41141 0.474625
2.41742 0.472719
2.42342 0.470833
2.42943 0.468967
2.43544 0.46712
2.44144 0.465292
2.44745 0.463484
2.45345 0.461695
2.45946 0.459925
2.46547 0.458174
2.47147 0.456443
2.47748 0.454731
2.48348 0.453037
2.48949 0.451363
2.4955 0.449708
2.5015 0.448071
2.50751 0.446454
2.51351 0.444856
2.51952 0.443277
2.52553 0.441716
2.53153 0.440175
2.53754 0.438653
2.54354 0.43715
2.54955 0.435667
2.55556 0.434202
2.56156 0.432757
2.56757 0.431332
2.57357 0.429926
2.57958 0.42854
2.58559 0.427174
2.59159 0.425827
2.5976 0.424501
2.6036 0.423195
2.60961 0.421909
2.61562 0.420644
2.62162 0.419399
2.62763 0.418175
2.63363 0.416973
2.63964 0.415791
2.64565 0.414631
2.65165 0.413493
2.65766 0.412376
2.66366 0.411281
2.66967 0.410209
2.67568 0.409159
2.68168 0.408131
2.68769 0.407126
2.69369 0.406144
2.6997 0.405185
2.70571 0.404249
2.71171 0.403336
2.71772 0.402447
2.72372 0.401582
2.72973 0.40074
2.73574 0.399921
2.74174 0.399127
2.74775 0.398356
2.75375 0.397608
2.75976 0.396884
2.76577 0.396184
2.77177 0.395506
2.77778 0.394851
2.78378 0.394219
2.78979 0.393609
2.7958 0.39302
2.8018 0.392453
2.80781 0.391906
2.81381 0.391378
2.81982 0.390869
2.82583 0.390377
2.83183 0.389902
2.83784 0.389443
2.84384 0.388997
2.84985 0.388563
2.85586 0.388139
2.86186 0.387724
2.86787 0.387315
2.87387 0.386909
2.87988 0.386505
2.88589 0.386099
2.89189 0.385688
2.8979 0.385268
2.9039 0.384836
2.90991 0.384387
2.91592 0.383918
2.92192 0.383423
2.92793 0.382897
2.93393 0.382334
2.93994 0.381728
2.94595 0.381073
2.95195 0.380362
2.95796 0.379586
2.96396 0.378737
2.96997 0.377807
2.97598 0.376786
2.98198 0.375665
2.98799 0.374431
2.99399 0.373073
3 0.371579
