-5 1.31023
-4.995 1.30634
-4.98999 1.30236
-4.98499 1.2983
-4.97999 1.29415
-4.97499 1.28992
-4.96998 1.28562
-4.96498 1.28123
-4.95998 1.27678
-4.95498 1.27226
-4.94997 1.26767
-4.94497 1.26302
-4.93997 1.2583
-4.93497 1.25353
-4.92996 1.24869
-4.92496 1.24381
-4.91996 1.23886
-4.91496 1.23387
-4.90995 1.22884
-4.90495 1.22375
-4.89995 1.21862
-4.89495 1.21345
-4.88994 1.20824
-4.88494 1.20299
-4.87994 1.19771
-4.87494 1.19239
-4.86993 1.18705
-4.86493 1.18167
-4.85993 1.17626
-4.85493 1.17083
-4.84992 1.16537
-4.84492 1.15989
-4.83992 1.15439
-4.83492 1.14886
-4.82991 1.14333
-4.82491 1.13777
-4.81991 1.1322
-4.81491 1.12662
-4.8099 1.12102
-4.8049 1.11542
-4.7999 1.1098
-4.7949 1.10418
-4.78989 1.09855
-4.78489 1.09292
-4.77989 1.08729
-4.77489 1.08165
-4.76988 1.07601
-4.76488 1.07038
-4.75988 1.06474
-4.75488 1.05911
-4.74987 1.05348
-4.74487 1.04786
-4.73987 1.04224
-4.73487 1.03663
-4.72986 1.03103
-4.72486 1.02544
-4.71986 1.01986
-4.71486 1.01429
-4.70985 1.00873
-4.70485 1.00319
-4.69985 0.997655
-4.69485 0.99214
-4.68984 0.986641
-4.68484 0.981159
-4.67984 0.975694
-4.67484 0.970248
-4.66983 0.96482
-4.66483 0.959413
-4.65983 0.954026
-4.65483 0.94866
-4.64982 0.943316
-4.64482 0.937995
-4.63982 0.932697
-4.63482 0.927423
-4.62981 0.922174
-4.62481 0.91695
-4.61981 0.911751
-4.61481 0.906578
-4.6098 0.901432
-4.6048 0.896313
-4.5998 0.891222
-4.5948 0.88616
-4.58979 0.881125
-4.58479 0.87612
-4.57979 0.871145
-4.57479 0.866199
-4.56978 0.861283
-4.56478 0.856399
-4.55978 0.851545
-4.55478 0.846723
-4.54977 0.841932
-4.54477 0.837173
-4.53977 0.832447
-4.53477 0.827753
-4.52976 0.823092
-4.52476 0.818465
-4.51976 0.81387
-4.51476 0.809309
-4.50975 0.804783
-4.50475 0.80029
-4.49975 0.795831
-4.49475 0.791407
-4.48974 0.787017
-4.48474 0.782662
-4.47974 0.778342
-4.47474 0.774056
-4.46973 0.769806
-4.46473 0.765591
-4.45973 0.761412
-4.45473 0.757268
-4.44972 0.753159
-4.44472 0.749086
-4.43972 0.745048
-4.43472 0.741046
-4.42971 0.73708
-4.42471 0.733149
-4.41971 0.729254
-4.41471 0.725395
-4.4097 0.721571
-4.4047 0.717784
-4.3997 0.714032
-4.3947 0.710315
-4.38969 0.706634
-4.38469 0.702989
-4.37969 0.699379
-4.37469 0.695805
-4.36968 0.692266
-4.36468 0.688762
-4.35968 0.685294
-4.35468 0.68186
-4.34967 0.678462
-4.34467 0.675099
-4.33967 0.67177
-4.33467 0.668477
-4.32966 0.665217
-4.32466 0.661992
-4.31966 0.658802
-4.31466 0.655646
-4.30965 0.652523
-4.30465 0.649435
-4.29965 0.64638
-4.29465 0.643359
-4.28964 0.640371
-4.28464 0.637416
-4.27964 0.634495
-4.27464 0.631606
-4.26963 0.62875
-4.26463 0.625926
-4.25963 0.623134
-4.25463 0.620375
-4.24962 0.617647
-4.24462 0.614951
-4.23962 0.612287
-4.23462 0.609654
-4.22961 0.607051
-4.22461 0.60448
-4.21961 0.601938
-4.21461 0.599428
-4.2096 0.596947
-4.2046 0.594496
-4.1996 0.592075
-4.1946 0.589683
-4.18959 0.58732
-4.18459 0.584986
-4.17959 0.582681
-4.17459 0.580403
-4.16958 0.578154
-4.16458 0.575933
-4.15958 0.57374
-4.15458 0.571574
-4.14957 0.569434
-4.14457 0.567322
-4.13957 0.565236
-4.13457 0.563176
-4.12956 0.561143
-4.12456 0.559135
-4.11956 0.557152
-4.11456 0.555195
-4.10955 0.553263
-4.10455 0.551355
-4.09955 0.549471
-4.09455 0.547612
-4.08954 0.545777
-4.08454 0.543965
-4.07954 0.542176
-4.07454 0.54041
-4.06953 0.538667
-4.06453 0.536946
-4.05953 0.535248
-4.05453 0.533571
-4.04952 0.531916
-4.04452 0.530282
-4.03952 0.528669
-4.03452 0.527077
-4.02951 0.525505
-4.02451 0.523953
-4.01951 0.522422
-4.01451 0.52091
-4.0095 0.519417
-4.0045 0.517943
-3.9995 0.516489
-3.9945 0.515052
-3.98949 0.513634
-3.98449 0.512234
-3.97949 0.510852
-3.97449 0.509487
-3.96948 0.508139
-3.96448 0.506808
-3.95948 0.505493
-3.95448 0.504195
-3.94947 0.502913
-3.94447 0.501647
-3.93947 0.500396
-3.93447 0.499161
-3.92946 0.497941
-3.92446 0.496735
-3.91946 0.495544
-3.91446 0.494367
-3.90945 0.493204
-3.90445 0.492055
-3.89945 0.490919
-3.89445 0.489797
-3.88944 0.488687
-3.88444 0.48759
-3.87944 0.486506
-3.87444 0.485434
-3.86943 0.484374
-3.86443 0.483326
-3.85943 0.482289
-3.85443 0.481263
-3.84942 0.480249
-3.84442 0.479245
-3.83942 0.478252
-3.83442 0.47727
-3.82941 0.476297
-3.82441 0.475334
-3.81941 0.474381
-3.81441 0.473438
-3.8094 0.472504
-3.8044 0.471578
-3.7994 0.470662
-3.7944 0.469754
-3.78939 0.468855
-3.78439 0.467964
-3.77939 0.467081
-3.77439 0.466206
-3.76938 0.465338
-3.76438 0.464478
-3.75938 0.463625
-3.75438 0.462779
-3.74937 0.461939
-3.74437 0.461107
-3.73937 0.460281
-3.73437 0.459461
-3.72936 0.458648
-3.72436 0.45784
-3.71936 0.457038
-3.71436 0.456242
-3.70935 0.455451
-3.70435 0.454665
-3.69935 0.453885
-3.69435 0.453109
-3.68934 0.452339
-3.68434 0.451573
-3.67934 0.450811
-3.67434 0.450054
-3.66933 0.449301
-3.66433 0.448552
-3.65933 0.447808
-3.65433 0.447066
-3.64932 0.446329
-3.64432 0.445595
-3.63932 0.444865
-3.63432 0.444137
-3.62931 0.443413
-3.62431 0.442692
-3.61931 0.441974
-3.61431 0.441259
-3.6093 0.440546
-3.6043 0.439837
-3.5993 0.439129
-3.5943 0.438424
-3.58929 0.437721
-3.58429 0.437021
-3.57929 0.436322
-3.57429 0.435626
-3.56928 0.434931
-3.56428 0.434238
-3.55928 0.433548
-3.55428 0.432858
-3.54927 0.432171
-3.54427 0.431484
-3.53927 0.4308
-3.53427 0.430117
-3.52926 0.429435
-3.52426 0.428754
-3.51926 0.428074
-3.51426 0.427396
-3.50925 0.426719
-3.50425 0.426043
-3.49925 0.425368
-3.49425 0.424693
-3.48924 0.42402
-3.48424 0.423348
-3.47924 0.422676
-3.47424 0.422005
-3.46923 0.421335
-3.46423 0.420666
-3.45923 0.419997
-3.45423 0.419329
-3.44922 0.418662
-3.44422 0.417996
-3.43922 0.41733
-3.43422 0.416664
-3.42921 0.416
-3.42421 0.415336
-3.41921 0.414672
-3.41421 0.414009
-3.4092 0.413347
-3.4042 0.412685
-3.3992 0.412024
-3.3942 0.411364
-3.38919 0.410704
-3.38419 0.410045
-3.37919 0.409386
-3.37419 0.408728
-3.36918 0.408071
-3.36418 0.407415
-3.35918 0.406759
-3.35418 0.406104
-3.34917 0.40545
-3.34417 0.404797
-3.33917 0.404144
-3.33417 0.403493
-3.32916 0.402842
-3.32416 0.402193
-3.31916 0.401544
-3.31416 0.400897
-3.30915 0.40025
-3.30415 0.399605
-3.29915 0.398961
-3.29415 0.398319
-3.28914 0.397677
-3.28414 0.397038
-3.27914 0.396399
-3.27414 0.395762
-3.26913 0.395127
-3.26413 0.394494
-3.25913 0.393862
-3.25413 0.393232
-3.24912 0.392604
-3.24412 0.391978
-3.23912 0.391354
-3.23412 0.390732
-3.22911 0.390112
-3.22411 0.389495
-3.21911 0.38888
-3.21411 0.388267
-3.2091 0.387657
-3.2041 0.38705
-3.1991 0.386445
-3.1941 0.385843
-3.18909 0.385245
-3.18409 0.384649
-3.17909 0.384056
-3.17409 0.383467
-3.16908 0.382881
-3.16408 0.382298
-3.15908 0.381719
-3.15408 0.381144
-3.14907 0.380573
-3.14407 0.380005
-3.13907 0.379441
-3.13407 0.378882
-3.12906 0.378327
-3.12406 0.377776
-3.11906 0.37723
-3.11406 0.376688
-3.10905 0.376151
-3.10405 0.375619
-3.09905 0.375092
-3.09405 0.37457
-3.08904 0.374053
-3.08404 0.373542
-3.07904 0.373036
-3.07404 0.372536
-3.06903 0.372042
-3.06403 0.371553
-3.05903 0.371071
-3.05403 0.370594
-3.04902 0.370124
-3.04402 0.369661
-3.03902 0.369204
-3.03402 0.368754
-3.02901 0.368311
-3.02401 0.367874
-3.01901 0.367445
-3.01401 0.367024
-3.009 0.366609
-3.004 0.366203
-2.999 0.365804
-2.994 0.365413
-2.98899 0.36503
-2.98399 0.364656
-2.97899 0.36429
-2.97399 0.363932
-2.96898 0.363583
-2.96398 0.363243
-2.95898 0.362911
-2.95398 0.362589
-2.94897 0.362277
-2.94397 0.361973
-2.93897 0.36168
-2.93397 0.361396
-2.92896 0.361122
-2.92396 0.360858
-2.91896 0.360605
-2.91396 0.360362
-2.90895 0.360129
-2.90395 0.359907
-2.89895 0.359696
-2.89395 0.359496
-2.88894 0.359308
-2.88394 0.359131
-2.87894 0.358965
-2.87394 0.358811
-2.86893 0.358669
-2.86393 0.358539
-2.85893 0.358421
-2.85393 0.358316
-2.84892 0.358223
-2.84392 0.358143
-2.83892 0.358076
-2.83392 0.358021
-2.82891 0.35798
-2.82391 0.357953
-2.81891 0.357939
-2.81391 0.357938
-2.8089 0.357952
-2.8039 0.357979
-2.7989 0.358021
-2.7939 0.358077
-2.78889 0.358148
-2.78389 0.358233
-2.77889 0.358333
-2.77389 0.358449
-2.76888 0.358579
-2.76388 0.358725
-2.75888 0.358886
-2.75388 0.359063
-2.74887 0.359256
-2.74387 0.359465
-2.73887 0.35969
-2.73387 0.359931
-2.72886 0.360189
-2.72386 0.360464
-2.71886 0.360755
-2.71386 0.361064
-2.70885 0.361389
-2.70385 0.361732
-2.69885 0.362092
-2.69385 0.36247
-2.68884 0.362866
-2.68384 0.36328
-2.67884 0.363712
-2.67384 0.364162
-2.66883 0.364631
-2.66383 0.365118
-2.65883 0.365624
-2.65383 0.366149
-2.64882 0.366693
-2.64382 0.367256
-2.63882 0.367838
-2.63382 0.36844
-2.62881 0.369062
-2.62381 0.369703
-2.61881 0.370365
-2.61381 0.371046
-2.6088 0.371748
-2.6038 0.372471
-2.5988 0.373213
-2.5938 0.373977
-2.58879 0.374761
-2.58379 0.375567
-2.57879 0.376393
-2.57379 0.377241
-2.56878 0.37811
-2.56378 0.379001
-2.55878 0.379914
-2.55378 0.380848
-2.54877 0.381805
-2.54377 0.382783
-2.53877 0.383784
-2.53377 0.384807
-2.52876 0.385853
-2.52376 0.386921
-2.51876 0.388013
-2.51376 0.389127
-2.50875 0.390264
-2.50375 0.391424
-2.49875 0.392608
-2.49375 0.393815
-2.48874 0.395046
-2.48374 0.3963
-2.47874 0.397578
-2.47374 0.39888
-2.46873 0.400206
-2.46373 0.401557
-2.45873 0.402931
-2.45373 0.40433
-2.44872 0.405754
-2.44372 0.407202
-2.43872 0.408675
-2.43372 0.410172
-2.42871 0.411695
-2.42371 0.413243
-2.41871 0.414816
-2.41371 0.416414
-2.4087 0.418037
-2.4037 0.419686
-2.3987 0.421361
-2.3937 0.423061
-2.38869 0.424787
-2.38369 0.426539
-2.37869 0.428317
-2.37369 0.430121
-2.36868 0.431951
-2.36368 0.433807
-2.35868 0.43569
-2.35368 0.437599
-2.34867 0.439534
-2.34367 0.441496
-2.33867 0.443485
-2.33367 0.445501
-2.32866 0.447543
-2.32366 0.449612
-2.31866 0.451708
-2.31366 0.453832
-2.30865 0.455982
-2.30365 0.45816
-2.29865 0.460364
-2.29365 0.462597
-2.28864 0.464856
-2.28364 0.467143
-2.27864 0.469458
-2.27364 0.4718
-2.26863 0.47417
-2.26363 0.476567
-2.25863 0.478992
-2.25363 0.481445
-2.24862 0.483926
-2.24362 0.486435
-2.23862 0.488972
-2.23362 0.491536
-2.22861 0.494129
-2.22361 0.49675
-2.21861 0.499399
-2.21361 0.502076
-2.2086 0.504781
-2.2036 0.507515
-2.1986 0.510277
-2.1936 0.513067
-2.18859 0.515885
-2.18359 0.518732
-2.17859 0.521607
-2.17359 0.524511
-2.16858 0.527443
-2.16358 0.530404
-2.15858 0.533393
-2.15358 0.53641
-2.14857 0.539456
-2.14357 0.542531
-2.13857 0.545634
-2.13357 0.548765
-2.12856 0.551926
-2.12356 0.555114
-2.11856 0.558332
-2.11356 0.561578
-2.10855 0.564852
-2.10355 0.568155
-2.09855 0.571486
-2.09355 0.574847
-2.08854 0.578235
-2.08354 0.581652
-2.07854 0.585098
-2.07354 0.588572
-2.06853 0.592075
-2.06353 0.595606
-2.05853 0.599166
-2.05353 0.602754
-2.04852 0.60637
-2.04352 0.610015
-2.03852 0.613688
-2.03352 0.61739
-2.02851 0.62112
-2.02351 0.624878
-2.01851 0.628664
-2.01351 0.632479
-2.0085 0.636322
-2.0035 0.640193
-1.9985 0.644092
-1.9935 0.648018
-1.98849 0.651973
-1.98349 0.655956
-1.97849 0.659967
-1.97349 0.664006
-1.96848 0.668072
-1.96348 0.672166
-1.95848 0.676288
-1.95348 0.680438
-1.94847 0.684615
-1.94347 0.688819
-1.93847 0.693051
-1.93347 0.69731
-1.92846 0.701597
-1.92346 0.705911
-1.91846 0.710251
-1.91346 0.714619
-1.90845 0.719014
-1.90345 0.723436
-1.89845 0.727885
-1.89345 0.73236
-1.88844 0.736862
-1.88344 0.741391
-1.87844 0.745946
-1.87344 0.750528
-1.86843 0.755136
-1.86343 0.75977
-1.85843 0.76443
-1.85343 0.769116
-1.84842 0.773828
-1.84342 0.778566
-1.83842 0.78333
-1.83342 0.788119
-1.82841 0.792934
-1.82341 0.797774
-1.81841 0.802639
-1.81341 0.80753
-1.8084 0.812446
-1.8034 0.817386
-1.7984 0.822352
-1.7934 0.827342
-1.78839 0.832356
-1.78339 0.837396
-1.77839 0.842459
-1.77339 0.847547
-1.76838 0.852658
-1.76338 0.857794
-1.75838 0.862954
-1.75338 0.868137
-1.74837 0.873344
-1.74337 0.878574
-1.73837 0.883827
-1.73337 0.889104
-1.72836 0.894403
-1.72336 0.899726
-1.71836 0.905071
-1.71336 0.910438
-1.70835 0.915828
-1.70335 0.921241
-1.69835 0.926675
-1.69335 0.932131
-1.68834 0.937609
-1.68334 0.943109
-1.67834 0.94863
-1.67334 0.954173
-1.66833 0.959736
-1.66333 0.965321
-1.65833 0.970926
-1.65333 0.976552
-1.64832 0.982199
-1.64332 0.987866
-1.63832 0.993553
-1.63332 0.99926
-1.62831 1.00499
-1.62331 1.01073
-1.61831 1.0165
-1.61331 1.02228
-1.6083 1.02809
-1.6033 1.03391
-1.5983 1.03975
-1.5933 1.04561
-1.58829 1.05149
-1.58329 1.05739
-1.57829 1.0633
-1.57329 1.06923
-1.56828 1.07518
-1.56328 1.08115
-1.55828 1.08714
-1.55328 1.09314
-1.54827 1.09916
-1.54327 1.10519
-1.53827 1.11124
-1.53327 1.11731
-1.52826 1.12339
-1.52326 1.12949
-1.51826 1.1356
-1.51326 1.14173
-1.50825 1.14788
-1.50325 1.15404
-1.49825 1.16021
-1.49325 1.1664
-1.48824 1.17261
-1.48324 1.17882
-1.47824 1.18506
-1.47324 1.1913
-1.46823 1.19756
-1.46323 1.20383
-1.45823 1.21012
-1.45323 1.21641
-1.44822 1.22272
-1.44322 1.22905
-1.43822 1.23538
-1.43322 1.24173
-1.42821 1.24808
-1.42321 1.25445
-1.41821 1.26083
-1.41321 1.26722
-1.4082 1.27363
-1.4032 1.28004
-1.3982 1.28646
-1.3932 1.29289
-1.38819 1.29934
-1.38319 1.30579
-1.37819 1.31225
-1.37319 1.31872
-1.36818 1.3252
-1.36318 1.33169
-1.35818 1.33818
-1.35318 1.34468
-1.34817 1.3512
-1.34317 1.35772
-1.33817 1.36424
-1.33317 1.37078
-1.32816 1.37732
-1.32316 1.38386
-1.31816 1.39042
-1.31316 1.39698
-1.30815 1.40354
-1.30315 1.41011
-1.29815 1.41669
-1.29315 1.42327
-1.28814 1.42986
-1.28314 1.43645
-1.27814 1.44304
-1.27314 1.44964
-1.26813 1.45625
-1.26313 1.46285
-1.25813 1.46946
-1.25313 1.47607
-1.24812 1.48269
-1.24312 1.48931
-1.23812 1.49593
-1.23312 1.50255
-1.22811 1.50918
-1.22311 1.5158
-1.21811 1.52243
-1.21311 1.52906
-1.2081 1.53568
-1.2031 1.54231
-1.1981 1.54894
-1.1931 1.55557
-1.18809 1.5622
-1.18309 1.56883
-1.17809 1.57545
-1.17309 1.58208
-1.16808 1.5887
-1.16308 1.59533
-1.15808 1.60195
-1.15308 1.60857
-1.14807 1.61518
-1.14307 1.6218
-1.13807 1.62841
-1.13307 1.63501
-1.12806 1.64162
-1.12306 1.64822
-1.11806 1.65481
-1.11306 1.6614
-1.10805 1.66799
-1.10305 1.67457
-1.09805 1.68114
-1.09305 1.68772
-1.08804 1.69428
-1.08304 1.70084
-1.07804 1.70739
-1.07304 1.71394
-1.06803 1.72048
-1.06303 1.72701
-1.05803 1.73353
-1.05303 1.74005
-1.04802 1.74656
-1.04302 1.75306
-1.03802 1.75955
-1.03302 1.76604
-1.02801 1.77251
-1.02301 1.77898
-1.01801 1.78543
-1.01301 1.79188
-1.008 1.79832
-1.003 1.80474
-0.997999 1.81116
-0.992996 1.81756
-0.987994 1.82395
-0.982991 1.83034
-0.977989 1.83671
-0.972986 1.84306
-0.967984 1.84941
-0.962981 1.85574
-0.957979 1.86206
-0.952976 1.86837
-0.947974 1.87466
-0.942971 1.88095
-0.937969 1.88721
-0.932966 1.89347
-0.927964 1.8997
-0.922961 1.90593
-0.917959 1.91214
-0.912956 1.91833
-0.907954 1.92451
-0.902951 1.93067
-0.897949 1.93682
-0.892946 1.94295
-0.887944 1.94906
-0.882941 1.95516
-0.877939 1.96124
-0.872936 1.9673
-0.867934 1.97335
-0.862931 1.97937
-0.857929 1.98538
-0.852926 1.99137
-0.847924 1.99735
-0.842921 2.0033
-0.837919 2.00923
-0.832916 2.01515
-0.827914 2.02105
-0.822911 2.02692
-0.817909 2.03278
-0.812906 2.03861
-0.807904 2.04443
-0.802901 2.05022
-0.797899 2.05599
-0.792896 2.06174
-0.787894 2.06747
-0.782891 2.07318
-0.777889 2.07887
-0.772886 2.08453
-0.767884 2.09017
-0.762881 2.09579
-0.757879 2.10138
-0.752876 2.10696
-0.747874 2.1125
-0.742871 2.11803
-0.737869 2.12353
-0.732866 2.129
-0.727864 2.13445
-0.722861 2.13988
-0.717859 2.14528
-0.712856 2.15066
-0.707854 2.15601
-0.702851 2.16133
-0.697849 2.16663
-0.692846 2.1719
-0.687844 2.17715
-0.682841 2.18237
-0.677839 2.18756
-0.672836 2.19273
-0.667834 2.19787
-0.662831 2.20298
-0.657829 2.20806
-0.652826 2.21311
-0.647824 2.21814
-0.642821 2.22314
-0.637819 2.22811
-0.632816 2.23305
-0.627814 2.23796
-0.622811 2.24284
-0.617809 2.24769
-0.612806 2.25251
-0.607804 2.2573
-0.602801 2.26207
-0.597799 2.2668
-0.592796 2.2715
-0.587794 2.27617
-0.582791 2.28081
-0.577789 2.28541
-0.572786 2.28999
-0.567784 2.29454
-0.562781 2.29905
-0.557779 2.30353
-0.552776 2.30798
-0.547774 2.31239
-0.542771 2.31678
-0.537769 2.32113
-0.532766 2.32544
-0.527764 2.32973
-0.522761 2.33398
-0.517759 2.33819
-0.512756 2.34238
-0.507754 2.34653
-0.502751 2.35064
-0.497749 2.35472
-0.492746 2.35877
-0.487744 2.36278
-0.482741 2.36675
-0.477739 2.37069
-0.472736 2.3746
-0.467734 2.37847
-0.462731 2.38231
-0.457729 2.3861
-0.452726 2.38987
-0.447724 2.39359
-0.442721 2.39728
-0.437719 2.40094
-0.432716 2.40455
-0.427714 2.40814
-0.422711 2.41168
-0.417709 2.41519
-0.412706 2.41865
-0.407704 2.42209
-0.402701 2.42548
-0.397699 2.42884
-0.392696 2.43215
-0.387694 2.43543
-0.382691 2.43868
-0.377689 2.44188
-0.372686 2.44505
-0.367684 2.44817
-0.362681 2.45126
-0.357679 2.45431
-0.352676 2.45732
-0.347674 2.46029
-0.342671 2.46322
-0.337669 2.46611
-0.332666 2.46897
-0.327664 2.47178
-0.322661 2.47455
-0.317659 2.47728
-0.312656 2.47998
-0.307654 2.48263
-0.302651 2.48524
-0.297649 2.48781
-0.292646 2.49034
-0.287644 2.49283
-0.282641 2.49528
-0.277639 2.49769
-0.272636 2.50006
-0.267634 2.50239
-0.262631 2.50467
-0.257629 2.50692
-0.252626 2.50912
-0.247624 2.51128
-0.242621 2.5134
-0.237619 2.51548
-0.232616 2.51751
-0.227614 2.51951
-0.222611 2.52146
-0.217609 2.52337
-0.212606 2.52524
-0.207604 2.52706
-0.202601 2.52885
-0.197599 2.53059
-0.192596 2.53229
-0.187594 2.53394
-0.182591 2.53556
-0.177589 2.53713
-0.172586 2.53865
-0.167584 2.54014
-0.162581 2.54158
-0.157579 2.54298
-0.152576 2.54433
-0.147574 2.54565
-0.142571 2.54692
-0.137569 2.54814
-0.132566 2.54933
-0.127564 2.55047
-0.122561 2.55156
-0.117559 2.55261
-0.112556 2.55362
-0.107554 2.55459
-0.102551 2.55551
-0.0975488 2.55639
-0.0925463 2.55722
-0.0875438 2.55802
-0.0825413 2.55876
-0.0775388 2.55947
-0.0725363 2.56013
-0.0675338 2.56074
-0.0625313 2.56131
-0.0575288 2.56184
-0.0525263 2.56233
-0.0475238 2.56277
-0.0425213 2.56316
-0.0375188 2.56351
-0.0325163 2.56382
-0.0275138 2.56409
-0.0225113 2.56431
-0.0175088 2.56448
-0.0125063 2.56462
-0.00750375 2.5647
-0.00250125 2.56475
0.00250125 2.56475
0.00750375 2.5647
0.0125063 2.56462
0.0175088 2.56448
0.0225113 2.56431
0.0275138 2.56409
0.0325163 2.56382
0.0375188 2.56351
0.0425213 2.56316
0.0475238 2.56277
0.0525263 2.56233
0.0575288 2.56184
0.0625313 2.56131
0.0675338 2.56074
0.0725363 2.56013
0.0775388 2.55947
0.0825413 2.55876
0.0875438 2.55802
0.0925463 2.55722
0.0975488 2.55639
0.102551 2.55551
0.107554 2.55459
0.112556 2.55362
0.117559 2.55261
0.122561 2.55156
0.127564 2.55047
0.132566 2.54933
0.137569 2.54814
0.142571 2.54692
0.147574 2.54565
0.152576 2.54433
0.157579 2.54298
0.162581 2.54158
0.167584 2.54014
0.172586 2.53865
0.177589 2.53713
0.182591 2.53556
0.187594 2.53394
0.192596 2.53229
0.197599 2.53059
0.202601 2.52885
0.207604 2.52706
0.212606 2.52524
0.217609 2.52337
0.222611 2.52146
0.227614 2.51951
0.232616 2.51751
0.237619 2.51548
0.242621 2.5134
0.247624 2.51128
0.252626 2.50912
0.257629 2.50692
0.262631 2.50467
0.267634 2.50239
0.272636 2.50006
0.277639 2.49769
0.282641 2.49528
0.287644 2.49283
0.292646 2.49034
0.297649 2.48781
0.302651 2.48524
0.307654 2.48263
0.312656 2.47998
0.317659 2.47728
0.322661 2.47455
0.327664 2.47178
0.332666 2.46897
0.337669 2.46611
0.342671 2.46322
0.347674 2.46029
0.352676 2.45732
0.357679 2.45431
0.362681 2.45126
0.367684 2.44817
0.372686 2.44505
0.377689 2.44188
0.382691 2.43868
0.387694 2.43543
0.392696 2.43215
0.397699 2.42884
0.402701 2.42548
0.407704 2.42209
0.412706 2.41865
0.417709 2.41519
0.422711 2.41168
0.427714 2.40814
0.432716 2.40455
0.437719 2.40094
0.442721 2.39728
0.447724 2.39359
0.452726 2.38987
0.457729 2.3861
0.462731 2.38231
0.467734 2.37847
0.472736 2.3746
0.477739 2.37069
0.482741 2.36675
0.487744 2.36278
0.492746 2.35877
0.497749 2.35472
0.502751 2.35064
0.507754 2.34653
0.512756 2.34238
0.517759 2.33819
0.522761 2.33398
0.527764 2.32973
0.532766 2.32544
0.537769 2.32113
0.542771 2.31678
0.547774 2.31239
0.552776 2.30798
0.557779 2.30353
0.562781 2.29905
0.567784 2.29454
0.572786 2.28999
0.577789 2.28541
0.582791 2.28081
0.587794 2.27617
0.592796 2.2715
0.597799 2.2668
0.602801 2.26207
0.607804 2.2573
0.612806 2.25251
0.617809 2.24769
0.622811 2.24284
0.627814 2.23796
0.632816 2.23305
0.637819 2.22811
0.642821 2.22314
0.647824 2.21814
0.652826 2.21311
0.657829 2.20806
0.662831 2.20298
0.667834 2.19787
0.672836 2.19273
0.677839 2.18756
0.682841 2.18237
0.687844 2.17715
0.692846 2.1719
0.697849 2.16663
0.702851 2.16133
0.707854 2.15601
0.712856 2.15066
0.717859 2.14528
0.722861 2.13988
0.727864 2.13445
0.732866 2.129
0.737869 2.12353
0.742871 2.11803
0.747874 2.1125
0.752876 2.10696
0.757879 2.10138
0.762881 2.09579
0.767884 2.09017
0.772886 2.08453
0.777889 2.07887
0.782891 2.07318
0.787894 2.06747
0.792896 2.06174
0.797899 2.05599
0.802901 2.05022
0.807904 2.04443
0.812906 2.03861
0.817909 2.03278
0.822911 2.02692
0.827914 2.02105
0.832916 2.01515
0.837919 2.00923
0.842921 2.0033
0.847924 1.99735
0.852926 1.99137
0.857929 1.98538
0.862931 1.97937
0.867934 1.97335
0.872936 1.9673
0.877939 1.96124
0.882941 1.95516
0.887944 1.94906
0.892946 1.94295
0.897949 1.93682
0.902951 1.93067
0.907954 1.92451
0.912956 1.91833
0.917959 1.91214
0.922961 1.90593
0.927964 1.8997
0.932966 1.89347
0.937969 1.88721
0.942971 1.88095
0.947974 1.87466
0.952976 1.86837
0.957979 1.86206
0.962981 1.85574
0.967984 1.84941
0.972986 1.84306
0.977989 1.83671
0.982991 1.83034
0.987994 1.82395
0.992996 1.81756
0.997999 1.81116
1.003 1.80474
1.008 1.79832
1.01301 1.79188
1.01801 1.78543
1.02301 1.77898
1.02801 1.77251
1.03302 1.76604
1.03802 1.75955
1.04302 1.75306
1.04802 1.74656
1.05303 1.74005
1.05803 1.73353
1.06303 1.72701
1.06803 1.72048
1.07304 1.71394
1.07804 1.70739
1.08304 1.70084
1.08804 1.69428
1.09305 1.68772
1.09805 1.68114
1.10305 1.67457
1.10805 1.66799
1.11306 1.6614
1.11806 1.65481
1.12306 1.64822
1.12806 1.64162
1.13307 1.63501
1.13807 1.62841
1.14307 1.6218
1.14807 1.61518
1.15308 1.60857
1.15808 1.60195
1.16308 1.59533
1.16808 1.5887
1.17309 1.58208
1.17809 1.57545
1.18309 1.56883
1.18809 1.5622
1.1931 1.55557
1.1981 1.54894
1.2031 1.54231
1.2081 1.53568
1.21311 1.52906
1.21811 1.52243
1.22311 1.5158
1.22811 1.50918
1.23312 1.50255
1.23812 1.49593
1.24312 1.48931
1.24812 1.48269
1.25313 1.47607
1.25813 1.46946
1.26313 1.46285
1.26813 1.45625
1.27314 1.44964
1.27814 1.44304
1.28314 1.43645
1.28814 1.42986
1.29315 1.42327
1.29815 1.41669
1.30315 1.41011
1.30815 1.40354
1.31316 1.39698
1.31816 1.39042
1.32316 1.38386
1.32816 1.37732
1.33317 1.37078
1.33817 1.36424
1.34317 1.35772
1.34817 1.3512
1.35318 1.34468
1.35818 1.33818
1.36318 1.33169
1.36818 1.3252
1.37319 1.31872
1.37819 1.31225
1.38319 1.30579
1.38819 1.29934
1.3932 1.29289
1.3982 1.28646
1.4032 1.28004
1.4082 1.27363
1.41321 1.26722
1.41821 1.26083
1.42321 1.25445
1.42821 1.24808
1.43322 1.24173
1.43822 1.23538
1.44322 1.22905
1.44822 1.22272
1.45323 1.21641
1.45823 1.21012
1.46323 1.20383
1.46823 1.19756
1.47324 1.1913
1.47824 1.18506
1.48324 1.17882
1.48824 1.17261
1.49325 1.1664
1.49825 1.16021
1.50325 1.15404
1.50825 1.14788
1.51326 1.14173
1.51826 1.1356
1.52326 1.12949
1.52826 1.12339
1.53327 1.11731
1.53827 1.11124
1.54327 1.10519
1.54827 1.09916
1.55328 1.09314
1.55828 1.08714
1.56328 1.08115
1.56828 1.07518
1.57329 1.06923
1.57829 1.0633
1.58329 1.05739
1.58829 1.05149
1.5933 1.04561
1.5983 1.03975
1.6033 1.03391
1.6083 1.02809
1.61331 1.02228
1.61831 1.0165
1.62331 1.01073
1.62831 1.00499
1.63332 0.99926
1.63832 0.993553
1.64332 0.987866
1.64832 0.982199
1.65333 0.976552
1.65833 0.970926
1.66333 0.965321
1.66833 0.959736
1.67334 0.954173
1.67834 0.94863
1.68334 0.943109
1.68834 0.937609
1.69335 0.932131
1.69835 0.926675
1.70335 0.921241
1.70835 0.915828
1.71336 0.910438
1.71836 0.905071
1.72336 0.899726
1.72836 0.894403
1.73337 0.889104
1.73837 0.883827
1.74337 0.878574
1.74837 0.873344
1.75338 0.868137
1.75838 0.862954
1.76338 0.857794
1.76838 0.852658
1.77339 0.847547
1.77839 0.842459
1.78339 0.837396
1.78839 0.832356
1.7934 0.827342
1.7984 0.822352
1.8034 0.817386
1.8084 0.812446
1.81341 0.80753
1.81841 0.802639
1.82341 0.797774
1.82841 0.792934
1.83342 0.788119
1.83842 0.78333
1.84342 0.778566
1.84842 0.773828
1.85343 0.769116
1.85843 0.76443
1.86343 0.75977
1.86843 0.755136
1.87344 0.750528
1.87844 0.745946
1.88344 0.741391
1.88844 0.736862
1.89345 0.73236
1.89845 0.727885
1.90345 0.723436
1.90845 0.719014
1.91346 0.714619
1.91846 0.710251
1.92346 0.705911
1.92846 0.701597
1.93347 0.69731
1.93847 0.693051
1.94347 0.688819
1.94847 0.684615
1.95348 0.680438
1.95848 0.676288
1.96348 0.672166
1.96848 0.668072
1.97349 0.664006
1.97849 0.659967
1.98349 0.655956
1.98849 0.651973
1.9935 0.648018
1.9985 0.644092
2.0035 0.640193
2.0085 0.636322
2.01351 0.632479
2.01851 0.628664
2.02351 0.624878
2.02851 0.62112
2.03352 0.61739
2.03852 0.613688
2.04352 0.610015
2.04852 0.60637
2.05353 0.602754
2.05853 0.599166
2.06353 0.595606
2.06853 0.592075
2.07354 0.588572
2.07854 0.585098
2.08354 0.581652
2.08854 0.578235
2.09355 0.574847
2.09855 0.571486
2.10355 0.568155
2.10855 0.564852
2.11356 0.561578
2.11856 0.558332
2.12356 0.555114
2.12856 0.551926
2.13357 0.548765
2.13857 0.545634
2.14357 0.542531
2.14857 0.539456
2.15358 0.53641
2.15858 0.533393
2.16358 0.530404
2.16858 0.527443
2.17359 0.524511
2.17859 0.521607
2.18359 0.518732
2.18859 0.515885
2.1936 0.513067
2.1986 0.510277
2.2036 0.507515
2.2086 0.504781
2.21361 0.502076
2.21861 0.499399
2.22361 0.49675
2.22861 0.494129
2.23362 0.491536
2.23862 0.488972
2.24362 0.486435
2.24862 0.483926
2.25363 0.481445
2.25863 0.478992
2.26363 0.476567
2.26863 0.47417
2.27364 0.4718
2.27864 0.469458
2.28364 0.467143
2.28864 0.464856
2.29365 0.462597
2.29865 0.460364
2.30365 0.45816
2.30865 0.455982
2.31366 0.453832
2.31866 0.451708
2.32366 0.449612
2.32866 0.447543
2.33367 0.445501
2.33867 0.443485
2.34367 0.441496
2.34867 0.439534
2.35368 0.437599
2.35868 0.43569
2.36368 0.433807
2.36868 0.431951
2.37369 0.430121
2.37869 0.428317
2.38369 0.426539
2.38869 0.424787
2.3937 0.423061
2.3987 0.421361
2.4037 0.419686
2.4087 0.418037
2.41371 0.416414
2.41871 0.414816
2.42371 0.413243
2.42871 0.411695
2.43372 0.410172
2.43872 0.408675
2.44372 0.407202
2.44872 0.405754
2.45373 0.40433
2.45873 0.402931
2.46373 0.401557
2.46873 0.400206
2.47374 0.39888
2.47874 0.397578
2.48374 0.3963
2.48874 0.395046
2.49375 0.393815
2.49875 0.392608
2.50375 0.391424
2.50875 0.390264
2.51376 0.389127
2.51876 0.388013
2.52376 0.386921
2.52876 0.385853
2.53377 0.384807
2.53877 0.383784
2.54377 0.382783
2.54877 0.381805
2.55378 0.380848
2.55878 0.379914
2.56378 0.379001
2.56878 0.37811
2.57379 0.377241
2.57879 0.376393
2.58379 0.375567
2.58879 0.374761
2.5938 0.373977
2.5988 0.373213
2.6038 0.372471
2.6088 0.371748
2.61381 0.371046
2.61881 0.370365
2.62381 0.369703
2.62881 0.369062
2.63382 0.36844
2.63882 0.367838
2.64382 0.367256
2.64882 0.366693
2.65383 0.366149
2.65883 0.365624
2.66383 0.365118
2.66883 0.364631
2.67384 0.364162
2.67884 0.363712
2.68384 0.36328
2.68884 0.362866
2.69385 0.36247
2.69885 0.362092
2.70385 0.361732
2.70885 0.361389
2.71386 0.361064
2.71886 0.360755
2.72386 0.360464
2.72886 0.360189
2.73387 0.359931
2.73887 0.35969
2.74387 0.359465
2.74887 0.359256
2.75388 0.359063
2.75888 0.358886
2.76388 0.358725
2.76888 0.358579
2.77389 0.358449
2.77889 0.358333
2.78389 0.358233
2.78889 0.358148
2.7939 0.358077
2.7989 0.358021
2.8039 0.357979
2.8089 0.357952
2.81391 0.357938
2.81891 0.357939
2.82391 0.357953
2.82891 0.35798
2.83392 0.358021
2.83892 0.358076
2.84392 0.358143
2.84892 0.358223
2.85393 0.358316
2.85893 0.358421
2.86393 0.358539
2.86893 0.358669
2.87394 0.358811
2.87894 0.358965
2.88394 0.359131
2.88894 0.359308
2.89395 0.359496
2.89895 0.359696
2.90395 0.359907
2.90895 0.360129
2.91396 0.360362
2.91896 0.360605
2.92396 0.360858
2.92896 0.361122
2.93397 0.361396
2.93897 0.36168
2.94397 0.361973
2.94897 0.362277
2.95398 0.362589
2.95898 0.362911
2.96398 0.363243
2.96898 0.363583
2.97399 0.363932
2.97899 0.36429
2.98399 0.364656
2.98899 0.36503
2.994 0.365413
2.999 0.365804
3.004 0.366203
3.009 0.366609
3.01401 0.367024
3.01901 0.367445
3.02401 0.367874
3.02901 0.368311
3.03402 0.368754
3.03902 0.369204
3.04402 0.369661
3.04902 0.370124
3.05403 0.370594
3.05903 0.371071
3.06403 0.371553
3.06903 0.372042
3.07404 0.372536
3.07904 0.373036
3.08404 0.373542
3.08904 0.374053
3.09405 0.37457
3.09905 0.375092
3.10405 0.375619
3.10905 0.376151
3.11406 0.376688
3.11906 0.37723
3.12406 0.377776
3.12906 0.378327
3.13407 0.378882
3.13907 0.379441
3.14407 0.380005
3.14907 0.380573
3.15408 0.381144
3.15908 0.381719
3.16408 0.382298
3.16908 0.382881
3.17409 0.383467
3.17909 0.384056
3.18409 0.384649
3.18909 0.385245
3.1941 0.385843
3.1991 0.386445
3.2041 0.38705
3.2091 0.387657
3.21411 0.388267
3.21911 0.38888
3.22411 0.389495
3.22911 0.390112
3.23412 0.390732
3.23912 0.391354
3.24412 0.391978
3.24912 0.392604
3.25413 0.393232
3.25913 0.393862
3.26413 0.394494
3.26913 0.395127
3.27414 0.395762
3.27914 0.396399
3.28414 0.397038
3.28914 0.397677
3.29415 0.398319
3.29915 0.398961
3.30415 0.399605
3.30915 0.40025
3.31416 0.400897
3.31916 0.401544
3.32416 0.402193
3.32916 0.402842
3.33417 0.403493
3.33917 0.404144
3.34417 0.404797
3.34917 0.40545
3.35418 0.406104
3.35918 0.406759
3.36418 0.407415
3.36918 0.408071
3.37419 0.408728
3.37919 0.409386
3.38419 0.410045
3.38919 0.410704
3.3942 0.411364
3.3992 0.412024
3.4042 0.412685
3.4092 0.413347
3.41421 0.414009
3.41921 0.414672
3.42421 0.415336
3.42921 0.416
3.43422 0.416664
3.43922 0.41733
3.44422 0.417996
3.44922 0.418662
3.45423 0.419329
3.45923 0.419997
3.46423 0.420666
3.46923 0.421335
3.47424 0.422005
3.47924 0.422676
3.48424 0.423348
3.48924 0.42402
3.49425 0.424693
3.49925 0.425368
3.50425 0.426043
3.50925 0.426719
3.51426 0.427396
3.51926 0.428074
3.52426 0.428754
3.52926 0.429435
3.53427 0.430117
3.53927 0.4308
3.54427 0.431484
3.54927 0.432171
3.55428 0.432858
3.55928 0.433548
3.56428 0.434238
3.56928 0.434931
3.57429 0.435626
3.57929 0.436322
3.58429 0.437021
3.58929 0.437721
3.5943 0.438424
3.5993 0.439129
3.6043 0.439837
3.6093 0.440546
3.61431 0.441259
3.61931 0.441974
3.62431 0.442692
3.62931 0.443413
3.63432 0.444137
3.63932 0.444865
3.64432 0.445595
3.64932 0.446329
3.65433 0.447066
3.65933 0.447808
3.66433 0.448552
3.66933 0.449301
3.67434 0.450054
3.67934 0.450811
3.68434 0.451573
3.68934 0.452339
3.69435 0.453109
3.69935 0.453885
3.70435 0.454665
3.70935 0.455451
3.71436 0.456242
3.71936 0.457038
3.72436 0.45784
3.72936 0.458648
3.73437 0.459461
3.73937 0.460281
3.74437 0.461107
3.74937 0.461939
3.75438 0.462779
3.75938 0.463625
3.76438 0.464478
3.76938 0.465338
3.77439 0.466206
3.77939 0.467081
3.78439 0.467964
3.78939 0.468855
3.7944 0.469754
3.7994 0.470662
3.8044 0.471578
3.8094 0.472504
3.81441 0.473438
3.81941 0.474381
3.82441 0.475334
3.82941 0.476297
3.83442 0.47727
3.83942 0.478252
3.84442 0.479245
3.84942 0.480249
3.85443 0.481263
3.85943 0.482289
3.86443 0.483326
3.86943 0.484374
3.87444 0.485434
3.87944 0.486506
3.88444 0.48759
3.88944 0.488687
3.89445 0.489797
3.89945 0.490919
3.90445 0.492055
3.90945 0.493204
3.91446 0.494367
3.91946 0.495544
3.92446 0.496735
3.92946 0.497941
3.93447 0.499161
3.93947 0.500396
3.94447 0.501647
3.94947 0.502913
3.95448 0.504195
3.95948 0.505493
3.96448 0.506808
3.96948 0.508139
3.97449 0.509487
3.97949 0.510852
3.98449 0.512234
3.98949 0.513634
3.9945 0.515052
3.9995 0.516489
4.0045 0.517943
4.0095 0.519417
4.01451 0.52091
4.01951 0.522422
4.02451 0.523953
4.02951 0.525505
4.03452 0.527077
4.03952 0.528669
4.04452 0.530282
4.04952 0.531916
4.05453 0.533571
4.05953 0.535248
4.06453 0.536946
4.06953 0.538667
4.07454 0.54041
4.07954 0.542176
4.08454 0.543965
4.08954 0.545777
4.09455 0.547612
4.09955 0.549471
4.10455 0.551355
4.10955 0.553263
4.11456 0.555195
4.11956 0.557152
4.12456 0.559135
4.12956 0.561143
4.13457 0.563176
4.13957 0.565236
4.14457 0.567322
4.14957 0.569434
4.15458 0.571574
4.15958 0.57374
4.16458 0.575933
4.16958 0.578154
4.17459 0.580403
4.17959 0.582681
4.18459 0.584986
4.18959 0.58732
4.1946 0.589683
4.1996 0.592075
4.2046 0.594496
4.2096 0.596947
4.21461 0.599428
4.21961 0.601938
4.22461 0.60448
4.22961 0.607051
4.23462 0.609654
4.23962 0.612287
4.24462 0.614951
4.24962 0.617647
4.25463 0.620375
4.25963 0.623134
4.26463 0.625926
4.26963 0.62875
4.27464 0.631606
4.27964 0.634495
4.28464 0.637416
4.28964 0.640371
4.29465 0.643359
4.29965 0.64638
4.30465 0.649435
4.30965 0.652523
4.31466 0.655646
4.31966 0.658802
4.32466 0.661992
4.32966 0.665217
4.33467 0.668477
4.33967 0.67177
4.34467 0.675099
4.34967 0.678462
4.35468 0.68186
4.35968 0.685294
4.36468 0.688762
4.36968 0.692266
4.37469 0.695805
4.37969 0.699379
4.38469 0.702989
4.38969 0.706634
4.3947 0.710315
4.3997 0.714032
4.4047 0.717784
4.4097 0.721571
4.41471 0.725395
4.41971 0.729254
4.42471 0.733149
4.42971 0.73708
4.43472 0.741046
4.43972 0.745048
4.44472 0.749086
4.44972 0.753159
4.45473 0.757268
4.45973 0.761412
4.46473 0.765591
4.46973 0.769806
4.47474 0.774056
4.47974 0.778342
4.48474 0.782662
4.48974 0.787017
4.49475 0.791407
4.49975 0.795831
4.50475 0.80029
4.50975 0.804783
4.51476 0.809309
4.51976 0.81387
4.52476 0.818465
4.52976 0.823092
4.53477 0.827753
4.53977 0.832447
4.54477 0.837173
4.54977 0.841932
4.55478 0.846723
4.55978 0.851545
4.56478 0.856399
4.56978 0.861283
4.57479 0.866199
4.57979 0.871145
4.58479 0.87612
4.58979 0.881125
4.5948 0.88616
4.5998 0.891222
4.6048 0.896313
4.6098 0.901432
4.61481 0.906578
4.61981 0.911751
4.62481 0.91695
4.62981 0.922174
4.63482 0.927423
4.63982 0.932697
4.64482 0.937995
4.64982 0.943316
4.65483 0.94866
4.65983 0.954026
4.66483 0.959413
4.66983 0.96482
4.67484 0.970248
4.67984 0.975694
4.68484 0.981159
4.68984 0.986641
4.69485 0.99214
4.69985 0.997655
4.70485 1.00319
4.70985 1.00873
4.71486 1.01429
4.71986 1.01986
4.72486 1.02544
4.72986 1.03103
4.73487 1.03663
4.73987 1.04224
4.74487 1.04786
4.74987 1.05348
4.75488 1.05911
4.75988 1.06474
4.76488 1.07038
4.76988 1.07601
4.77489 1.08165
4.77989 1.08729
4.78489 1.09292
4.78989 1.09855
4.7949 1.10418
4.7999 1.1098
4.8049 1.11542
4.8099 1.12102
4.81491 1.12662
4.81991 1.1322
4.82491 1.13777
4.82991 1.14333
4.83492 1.14886
4.83992 1.15439
4.84492 1.15989
4.84992 1.16537
4.85493 1.17083
4.85993 1.17626
4.86493 1.18167
4.86993 1.18705
4.87494 1.19239
4.87994 1.19771
4.88494 1.20299
4.88994 1.20824
4.89495 1.21345
4.89995 1.21862
4.90495 1.22375
4.90995 1.22884
4.91496 1.23387
4.91996 1.23886
4.92496 1.24381
4.92996 1.24869
4.93497 1.25353
4.93997 1.2583
4.94497 1.26302
4.94997 1.26767
4.95498 1.27226
4.95998 1.27678
4.96498 1.28123
4.96998 1.28562
4.97499 1.28992
4.97999 1.29415
4.98499 1.2983
4.98999 1.30236
4.995 1.30634
5 1.31023
