-3 0.371579
-2.99399 0.371902
-2.98799 0.372237
-2.98198 0.372587
-2.97598 0.372949
-2.96997 0.373325
-2.96396 0.373715
-2.95796 0.374118
-2.95195 0.374536
-2.94595 0.374966
-2.93994 0.375411
-2.93393 0.375869
-2.92793 0.376342
-2.92192 0.376828
-2.91592 0.377328
-2.90991 0.377842
-2.9039 0.37837
-2.8979 0.378912
-2.89189 0.379468
-2.88589 0.380038
-2.87988 0.380622
-2.87387 0.381221
-2.86787 0.381834
-2.86186 0.382461
-2.85586 0.383102
-2.84985 0.383758
-2.84384 0.384428
-2.83784 0.385112
-2.83183 0.385811
-2.82583 0.386525
-2.81982 0.387253
-2.81381 0.387996
-2.80781 0.388754
-2.8018 0.389526
-2.7958 0.390313
-2.78979 0.391115
-2.78378 0.391932
-2.77778 0.392764
-2.77177 0.393611
-2.76577 0.394473
-2.75976 0.39535
-2.75375 0.396243
-2.74775 0.39715
-2.74174 0.398073
-2.73574 0.399012
-2.72973 0.399966
-2.72372 0.400935
-2.71772 0.40192
-2.71171 0.402921
-2.70571 0.403937
-2.6997 0.404969
-2.69369 0.406018
-2.68769 0.407082
-2.68168 0.408162
-2.67568 0.409258
-2.66967 0.41037
-2.66366 0.411499
-2.65766 0.412644
-2.65165 0.413805
-2.64565 0.414983
-2.63964 0.416177
-2.63363 0.417388
-2.62763 0.418616
-2.62162 0.41986
-2.61562 0.421122
-2.60961 0.4224
-2.6036 0.423695
-2.5976 0.425008
-2.59159 0.426338
-2.58559 0.427685
-2.57958 0.429049
-2.57357 0.430431
-2.56757 0.431831
-2.56156 0.433248
-2.55556 0.434683
-2.54955 0.436136
-2.54354 0.437606
-2.53754 0.439095
-2.53153 0.440602
-2.52553 0.442127
-2.51952 0.443671
-2.51351 0.445233
-2.50751 0.446813
-2.5015 0.448413
-2.4955 0.450031
-2.48949 0.451667
-2.48348 0.453323
-2.47748 0.454998
-2.47147 0.456692
-2.46547 0.458405
-2.45946 0.460138
-2.45345 0.46189
-2.44745 0.463661
-2.44144 0.465453
-2.43544 0.467264
-2.42943 0.469095
-2.42342 0.470946
-2.41742 0.472817
-2.41141 0.474709
-2.40541 0.476621
-2.3994 0.478553
-2.39339 0.480506
-2.38739 0.48248
-2.38138 0.484475
-2.37538 0.48649
-2.36937 0.488527
-2.36336 0.490585
-2.35736 0.492664
-2.35135 0.494764
-2.34535 0.496886
-2.33934 0.49903
-2.33333 0.501196
-2.32733 0.503384
-2.32132 0.505593
-2.31532 0.507825
-2.30931 0.510079
-2.3033 0.512356
-2.2973 0.514655
-2.29129 0.516977
-2.28529 0.519322
-2.27928 0.52169
-2.27327 0.52408
-2.26727 0.526494
-2.26126 0.528932
-2.25526 0.531393
-2.24925 0.533877
-2.24324 0.536386
-2.23724 0.538918
-2.23123 0.541474
-2.22523 0.544054
-2.21922 0.546659
-2.21321 0.549288
-2.20721 0.551942
-2.2012 0.55462
-2.1952 0.557323
-2.18919 0.560052
-2.18318 0.562805
-2.17718 0.565584
-2.17117 0.568388
-2.16517 0.571217
-2.15916 0.574072
-2.15315 0.576953
-2.14715 0.57986
-2.14114 0.582794
-2.13514 0.585753
-2.12913 0.588739
-2.12312 0.591751
-2.11712 0.59479
-2.11111 0.597856
-2.10511 0.600948
-2.0991 0.604068
-2.09309 0.607215
-2.08709 0.61039
-2.08108 0.613592
-2.07508 0.616821
-2.06907 0.620079
-2.06306 0.623364
-2.05706 0.626677
-2.05105 0.630019
-2.04505 0.633389
-2.03904 0.636788
-2.03303 0.640215
-2.02703 0.643671
-2.02102 0.647156
-2.01502 0.65067
-2.00901 0.654213
-2.003 0.657786
-1.997 0.661388
-1.99099 0.66502
-1.98498 0.668682
-1.97898 0.672373
-1.97297 0.676095
-1.96697 0.679846
-1.96096 0.683628
-1.95495 0.687441
-1.94895 0.691284
-1.94294 0.695158
-1.93694 0.699063
-1.93093 0.702999
-1.92492 0.706966
-1.91892 0.710964
-1.91291 0.714994
-1.90691 0.719055
-1.9009 0.723148
-1.89489 0.727272
-1.88889 0.731429
-1.88288 0.735617
-1.87688 0.739838
-1.87087 0.744091
-1.86486 0.748377
-1.85886 0.752695
-1.85285 0.757046
-1.84685 0.761429
-1.84084 0.765846
-1.83483 0.770295
-1.82883 0.774778
-1.82282 0.779294
-1.81682 0.783843
-1.81081 0.788426
-1.8048 0.793042
-1.7988 0.797692
-1.79279 0.802376
-1.78679 0.807094
-1.78078 0.811846
-1.77477 0.816632
-1.76877 0.821452
-1.76276 0.826306
-1.75676 0.831195
-1.75075 0.836119
-1.74474 0.841077
-1.73874 0.846069
-1.73273 0.851097
-1.72673 0.856159
-1.72072 0.861256
-1.71471 0.866388
-1.70871 0.871556
-1.7027 0.876758
-1.6967 0.881996
-1.69069 0.887269
-1.68468 0.892577
-1.67868 0.897921
-1.67267 0.9033
-1.66667 0.908715
-1.66066 0.914166
-1.65465 0.919652
-1.64865 0.925174
-1.64264 0.930731
-1.63664 0.936325
-1.63063 0.941954
-1.62462 0.947619
-1.61862 0.953321
-1.61261 0.959058
-1.60661 0.964831
-1.6006 0.97064
-1.59459 0.976485
-1.58859 0.982366
-1.58258 0.988283
-1.57658 0.994236
-1.57057 1.00023
-1.56456 1.00625
-1.55856 1.01231
-1.55255 1.01841
-1.54655 1.02454
-1.54054 1.03071
-1.53453 1.03692
-1.52853 1.04316
-1.52252 1.04944
-1.51652 1.05575
-1.51051 1.0621
-1.5045 1.06849
-1.4985 1.07491
-1.49249 1.08136
-1.48649 1.08786
-1.48048 1.09439
-1.47447 1.10095
-1.46847 1.10755
-1.46246 1.11418
-1.45646 1.12085
-1.45045 1.12756
-1.44444 1.1343
-1.43844 1.14108
-1.43243 1.14789
-1.42643 1.15473
-1.42042 1.16161
-1.41441 1.16853
-1.40841 1.17548
-1.4024 1.18246
-1.3964 1.18948
-1.39039 1.19653
-1.38438 1.20362
-1.37838 1.21074
-1.37237 1.2179
-1.36637 1.22508
-1.36036 1.2323
-1.35435 1.23956
-1.34835 1.24685
-1.34234 1.25417
-1.33634 1.26152
-1.33033 1.26891
-1.32432 1.27632
-1.31832 1.28377
-1.31231 1.29126
-1.30631 1.29877
-1.3003 1.30631
-1.29429 1.31389
-1.28829 1.3215
-1.28228 1.32913
-1.27628 1.3368
-1.27027 1.3445
-1.26426 1.35223
-1.25826 1.35999
-1.25225 1.36777
-1.24625 1.37559
-1.24024 1.38343
-1.23423 1.39131
-1.22823 1.39921
-1.22222 1.40714
-1.21622 1.41509
-1.21021 1.42308
-1.2042 1.43109
-1.1982 1.43913
-1.19219 1.44719
-1.18619 1.45528
-1.18018 1.46339
-1.17417 1.47153
-1.16817 1.4797
-1.16216 1.48789
-1.15616 1.4961
-1.15015 1.50433
-1.14414 1.51259
-1.13814 1.52087
-1.13213 1.52918
-1.12613 1.5375
-1.12012 1.54585
-1.11411 1.55422
-1.10811 1.56261
-1.1021 1.57101
-1.0961 1.57944
-1.09009 1.58789
-1.08408 1.59635
-1.07808 1.60484
-1.07207 1.61334
-1.06607 1.62186
-1.06006 1.63039
-1.05405 1.63894
-1.04805 1.64751
-1.04204 1.65609
-1.03604 1.66468
-1.03003 1.67329
-1.02402 1.68191
-1.01802 1.69055
-1.01201 1.6992
-1.00601 1.70786
-1 1.71653
-0.993994 1.72521
-0.987988 1.7339
-0.981982 1.7426
-0.975976 1.7513
-0.96997 1.76002
-0.963964 1.76874
-0.957958 1.77747
-0.951952 1.78621
-0.945946 1.79495
-0.93994 1.80369
-0.933934 1.81244
-0.927928 1.8212
-0.921922 1.82995
-0.915916 1.83871
-0.90991 1.84747
-0.903904 1.85623
-0.897898 1.86499
-0.891892 1.87375
-0.885886 1.88251
-0.87988 1.89126
-0.873874 1.90001
-0.867868 1.90876
-0.861862 1.91751
-0.855856 1.92624
-0.84985 1.93498
-0.843844 1.9437
-0.837838 1.95242
-0.831832 1.96113
-0.825826 1.96984
-0.81982 1.97853
-0.813814 1.98721
-0.807808 1.99588
-0.801802 2.00454
-0.795796 2.01318
-0.78979 2.02181
-0.783784 2.03043
-0.777778 2.03903
-0.771772 2.04762
-0.765766 2.05618
-0.75976 2.06473
-0.753754 2.07327
-0.747748 2.08178
-0.741742 2.09027
-0.735736 2.09874
-0.72973 2.10719
-0.723724 2.11561
-0.717718 2.12402
-0.711712 2.13239
-0.705706 2.14075
-0.6997 2.14907
-0.693694 2.15737
-0.687688 2.16564
-0.681682 2.17388
-0.675676 2.18209
-0.66967 2.19027
-0.663664 2.19842
-0.657658 2.20654
-0.651652 2.21463
-0.645646 2.22268
-0.63964 2.23069
-0.633634 2.23867
-0.627628 2.24661
-0.621622 2.25452
-0.615616 2.26238
-0.60961 2.27021
-0.603604 2.27799
-0.597598 2.28574
-0.591592 2.29344
-0.585586 2.3011
-0.57958 2.30872
-0.573574 2.31629
-0.567568 2.32382
-0.561562 2.3313
-0.555556 2.33873
-0.54955 2.34611
-0.543544 2.35345
-0.537538 2.36073
-0.531532 2.36797
-0.525526 2.37515
-0.51952 2.38228
-0.513514 2.38936
-0.507508 2.39638
-0.501502 2.40335
-0.495495 2.41026
-0.489489 2.41711
-0.483483 2.42391
-0.477477 2.43065
-0.471471 2.43732
-0.465465 2.44394
-0.459459 2.4505
-0.453453 2.457
-0.447447 2.46343
-0.441441 2.4698
-0.435435 2.4761
-0.429429 2.48234
-0.423423 2.48852
-0.417417 2.49463
-0.411411 2.50067
-0.405405 2.50664
-0.399399 2.51254
-0.393393 2.51837
-0.387387 2.52414
-0.381381 2.52983
-0.375375 2.53545
-0.369369 2.54099
-0.363363 2.54647
-0.357357 2.55187
-0.351351 2.55719
-0.345345 2.56244
-0.339339 2.56761
-0.333333 2.5727
-0.327327 2.57772
-0.321321 2.58266
-0.315315 2.58752
-0.309309 2.5923
-0.303303 2.597
-0.297297 2.60161
-0.291291 2.60615
-0.285285 2.6106
-0.279279 2.61497
-0.273273 2.61926
-0.267267 2.62347
-0.261261 2.62758
-0.255255 2.63162
-0.249249 2.63557
-0.243243 2.63943
-0.237237 2.6432
-0.231231 2.64689
-0.225225 2.65049
-0.219219 2.654
-0.213213 2.65742
-0.207207 2.66075
-0.201201 2.664
-0.195195 2.66715
-0.189189 2.67021
-0.183183 2.67318
-0.177177 2.67606
-0.171171 2.67885
-0.165165 2.68154
-0.159159 2.68414
-0.153153 2.68665
-0.147147 2.68906
-0.141141 2.69139
-0.135135 2.69361
-0.129129 2.69574
-0.123123 2.69778
-0.117117 2.69972
-0.111111 2.70157
-0.105105 2.70332
-0.0990991 2.70498
-0.0930931 2.70654
-0.0870871 2.708
-0.0810811 2.70937
-0.0750751 2.71064
-0.0690691 2.71181
-0.0630631 2.71288
-0.0570571 2.71386
-0.0510511 2.71474
-0.045045 2.71553
-0.039039 2.71621
-0.033033 2.7168
-0.027027 2.71729
-0.021021 2.71768
-0.015015 2.71798
-0.00900901 2.71817
-0.003003 2.71827
0.003003 2.71827
0.00900901 2.71817
0.015015 2.71798
0.021021 2.71768
0.027027 2.71729
0.033033 2.7168
0.039039 2.71621
0.045045 2.71553
0.0510511 2.71474
0.0570571 2.71386
0.0630631 2.71288
0.0690691 2.71181
0.0750751 2.71064
0.0810811 2.70937
0.0870871 2.708
0.0930931 2.70654
0.0990991 2.70498
0.105105 2.70332
0.111111 2.70157
0.117117 2.69972
0.123123 2.69778
0.129129 2.69574
0.135135 2.69361
0.141141 2.69139
0.147147 2.68906
0.153153 2.68665
0.159159 2.68414
0.165165 2.68154
0.171171 2.67885
0.177177 2.67606
0.183183 2.67318
0.189189 2.67021
0.195195 2.66715
0.201201 2.664
0.207207 2.66075
0.213213 2.65742
0.219219 2.654
0.225225 2.65049
0.231231 2.64689
0.237237 2.6432
0.243243 2.63943
0.249249 2.63557
0.255255 2.63162
0.261261 2.62758
0.267267 2.62347
0.273273 2.61926
0.279279 2.61497
0.285285 2.6106
0.291291 2.60615
0.297297 2.60161
0.303303 2.597
0.309309 2.5923
0.315315 2.58752
0.321321 2.58266
0.327327 2.57772
0.333333 2.5727
0.339339 2.56761
0.345345 2.56244
0.351351 2.55719
0.357357 2.55187
0.363363 2.54647
0.369369 2.54099
0.375375 2.53545
0.381381 2.52983
0.387387 2.52414
0.393393 2.51837
0.399399 2.51254
0.405405 2.50664
0.411411 2.50067
0.417417 2.49463
0.423423 2.48852
0.429429 2.48234
0.435435 2.4761
0.441441 2.4698
0.447447 2.46343
0.453453 2.457
0.459459 2.4505
0.465465 2.44394
0.471471 2.43732
0.477477 2.43065
0.483483 2.42391
0.489489 2.41711
0.495495 2.41026
0.501502 2.40335
0.507508 2.39638
0.513514 2.38936
0.51952 2.38228
0.525526 2.37515
0.531532 2.36797
0.537538 2.36073
0.543544 2.35345
0.54955 2.34611
0.555556 2.33873
0.561562 2.3313
0.567568 2.32382
0.573574 2.31629
0.57958 2.30872
0.585586 2.3011
0.591592 2.29344
0.597598 2.28574
0.603604 2.27799
0.60961 2.27021
0.615616 2.26238
0.621622 2.25452
0.627628 2.24661
0.633634 2.23867
0.63964 2.23069
0.645646 2.22268
0.651652 2.21463
0.657658 2.20654
0.663664 2.19842
0.66967 2.19027
0.675676 2.18209
0.681682 2.17388
0.687688 2.16564
0.693694 2.15737
0.6997 2.14907
0.705706 2.14075
0.711712 2.13239
0.717718 2.12402
0.723724 2.11561
0.72973 2.10719
0.735736 2.09874
0.741742 2.09027
0.747748 2.08178
0.753754 2.07327
0.75976 2.06473
0.765766 2.05618
0.771772 2.04762
0.777778 2.03903
0.783784 2.03043
0.78979 2.02181
0.795796 2.01318
0.801802 2.00454
0.807808 1.99588
0.813814 1.98721
0.81982 1.97853
0.825826 1.96984
0.831832 1.96113
0.837838 1.95242
0.843844 1.9437
0.84985 1.93498
0.855856 1.92624
0.861862 1.91751
0.867868 1.90876
0.873874 1.90001
0.87988 1.89126
0.885886 1.88251
0.891892 1.87375
0.897898 1.86499
0.903904 1.85623
0.90991 1.84747
0.915916 1.83871
0.921922 1.82995
0.927928 1.8212
0.933934 1.81244
0.93994 1.80369
0.945946 1.79495
0.951952 1.78621
0.957958 1.77747
0.963964 1.76874
0.96997 1.76002
0.975976 1.7513
0.981982 1.7426
0.987988 1.7339
0.993994 1.72521
1 1.71653
1.00601 1.70786
1.01201 1.6992
1.01802 1.69055
1.02402 1.68191
1.03003 1.67329
1.03604 1.66468
1.04204 1.65609
1.04805 1.64751
1.05405 1.63894
1.06006 1.63039
1.06607 1.62186
1.07207 1.61334
1.07808 1.60484
1.08408 1.59635
1.09009 1.58789
1.0961 1.57944
1.1021 1.57101
1.10811 1.56261
1.11411 1.55422
1.12012 1.54585
1.12613 1.5375
1.13213 1.52918
1.13814 1.52087
1.14414 1.51259
1.15015 1.50433
1.15616 1.4961
1.16216 1.48789
1.16817 1.4797
1.17417 1.47153
1.18018 1.46339
1.18619 1.45528
1.19219 1.44719
1.1982 1.43913
1.2042 1.43109
1.21021 1.42308
1.21622 1.41509
1.22222 1.40714
1.22823 1.39921
1.23423 1.39131
1.24024 1.38343
1.24625 1.37559
1.25225 1.36777
1.25826 1.35999
1.26426 1.35223
1.27027 1.3445
1.27628 1.3368
1.28228 1.32913
1.28829 1.3215
1.29429 1.31389
1.3003 1.30631
1.30631 1.29877
1.31231 1.29126
1.31832 1.28377
1.32432 1.27632
1.33033 1.26891
1.33634 1.26152
1.34234 1.25417
1.34835 1.24685
1.35435 1.23956
1.36036 1.2323
1.36637 1.22508
1.37237 1.2179
1.37838 1.21074
1.38438 1.20362
1.39039 1.19653
1.3964 1.18948
1.4024 1.18246
1.40841 1.17548
1.41441 1.16853
1.42042 1.16161
1.42643 1.15473
1.43243 1.14789
1.43844 1.14108
1.44444 1.1343
1.45045 1.12756
1.45646 1.12085
1.46246 1.11418
1.46847 1.10755
1.47447 1.10095
1.48048 1.09439
1.48649 1.08786
1.49249 1.08136
1.4985 1.07491
1.5045 1.06849
1.51051 1.0621
1.51652 1.05575
1.52252 1.04944
1.52853 1.04316
1.53453 1.03692
1.54054 1.03071
1.54655 1.02454
1.55255 1.01841
1.55856 1.01231
1.56456 1.00625
1.57057 1.00023
1.57658 0.994236
1.58258 0.988283
1.58859 0.982366
1.59459 0.976485
1.6006 0.97064
1.60661 0.964831
1.61261 0.959058
1.61862 0.953321
1.62462 0.947619
1.63063 0.941954
1.63664 0.936325
1.64264 0.930731
1.64865 0.925174
1.65465 0.919652
1.66066 0.914166
1.66667 0.908715
1.67267 0.9033
1.67868 0.897921
1.68468 0.892577
1.69069 0.887269
1.6967 0.881996
1.7027 0.876758
1.70871 0.871556
1.71471 0.866388
1.72072 0.861256
1.72673 0.856159
1.73273 0.851097
1.73874 0.846069
1.74474 0.841077
1.75075 0.836119
1.75676 0.831195
1.76276 0.826306
1.76877 0.821452
1.77477 0.816632
1.78078 0.811846
1.78679 0.807094
1.79279 0.802376
1.7988 0.797692
1.8048 0.793042
1.81081 0.788426
1.81682 0.783843
1.82282 0.779294
1.82883 0.774778
1.83483 0.770295
1.84084 0.765846
1.84685 0.761429
1.85285 0.757046
1.85886 0.752695
1.86486 0.748377
1.87087 0.744091
1.87688 0.739838
1.88288 0.735617
1.88889 0.731429
1.89489 0.727272
1.9009 0.723148
1.90691 0.719055
1.91291 0.714994
1.91892 0.710964
1.92492 0.706966
1.93093 0.702999
1.93694 0.699063
1.94294 0.695158
1.94895 0.691284
1.95495 0.687441
1.96096 0.683628
1.96697 0.679846
1.97297 0.676095
1.97898 0.672373
1.98498 0.668682
1.99099 0.66502
1.997 0.661388
2.003 0.657786
2.00901 0.654213
2.01502 0.65067
2.02102 0.647156
2.02703 0.643671
2.03303 0.640215
2.03904 0.636788
2.04505 0.633389
2.05105 0.630019
2.05706 0.626677
2.06306 0.623364
2.06907 0.620079
2.07508 0.616821
2.08108 0.613592
2.08709 0.61039
2.09309 0.607215
2.0991 0.604068
2.10511 0.600948
2.11111 0.597856
2.11712 0.59479
2.12312 0.591751
2.12913 0.588739
2.13514 0.585753
2.14114 0.582794
2.14715 0.57986
2.15315 0.576953
2.15916 0.574072
2.16517 0.571217
2.17117 0.568388
2.17718 0.565584
2.18318 0.562805
2.18919 0.560052
2.1952 0.557323
2.2012 0.55462
2.20721 0.551942
2.21321 0.549288
2.21922 0.546659
2.22523 0.544054
2.23123 0.541474
2.23724 0.538918
2.24324 0.536386
2.24925 0.533877
2.25526 0.531393
2.26126 0.528932
2.26727 0.526494
2.27327 0.52408
2.27928 0.52169
2.28529 0.519322
2.29129 0.516977
2.2973 0.514655
2.3033 0.512356
2.30931 0.510079
2.31532 0.507825
2.32132 0.505593
2.32733 0.503384
2.33333 0.501196
2.33934 0.49903
2.34535 0.496886
2.35135 0.494764
2.35736 0.492664
2.36336 0.490585
2.36937 0.488527
2.37538 0.48649
2.38138 0.484475
2.38739 0.48248
2.39339 0.480506
2.3994 0.478553
2.40541 0.476621
2.41141 0.474709
2.41742 0.472817
2.42342 0.470946
2.42943 0.469095
2.43544 0.467264
2.44144 0.465453
2.44745 0.463661
2.45345 0.46189
2.45946 0.460138
2.46547 0.458405
2.47147 0.456692
2.47748 0.454998
2.48348 0.453323
2.48949 0.451667
2.4955 0.450031
2.5015 0.448413
2.50751 0.446813
2.51351 0.445233
2.51952 0.443671
2.52553 0.442127
2.53153 0.440602
2.53754 0.439095
2.54354 0.437606
2.54955 0.436136
2.55556 0.434683
2.56156 0.433248
2.56757 0.431831
2.57357 0.430431
2.57958 0.429049
2.58559 0.427685
2.59159 0.426338
2.5976 0.425008
2.6036 0.423695
2.60961 0.4224
2.61562 0.421122
2.62162 0.41986
2.62763 0.418616
2.63363 0.417388
2.63964 0.416177
2.64565 0.414983
2.65165 0.413805
2.65766 0.412644
2.66366 0.411499
2.66967 0.41037
2.67568 0.409258
2.68168 0.408162
2.68769 0.407082
2.69369 0.406018
2.6997 0.404969
2.70571 0.403937
2.71171 0.402921
2.71772 0.40192
2.72372 0.400935
2.72973 0.399966
2.73574 0.399012
2.74174 0.398073
2.74775 0.39715
2.75375 0.396243
2.75976 0.39535
2.76577 0.394473
2.77177 0.393611
2.77778 0.392764
2.78378 0.391932
2.78979 0.391115
2.7958 0.390313
2.8018 0.389526
2.80781 0.388754
2.81381 0.387996
2.81982 0.387253
2.82583 0.386525
2.83183 0.385811
2.83784 0.385112
2.84384 0.384428
2.84985 0.383758
2.85586 0.383102
2.86186 0.382461
2.86787 0.381834
2.87387 0.381221
2.87988 0.380622
2.88589 0.380038
2.89189 0.379468
2.8979 0.378912
2.9039 0.37837
2.90991 0.377842
2.91592 0.377328
2.92192 0.376828
2.92793 0.376342
2.93393 0.37587
2.93994 0.375411
2.94595 0.374967
2.95195 0.374536
2.95796 0.374119
2.96396 0.373715
2.96997 0.373326
2.97598 0.372949
2.98198 0.372587
2.98799 0.372238
2.99399 0.371902
3 0.371579
