-3 0.371034
-2.99399 0.371583
-2.98799 0.372113
-2.98198 0.372626
-2.97598 0.373124
-2.96997 0.373611
-2.96396 0.374089
-2.95796 0.37456
-2.95195 0.375027
-2.94595 0.37549
-2.93994 0.375953
-2.93393 0.376417
-2.92793 0.376883
-2.92192 0.377354
-2.91592 0.377829
-2.90991 0.378312
-2.9039 0.378802
-2.8979 0.379301
-2.89189 0.379811
-2.88589 0.380331
-2.87988 0.380863
-2.87387 0.381408
-2.86787 0.381967
-2.86186 0.382539
-2.85586 0.383126
-2.84985 0.383728
-2.84384 0.384346
-2.83784 0.38498
-2.83183 0.38563
-2.82583 0.386297
-2.81982 0.386982
-2.81381 0.387683
-2.80781 0.388403
-2.8018 0.38914
-2.7958 0.389895
-2.78979 0.390668
-2.78378 0.39146
-2.77778 0.39227
-2.77177 0.393098
-2.76577 0.393945
-2.75976 0.39481
-2.75375 0.395694
-2.74775 0.396596
-2.74174 0.397517
-2.73574 0.398456
-2.72973 0.399414
-2.72372 0.40039
-2.71772 0.401384
-2.71171 0.402396
-2.70571 0.403427
-2.6997 0.404476
-2.69369 0.405543
-2.68769 0.406628
-2.68168 0.407731
-2.67568 0.408851
-2.66967 0.40999
-2.66366 0.411146
-2.65766 0.41232
-2.65165 0.413511
-2.64565 0.41472
-2.63964 0.415946
-2.63363 0.417189
-2.62763 0.41845
-2.62162 0.419728
-2.61562 0.421023
-2.60961 0.422335
-2.6036 0.423664
-2.5976 0.42501
-2.59159 0.426374
-2.58559 0.427754
-2.57958 0.429151
-2.57357 0.430565
-2.56757 0.431996
-2.56156 0.433444
-2.55556 0.434909
-2.54955 0.436391
-2.54354 0.43789
-2.53754 0.439406
-2.53153 0.440939
-2.52553 0.442489
-2.51952 0.444056
-2.51351 0.44564
-2.50751 0.447241
-2.5015 0.44886
-2.4955 0.450496
-2.48949 0.452149
-2.48348 0.45382
-2.47748 0.455508
-2.47147 0.457214
-2.46547 0.458938
-2.45946 0.46068
-2.45345 0.462439
-2.44745 0.464217
-2.44144 0.466012
-2.43544 0.467826
-2.42943 0.469659
-2.42342 0.47151
-2.41742 0.47338
-2.41141 0.475268
-2.40541 0.477176
-2.3994 0.479102
-2.39339 0.481048
-2.38739 0.483014
-2.38138 0.484998
-2.37538 0.487003
-2.36937 0.489027
-2.36336 0.491072
-2.35736 0.493137
-2.35135 0.495222
-2.34535 0.497327
-2.33934 0.499454
-2.33333 0.501601
-2.32733 0.50377
-2.32132 0.505959
-2.31532 0.50817
-2.30931 0.510403
-2.3033 0.512658
-2.2973 0.514934
-2.29129 0.517233
-2.28529 0.519554
-2.27928 0.521898
-2.27327 0.524264
-2.26727 0.526654
-2.26126 0.529066
-2.25526 0.531502
-2.24925 0.533961
-2.24324 0.536444
-2.23724 0.538951
-2.23123 0.541482
-2.22523 0.544037
-2.21922 0.546616
-2.21321 0.54922
-2.20721 0.551849
-2.2012 0.554503
-2.1952 0.557182
-2.18919 0.559886
-2.18318 0.562616
-2.17718 0.565372
-2.17117 0.568153
-2.16517 0.570961
-2.15916 0.573795
-2.15315 0.576655
-2.14715 0.579542
-2.14114 0.582455
-2.13514 0.585396
-2.12913 0.588364
-2.12312 0.591358
-2.11712 0.594381
-2.11111 0.597431
-2.10511 0.600508
-2.0991 0.603614
-2.09309 0.606748
-2.08709 0.60991
-2.08108 0.6131
-2.07508 0.616319
-2.06907 0.619567
-2.06306 0.622843
-2.05706 0.626149
-2.05105 0.629483
-2.04505 0.632847
-2.03904 0.636241
-2.03303 0.639664
-2.02703 0.643117
-2.02102 0.646599
-2.01502 0.650112
-2.00901 0.653655
-2.003 0.657228
-1.997 0.660832
-1.99099 0.664466
-1.98498 0.66813
-1.97898 0.671826
-1.97297 0.675552
-1.96697 0.67931
-1.96096 0.683099
-1.95495 0.686919
-1.94895 0.69077
-1.94294 0.694653
-1.93694 0.698568
-1.93093 0.702514
-1.92492 0.706492
-1.91892 0.710502
-1.91291 0.714544
-1.90691 0.718619
-1.9009 0.722725
-1.89489 0.726865
-1.88889 0.731036
-1.88288 0.73524
-1.87688 0.739477
-1.87087 0.743747
-1.86486 0.748049
-1.85886 0.752385
-1.85285 0.756753
-1.84685 0.761155
-1.84084 0.76559
-1.83483 0.770058
-1.82883 0.77456
-1.82282 0.779096
-1.81682 0.783664
-1.81081 0.788267
-1.8048 0.792903
-1.7988 0.797573
-1.79279 0.802277
-1.78679 0.807015
-1.78078 0.811787
-1.77477 0.816593
-1.76877 0.821434
-1.76276 0.826308
-1.75676 0.831217
-1.75075 0.836161
-1.74474 0.841139
-1.73874 0.846151
-1.73273 0.851198
-1.72673 0.856279
-1.72072 0.861396
-1.71471 0.866547
-1.70871 0.871732
-1.7027 0.876953
-1.6967 0.882209
-1.69069 0.887499
-1.68468 0.892825
-1.67868 0.898185
-1.67267 0.903581
-1.66667 0.909012
-1.66066 0.914478
-1.65465 0.919979
-1.64865 0.925515
-1.64264 0.931087
-1.63664 0.936694
-1.63063 0.942336
-1.62462 0.948013
-1.61862 0.953726
-1.61261 0.959474
-1.60661 0.965258
-1.6006 0.971077
-1.59459 0.976932
-1.58859 0.982822
-1.58258 0.988747
-1.57658 0.994708
-1.57057 1.0007
-1.56456 1.00674
-1.55856 1.0128
-1.55255 1.01891
-1.54655 1.02504
-1.54054 1.03122
-1.53453 1.03743
-1.52853 1.04367
-1.52252 1.04995
-1.51652 1.05626
-1.51051 1.06261
-1.5045 1.069
-1.4985 1.07542
-1.49249 1.08188
-1.48649 1.08837
-1.48048 1.09489
-1.47447 1.10145
-1.46847 1.10805
-1.46246 1.11468
-1.45646 1.12134
-1.45045 1.12804
-1.44444 1.13478
-1.43844 1.14155
-1.43243 1.14835
-1.42643 1.15519
-1.42042 1.16206
-1.41441 1.16897
-1.40841 1.17591
-1.4024 1.18288
-1.3964 1.18989
-1.39039 1.19693
-1.38438 1.20401
-1.37838 1.21112
-1.37237 1.21826
-1.36637 1.22544
-1.36036 1.23265
-1.35435 1.23989
-1.34835 1.24716
-1.34234 1.25447
-1.33634 1.26181
-1.33033 1.26918
-1.32432 1.27659
-1.31832 1.28402
-1.31231 1.29149
-1.30631 1.29899
-1.3003 1.30652
-1.29429 1.31408
-1.28829 1.32167
-1.28228 1.32929
-1.27628 1.33695
-1.27027 1.34463
-1.26426 1.35234
-1.25826 1.36008
-1.25225 1.36786
-1.24625 1.37566
-1.24024 1.38349
-1.23423 1.39134
-1.22823 1.39923
-1.22222 1.40714
-1.21622 1.41508
-1.21021 1.42305
-1.2042 1.43105
-1.1982 1.43907
-1.19219 1.44712
-1.18619 1.4552
-1.18018 1.4633
-1.17417 1.47142
-1.16817 1.47957
-1.16216 1.48775
-1.15616 1.49595
-1.15015 1.50417
-1.14414 1.51241
-1.13814 1.52068
-1.13213 1.52898
-1.12613 1.53729
-1.12012 1.54562
-1.11411 1.55398
-1.10811 1.56236
-1.1021 1.57076
-1.0961 1.57917
-1.09009 1.58761
-1.08408 1.59607
-1.07808 1.60454
-1.07207 1.61303
-1.06607 1.62154
-1.06006 1.63007
-1.05405 1.63861
-1.04805 1.64717
-1.04204 1.65575
-1.03604 1.66434
-1.03003 1.67294
-1.02402 1.68156
-1.01802 1.69019
-1.01201 1.69883
-1.00601 1.70748
-1 1.71615
-0.993994 1.72483
-0.987988 1.73352
-0.981982 1.74221
-0.975976 1.75092
-0.96997 1.75963
-0.963964 1.76835
-0.957958 1.77708
-0.951952 1.78582
-0.945946 1.79456
-0.93994 1.80331
-0.933934 1.81206
-0.927928 1.82081
-0.921922 1.82957
-0.915916 1.83833
-0.90991 1.84709
-0.903904 1.85586
-0.897898 1.86462
-0.891892 1.87338
-0.885886 1.88214
-0.87988 1.8909
-0.873874 1.89966
-0.867868 1.90841
-0.861862 1.91716
-0.855856 1.92591
-0.84985 1.93465
-0.843844 1.94338
-0.837838 1.95211
-0.831832 1.96082
-0.825826 1.96953
-0.81982 1.97823
-0.813814 1.98692
-0.807808 1.9956
-0.801802 2.00427
-0.795796 2.01292
-0.78979 2.02156
-0.783784 2.03018
-0.777778 2.03879
-0.771772 2.04739
-0.765766 2.05596
-0.75976 2.06452
-0.753754 2.07306
-0.747748 2.08159
-0.741742 2.09009
-0.735736 2.09857
-0.72973 2.10702
-0.723724 2.11546
-0.717718 2.12387
-0.711712 2.13226
-0.705706 2.14062
-0.6997 2.14895
-0.693694 2.15726
-0.687688 2.16554
-0.681682 2.17379
-0.675676 2.18201
-0.66967 2.19021
-0.663664 2.19836
-0.657658 2.20649
-0.651652 2.21458
-0.645646 2.22264
-0.63964 2.23067
-0.633634 2.23865
-0.627628 2.24661
-0.621622 2.25452
-0.615616 2.26239
-0.60961 2.27023
-0.603604 2.27802
-0.597598 2.28578
-0.591592 2.29349
-0.585586 2.30115
-0.57958 2.30878
-0.573574 2.31636
-0.567568 2.32389
-0.561562 2.33138
-0.555556 2.33881
-0.54955 2.3462
-0.543544 2.35355
-0.537538 2.36084
-0.531532 2.36808
-0.525526 2.37526
-0.51952 2.3824
-0.513514 2.38948
-0.507508 2.39651
-0.501502 2.40348
-0.495495 2.41039
-0.489489 2.41725
-0.483483 2.42405
-0.477477 2.43079
-0.471471 2.43748
-0.465465 2.4441
-0.459459 2.45066
-0.453453 2.45715
-0.447447 2.46359
-0.441441 2.46996
-0.435435 2.47627
-0.429429 2.48251
-0.423423 2.48868
-0.417417 2.49479
-0.411411 2.50083
-0.405405 2.50681
-0.399399 2.51271
-0.393393 2.51854
-0.387387 2.5243
-0.381381 2.52999
-0.375375 2.53561
-0.369369 2.54116
-0.363363 2.54663
-0.357357 2.55203
-0.351351 2.55735
-0.345345 2.56259
-0.339339 2.56776
-0.333333 2.57286
-0.327327 2.57787
-0.321321 2.58281
-0.315315 2.58766
-0.309309 2.59244
-0.303303 2.59714
-0.297297 2.60175
-0.291291 2.60628
-0.285285 2.61074
-0.279279 2.6151
-0.273273 2.61939
-0.267267 2.62359
-0.261261 2.6277
-0.255255 2.63173
-0.249249 2.63568
-0.243243 2.63953
-0.237237 2.64331
-0.231231 2.64699
-0.225225 2.65058
-0.219219 2.65409
-0.213213 2.65751
-0.207207 2.66084
-0.201201 2.66408
-0.195195 2.66722
-0.189189 2.67028
-0.183183 2.67325
-0.177177 2.67612
-0.171171 2.67891
-0.165165 2.6816
-0.159159 2.6842
-0.153153 2.6867
-0.147147 2.68911
-0.141141 2.69143
-0.135135 2.69365
-0.129129 2.69578
-0.123123 2.69782
-0.117117 2.69975
-0.111111 2.7016
-0.105105 2.70335
-0.0990991 2.705
-0.0930931 2.70656
-0.0870871 2.70802
-0.0810811 2.70938
-0.0750751 2.71065
-0.0690691 2.71182
-0.0630631 2.71289
-0.0570571 2.71387
-0.0510511 2.71475
-0.045045 2.71553
-0.039039 2.71622
-0.033033 2.7168
-0.027027 2.71729
-0.021021 2.71768
-0.015015 2.71798
-0.00900901 2.71817
-0.003003 2.71827
0.003003 2.71827
0.00900901 2.71817
0.015015 2.71798
0.021021 2.71768
0.027027 2.71729
0.033033 2.7168
0.039039 2.71622
0.045045 2.71553
0.0510511 2.71475
0.0570571 2.71387
0.0630631 2.71289
0.0690691 2.71182
0.0750751 2.71065
0.0810811 2.70938
0.0870871 2.70802
0.0930931 2.70656
0.0990991 2.705
0.105105 2.70335
0.111111 2.7016
0.117117 2.69975
0.123123 2.69782
0.129129 2.69578
0.135135 2.69365
0.141141 2.69143
0.147147 2.68911
0.153153 2.6867
0.159159 2.6842
0.165165 2.6816
0.171171 2.67891
0.177177 2.67612
0.183183 2.67325
0.189189 2.67028
0.195195 2.66722
0.201201 2.66408
0.207207 2.66084
0.213213 2.65751
0.219219 2.65409
0.225225 2.65058
0.231231 2.64699
0.237237 2.64331
0.243243 2.63953
0.249249 2.63568
0.255255 2.63173
0.261261 2.6277
0.267267 2.62359
0.273273 2.61939
0.279279 2.6151
0.285285 2.61074
0.291291 2.60628
0.297297 2.60175
0.303303 2.59714
0.309309 2.59244
0.315315 2.58766
0.321321 2.58281
0.327327 2.57787
0.333333 2.57286
0.339339 2.56776
0.345345 2.56259
0.351351 2.55735
0.357357 2.55203
0.363363 2.54663
0.369369 2.54116
0.375375 2.53561
0.381381 2.52999
0.387387 2.5243
0.393393 2.51854
0.399399 2.51271
0.405405 2.50681
0.411411 2.50083
0.417417 2.49479
0.423423 2.48868
0.429429 2.48251
0.435435 2.47627
0.441441 2.46996
0.447447 2.46359
0.453453 2.45715
0.459459 2.45066
0.465465 2.4441
0.471471 2.43748
0.477477 2.43079
0.483483 2.42405
0.489489 2.41725
0.495495 2.41039
0.501502 2.40348
0.507508 2.39651
0.513514 2.38948
0.51952 2.3824
0.525526 2.37526
0.531532 2.36808
0.537538 2.36084
0.543544 2.35355
0.54955 2.3462
0.555556 2.33881
0.561562 2.33138
0.567568 2.32389
0.573574 2.31636
0.57958 2.30878
0.585586 2.30115
0.591592 2.29349
0.597598 2.28578
0.603604 2.27802
0.60961 2.27023
0.615616 2.26239
0.621622 2.25452
0.627628 2.24661
0.633634 2.23865
0.63964 2.23067
0.645646 2.22264
0.651652 2.21458
0.657658 2.20649
0.663664 2.19836
0.66967 2.19021
0.675676 2.18201
0.681682 2.17379
0.687688 2.16554
0.693694 2.15726
0.6997 2.14895
0.705706 2.14062
0.711712 2.13226
0.717718 2.12387
0.723724 2.11546
0.72973 2.10702
0.735736 2.09857
0.741742 2.09009
0.747748 2.08159
0.753754 2.07306
0.75976 2.06452
0.765766 2.05596
0.771772 2.04739
0.777778 2.03879
0.783784 2.03018
0.78979 2.02156
0.795796 2.01292
0.801802 2.00427
0.807808 1.9956
0.813814 1.98692
0.81982 1.97823
0.825826 1.96953
0.831832 1.96082
0.837838 1.95211
0.843844 1.94338
0.84985 1.93465
0.855856 1.92591
0.861862 1.91716
0.867868 1.90841
0.873874 1.89966
0.87988 1.8909
0.885886 1.88214
0.891892 1.87338
0.897898 1.86462
0.903904 1.85586
0.90991 1.84709
0.915916 1.83833
0.921922 1.82957
0.927928 1.82081
0.933934 1.81206
0.93994 1.80331
0.945946 1.79456
0.951952 1.78582
0.957958 1.77708
0.963964 1.76835
0.96997 1.75963
0.975976 1.75092
0.981982 1.74221
0.987988 1.73352
0.993994 1.72483
1 1.71615
1.00601 1.70748
1.01201 1.69883
1.01802 1.69019
1.02402 1.68156
1.03003 1.67294
1.03604 1.66434
1.04204 1.65575
1.04805 1.64717
1.05405 1.63861
1.06006 1.63007
1.06607 1.62154
1.07207 1.61303
1.07808 1.60454
1.08408 1.59607
1.09009 1.58761
1.0961 1.57917
1.1021 1.57076
1.10811 1.56236
1.11411 1.55398
1.12012 1.54562
1.12613 1.53729
1.13213 1.52898
1.13814 1.52068
1.14414 1.51241
1.15015 1.50417
1.15616 1.49595
1.16216 1.48775
1.16817 1.47957
1.17417 1.47142
1.18018 1.4633
1.18619 1.4552
1.19219 1.44712
1.1982 1.43907
1.2042 1.43105
1.21021 1.42305
1.21622 1.41508
1.22222 1.40714
1.22823 1.39923
1.23423 1.39134
1.24024 1.38349
1.24625 1.37566
1.25225 1.36786
1.25826 1.36008
1.26426 1.35234
1.27027 1.34463
1.27628 1.33695
1.28228 1.32929
1.28829 1.32167
1.29429 1.31408
1.3003 1.30652
1.30631 1.29899
1.31231 1.29149
1.31832 1.28402
1.32432 1.27659
1.33033 1.26918
1.33634 1.26181
1.34234 1.25447
1.34835 1.24716
1.35435 1.23989
1.36036 1.23265
1.36637 1.22544
1.37237 1.21826
1.37838 1.21112
1.38438 1.20401
1.39039 1.19693
1.3964 1.18989
1.4024 1.18288
1.40841 1.17591
1.41441 1.16897
1.42042 1.16206
1.42643 1.15519
1.43243 1.14835
1.43844 1.14155
1.44444 1.13478
1.45045 1.12804
1.45646 1.12134
1.46246 1.11468
1.46847 1.10805
1.47447 1.10145
1.48048 1.09489
1.48649 1.08837
1.49249 1.08188
1.4985 1.07542
1.5045 1.069
1.51051 1.06261
1.51652 1.05626
1.52252 1.04995
1.52853 1.04367
1.53453 1.03743
1.54054 1.03122
1.54655 1.02504
1.55255 1.01891
1.55856 1.0128
1.56456 1.00674
1.57057 1.0007
1.57658 0.994708
1.58258 0.988747
1.58859 0.982822
1.59459 0.976932
1.6006 0.971077
1.60661 0.965258
1.61261 0.959474
1.61862 0.953726
1.62462 0.948013
1.63063 0.942336
1.63664 0.936694
1.64264 0.931087
1.64865 0.925515
1.65465 0.919979
1.66066 0.914478
1.66667 0.909012
1.67267 0.903581
1.67868 0.898185
1.68468 0.892825
1.69069 0.887499
1.6967 0.882209
1.7027 0.876953
1.70871 0.871732
1.71471 0.866547
1.72072 0.861396
1.72673 0.856279
1.73273 0.851198
1.73874 0.846151
1.74474 0.841139
1.75075 0.836161
1.75676 0.831217
1.76276 0.826308
1.76877 0.821434
1.77477 0.816593
1.78078 0.811787
1.78679 0.807015
1.79279 0.802277
1.7988 0.797573
1.8048 0.792903
1.81081 0.788267
1.81682 0.783664
1.82282 0.779096
1.82883 0.77456
1.83483 0.770058
1.84084 0.76559
1.84685 0.761155
1.85285 0.756753
1.85886 0.752385
1.86486 0.748049
1.87087 0.743747
1.87688 0.739477
1.88288 0.73524
1.88889 0.731036
1.89489 0.726865
1.9009 0.722725
1.90691 0.718619
1.91291 0.714544
1.91892 0.710502
1.92492 0.706492
1.93093 0.702514
1.93694 0.698568
1.94294 0.694653
1.94895 0.69077
1.95495 0.686919
1.96096 0.683099
1.96697 0.67931
1.97297 0.675552
1.97898 0.671826
1.98498 0.66813
1.99099 0.664466
1.997 0.660832
2.003 0.657228
2.00901 0.653655
2.01502 0.650112
2.02102 0.646599
2.02703 0.643117
2.03303 0.639664
2.03904 0.636241
2.04505 0.632847
2.05105 0.629483
2.05706 0.626149
2.06306 0.622843
2.06907 0.619567
2.07508 0.616319
2.08108 0.6131
2.08709 0.60991
2.09309 0.606748
2.0991 0.603614
2.10511 0.600508
2.11111 0.597431
2.11712 0.594381
2.12312 0.591358
2.12913 0.588364
2.13514 0.585396
2.14114 0.582455
2.14715 0.579542
2.15315 0.576655
2.15916 0.573795
2.16517 0.570961
2.17117 0.568153
2.17718 0.565372
2.18318 0.562616
2.18919 0.559886
2.1952 0.557182
2.2012 0.554503
2.20721 0.551849
2.21321 0.54922
2.21922 0.546616
2.22523 0.544037
2.23123 0.541482
2.23724 0.538951
2.24324 0.536444
2.24925 0.533961
2.25526 0.531502
2.26126 0.529066
2.26727 0.526654
2.27327 0.524264
2.27928 0.521898
2.28529 0.519554
2.29129 0.517233
2.2973 0.514934
2.3033 0.512658
2.30931 0.510403
2.31532 0.50817
2.32132 0.505959
2.32733 0.50377
2.33333 0.501601
2.33934 0.499454
2.34535 0.497327
2.35135 0.495222
2.35736 0.493137
2.36336 0.491072
2.36937 0.489027
2.37538 0.487003
2.38138 0.484998
2.38739 0.483014
2.39339 0.481048
2.3994 0.479102
2.40541 0.477176
2.41141 0.475268
2.41742 0.47338
2.42342 0.47151
2.42943 0.469659
2.43544 0.467826
2.44144 0.466012
2.44745 0.464217
2.45345 0.462439
2.45946 0.46068
2.46547 0.458938
2.47147 0.457214
2.47748 0.455508
2.48348 0.45382
2.48949 0.452149
2.4955 0.450496
2.5015 0.44886
2.50751 0.447241
2.51351 0.44564
2.51952 0.444056
2.52553 0.442489
2.53153 0.440939
2.53754 0.439406
2.54354 0.43789
2.54955 0.436391
2.55556 0.434909
2.56156 0.433444
2.56757 0.431996
2.57357 0.430565
2.57958 0.429151
2.58559 0.427754
2.59159 0.426374
2.5976 0.42501
2.6036 0.423664
2.60961 0.422335
2.61562 0.421023
2.62162 0.419728
2.62763 0.41845
2.63363 0.417189
2.63964 0.415946
2.64565 0.41472
2.65165 0.413511
2.65766 0.41232
2.66366 0.411146
2.66967 0.40999
2.67568 0.408851
2.68168 0.407731
2.68769 0.406628
2.69369 0.405543
2.6997 0.404476
2.70571 0.403427
2.71171 0.402396
2.71772 0.401384
2.72372 0.40039
2.72973 0.399414
2.73574 0.398456
2.74174 0.397517
2.74775 0.396596
2.75375 0.395694
2.75976 0.39481
2.76577 0.393945
2.77177 0.393098
2.77778 0.39227
2.78378 0.39146
2.78979 0.390668
2.7958 0.389895
2.8018 0.38914
2.80781 0.388403
2.81381 0.387683
2.81982 0.386982
2.82583 0.386297
2.83183 0.38563
2.83784 0.38498
2.84384 0.384346
2.84985 0.383728
2.85586 0.383126
2.86186 0.382539
2.86787 0.381967
2.87387 0.381408
2.87988 0.380863
2.88589 0.380331
2.89189 0.379811
2.8979 0.379301
2.9039 0.378802
2.90991 0.378312
2.91592 0.377829
2.92192 0.377354
2.92793 0.376883
2.93393 0.376417
2.93994 0.375953
2.94595 0.37549
2.95195 0.375027
2.95796 0.37456
2.96396 0.374089
2.96997 0.373611
2.97598 0.373124
2.98198 0.372626
2.98799 0.372113
2.99399 0.371583
3 0.371034
