-3 0.373192
-2.99399 0.373221
-2.98799 0.3733
-2.98198 0.373427
-2.97598 0.373599
-2.96997 0.373814
-2.96396 0.374069
-2.95796 0.374363
-2.95195 0.374694
-2.94595 0.375058
-2.93994 0.375456
-2.93393 0.375885
-2.92793 0.376343
-2.92192 0.376828
-2.91592 0.377341
-2.90991 0.377878
-2.9039 0.378439
-2.8979 0.379023
-2.89189 0.379629
-2.88589 0.380255
-2.87988 0.380901
-2.87387 0.381565
-2.86787 0.382247
-2.86186 0.382947
-2.85586 0.383663
-2.84985 0.384394
-2.84384 0.385141
-2.83784 0.385902
-2.83183 0.386678
-2.82583 0.387467
-2.81982 0.38827
-2.81381 0.389085
-2.80781 0.389913
-2.8018 0.390754
-2.7958 0.391606
-2.78979 0.39247
-2.78378 0.393347
-2.77778 0.394234
-2.77177 0.395133
-2.76577 0.396044
-2.75976 0.396966
-2.75375 0.397899
-2.74775 0.398844
-2.74174 0.399799
-2.73574 0.400767
-2.72973 0.401745
-2.72372 0.402735
-2.71772 0.403737
-2.71171 0.40475
-2.70571 0.405775
-2.6997 0.406812
-2.69369 0.407862
-2.68769 0.408923
-2.68168 0.409997
-2.67568 0.411083
-2.66967 0.412183
-2.66366 0.413295
-2.65766 0.41442
-2.65165 0.415559
-2.64565 0.416712
-2.63964 0.417878
-2.63363 0.419059
-2.62763 0.420254
-2.62162 0.421463
-2.61562 0.422688
-2.60961 0.423927
-2.6036 0.425182
-2.5976 0.426452
-2.59159 0.427738
-2.58559 0.42904
-2.57958 0.430358
-2.57357 0.431693
-2.56757 0.433045
-2.56156 0.434414
-2.55556 0.4358
-2.54955 0.437203
-2.54354 0.438625
-2.53754 0.440064
-2.53153 0.441522
-2.52553 0.442998
-2.51952 0.444493
-2.51351 0.446006
-2.50751 0.447539
-2.5015 0.449091
-2.4955 0.450663
-2.48949 0.452255
-2.48348 0.453867
-2.47748 0.455499
-2.47147 0.457151
-2.46547 0.458824
-2.45946 0.460518
-2.45345 0.462233
-2.44745 0.463969
-2.44144 0.465726
-2.43544 0.467505
-2.42943 0.469306
-2.42342 0.471128
-2.41742 0.472973
-2.41141 0.47484
-2.40541 0.476729
-2.3994 0.478641
-2.39339 0.480576
-2.38739 0.482533
-2.38138 0.484514
-2.37538 0.486517
-2.36937 0.488544
-2.36336 0.490594
-2.35736 0.492668
-2.35135 0.494765
-2.34535 0.496886
-2.33934 0.499031
-2.33333 0.5012
-2.32733 0.503394
-2.32132 0.505611
-2.31532 0.507852
-2.30931 0.510118
-2.3033 0.512409
-2.2973 0.514724
-2.29129 0.517064
-2.28529 0.519429
-2.27928 0.521818
-2.27327 0.524233
-2.26727 0.526672
-2.26126 0.529137
-2.25526 0.531627
-2.24925 0.534142
-2.24324 0.536683
-2.23724 0.539249
-2.23123 0.541841
-2.22523 0.544458
-2.21922 0.547101
-2.21321 0.549769
-2.20721 0.552464
-2.2012 0.555184
-2.1952 0.55793
-2.18919 0.560703
-2.18318 0.563501
-2.17718 0.566325
-2.17117 0.569176
-2.16517 0.572053
-2.15916 0.574957
-2.15315 0.577886
-2.14715 0.580843
-2.14114 0.583826
-2.13514 0.586835
-2.12913 0.589871
-2.12312 0.592934
-2.11712 0.596024
-2.11111 0.59914
-2.10511 0.602284
-2.0991 0.605455
-2.09309 0.608652
-2.08709 0.611877
-2.08108 0.615129
-2.07508 0.618409
-2.06907 0.621716
-2.06306 0.62505
-2.05706 0.628412
-2.05105 0.631801
-2.04505 0.635218
-2.03904 0.638663
-2.03303 0.642136
-2.02703 0.645637
-2.02102 0.649166
-2.01502 0.652723
-2.00901 0.656308
-2.003 0.659921
-1.997 0.663563
-1.99099 0.667233
-1.98498 0.670932
-1.97898 0.67466
-1.97297 0.678416
-1.96697 0.682201
-1.96096 0.686015
-1.95495 0.689858
-1.94895 0.69373
-1.94294 0.697632
-1.93694 0.701563
-1.93093 0.705523
-1.92492 0.709513
-1.91892 0.713533
-1.91291 0.717582
-1.90691 0.721662
-1.9009 0.725771
-1.89489 0.729911
-1.88889 0.73408
-1.88288 0.73828
-1.87688 0.742511
-1.87087 0.746772
-1.86486 0.751064
-1.85886 0.755387
-1.85285 0.759741
-1.84685 0.764125
-1.84084 0.768541
-1.83483 0.772989
-1.82883 0.777468
-1.82282 0.781978
-1.81682 0.78652
-1.81081 0.791094
-1.8048 0.7957
-1.7988 0.800338
-1.79279 0.805008
-1.78679 0.80971
-1.78078 0.814445
-1.77477 0.819213
-1.76877 0.824013
-1.76276 0.828846
-1.75676 0.833712
-1.75075 0.838611
-1.74474 0.843543
-1.73874 0.848509
-1.73273 0.853508
-1.72673 0.858541
-1.72072 0.863607
-1.71471 0.868707
-1.70871 0.873841
-1.7027 0.87901
-1.6967 0.884212
-1.69069 0.889449
-1.68468 0.89472
-1.67868 0.900025
-1.67267 0.905365
-1.66667 0.91074
-1.66066 0.91615
-1.65465 0.921594
-1.64865 0.927074
-1.64264 0.932589
-1.63664 0.938139
-1.63063 0.943724
-1.62462 0.949345
-1.61862 0.955001
-1.61261 0.960693
-1.60661 0.96642
-1.6006 0.972183
-1.59459 0.977982
-1.58859 0.983817
-1.58258 0.989688
-1.57658 0.995595
-1.57057 1.00154
-1.56456 1.00752
-1.55856 1.01353
-1.55255 1.01958
-1.54655 1.02567
-1.54054 1.0318
-1.53453 1.03796
-1.52853 1.04415
-1.52252 1.05039
-1.51652 1.05665
-1.51051 1.06296
-1.5045 1.0693
-1.4985 1.07568
-1.49249 1.0821
-1.48649 1.08855
-1.48048 1.09504
-1.47447 1.10156
-1.46847 1.10812
-1.46246 1.11472
-1.45646 1.12135
-1.45045 1.12802
-1.44444 1.13473
-1.43844 1.14147
-1.43243 1.14825
-1.42643 1.15507
-1.42042 1.16192
-1.41441 1.1688
-1.40841 1.17573
-1.4024 1.18268
-1.3964 1.18968
-1.39039 1.19671
-1.38438 1.20377
-1.37838 1.21087
-1.37237 1.21801
-1.36637 1.22518
-1.36036 1.23238
-1.35435 1.23962
-1.34835 1.2469
-1.34234 1.2542
-1.33634 1.26155
-1.33033 1.26892
-1.32432 1.27634
-1.31832 1.28378
-1.31231 1.29126
-1.30631 1.29877
-1.3003 1.30631
-1.29429 1.31389
-1.28829 1.3215
-1.28228 1.32914
-1.27628 1.33682
-1.27027 1.34452
-1.26426 1.35226
-1.25826 1.36003
-1.25225 1.36783
-1.24625 1.37566
-1.24024 1.38352
-1.23423 1.39141
-1.22823 1.39933
-1.22222 1.40728
-1.21622 1.41526
-1.21021 1.42327
-1.2042 1.43131
-1.1982 1.43937
-1.19219 1.44746
-1.18619 1.45558
-1.18018 1.46373
-1.17417 1.4719
-1.16817 1.4801
-1.16216 1.48832
-1.15616 1.49657
-1.15015 1.50485
-1.14414 1.51314
-1.13814 1.52147
-1.13213 1.52981
-1.12613 1.53818
-1.12012 1.54657
-1.11411 1.55499
-1.10811 1.56342
-1.1021 1.57188
-1.0961 1.58036
-1.09009 1.58885
-1.08408 1.59737
-1.07808 1.6059
-1.07207 1.61446
-1.06607 1.62303
-1.06006 1.63162
-1.05405 1.64022
-1.04805 1.64884
-1.04204 1.65748
-1.03604 1.66613
-1.03003 1.6748
-1.02402 1.68348
-1.01802 1.69217
-1.01201 1.70088
-1.00601 1.7096
-1 1.71833
-0.993994 1.72707
-0.987988 1.73582
-0.981982 1.74458
-0.975976 1.75334
-0.96997 1.76212
-0.963964 1.7709
-0.957958 1.77969
-0.951952 1.78849
-0.945946 1.79729
-0.93994 1.80609
-0.933934 1.8149
-0.927928 1.82371
-0.921922 1.83253
-0.915916 1.84134
-0.90991 1.85016
-0.903904 1.85898
-0.897898 1.86779
-0.891892 1.87661
-0.885886 1.88542
-0.87988 1.89423
-0.873874 1.90304
-0.867868 1.91184
-0.861862 1.92064
-0.855856 1.92943
-0.84985 1.93821
-0.843844 1.94698
-0.837838 1.95575
-0.831832 1.96451
-0.825826 1.97326
-0.81982 1.98199
-0.813814 1.99072
-0.807808 1.99943
-0.801802 2.00813
-0.795796 2.01682
-0.78979 2.02549
-0.783784 2.03414
-0.777778 2.04278
-0.771772 2.0514
-0.765766 2.06
-0.75976 2.06858
-0.753754 2.07714
-0.747748 2.08568
-0.741742 2.0942
-0.735736 2.1027
-0.72973 2.11117
-0.723724 2.11962
-0.717718 2.12804
-0.711712 2.13644
-0.705706 2.14481
-0.6997 2.15315
-0.693694 2.16146
-0.687688 2.16975
-0.681682 2.178
-0.675676 2.18622
-0.66967 2.19441
-0.663664 2.20256
-0.657658 2.21068
-0.651652 2.21877
-0.645646 2.22682
-0.63964 2.23483
-0.633634 2.24281
-0.627628 2.25074
-0.621622 2.25864
-0.615616 2.2665
-0.60961 2.27432
-0.603604 2.28209
-0.597598 2.28982
-0.591592 2.29751
-0.585586 2.30515
-0.57958 2.31275
-0.573574 2.3203
-0.567568 2.3278
-0.561562 2.33526
-0.555556 2.34267
-0.54955 2.35002
-0.543544 2.35733
-0.537538 2.36459
-0.531532 2.37179
-0.525526 2.37894
-0.51952 2.38603
-0.513514 2.39307
-0.507508 2.40006
-0.501502 2.40699
-0.495495 2.41386
-0.489489 2.42067
-0.483483 2.42743
-0.477477 2.43412
-0.471471 2.44075
-0.465465 2.44733
-0.459459 2.45384
-0.453453 2.46028
-0.447447 2.46667
-0.441441 2.47299
-0.435435 2.47924
-0.429429 2.48543
-0.423423 2.49155
-0.417417 2.4976
-0.411411 2.50359
-0.405405 2.50951
-0.399399 2.51535
-0.393393 2.52113
-0.387387 2.52684
-0.381381 2.53247
-0.375375 2.53803
-0.369369 2.54352
-0.363363 2.54893
-0.357357 2.55427
-0.351351 2.55953
-0.345345 2.56472
-0.339339 2.56983
-0.333333 2.57487
-0.327327 2.57982
-0.321321 2.5847
-0.315315 2.5895
-0.309309 2.59422
-0.303303 2.59886
-0.297297 2.60342
-0.291291 2.60789
-0.285285 2.61229
-0.279279 2.6166
-0.273273 2.62083
-0.267267 2.62498
-0.261261 2.62904
-0.255255 2.63301
-0.249249 2.6369
-0.243243 2.64071
-0.237237 2.64443
-0.231231 2.64806
-0.225225 2.65161
-0.219219 2.65506
-0.213213 2.65843
-0.207207 2.66171
-0.201201 2.66491
-0.195195 2.66801
-0.189189 2.67102
-0.183183 2.67395
-0.177177 2.67678
-0.171171 2.67952
-0.165165 2.68217
-0.159159 2.68473
-0.153153 2.6872
-0.147147 2.68957
-0.141141 2.69185
-0.135135 2.69404
-0.129129 2.69614
-0.123123 2.69814
-0.117117 2.70005
-0.111111 2.70186
-0.105105 2.70359
-0.0990991 2.70521
-0.0930931 2.70674
-0.0870871 2.70818
-0.0810811 2.70952
-0.0750751 2.71077
-0.0690691 2.71192
-0.0630631 2.71298
-0.0570571 2.71394
-0.0510511 2.71481
-0.045045 2.71558
-0.039039 2.71625
-0.033033 2.71683
-0.027027 2.71731
-0.021021 2.71769
-0.015015 2.71798
-0.00900901 2.71817
-0.003003 2.71827
0.003003 2.71827
0.00900901 2.71817
0.015015 2.71798
0.021021 2.71769
0.027027 2.71731
0.033033 2.71683
0.039039 2.71625
0.045045 2.71558
0.0510511 2.71481
0.0570571 2.71394
0.0630631 2.71298
0.0690691 2.71192
0.0750751 2.71077
0.0810811 2.70952
0.0870871 2.70818
0.0930931 2.70674
0.0990991 2.70521
0.105105 2.70359
0.111111 2.70186
0.117117 2.70005
0.123123 2.69814
0.129129 2.69614
0.135135 2.69404
0.141141 2.69185
0.147147 2.68957
0.153153 2.6872
0.159159 2.68473
0.165165 2.68217
0.171171 2.67952
0.177177 2.67678
0.183183 2.67395
0.189189 2.67102
0.195195 2.66801
0.201201 2.66491
0.207207 2.66171
0.213213 2.65843
0.219219 2.65506
0.225225 2.65161
0.231231 2.64806
0.237237 2.64443
0.243243 2.64071
0.249249 2.6369
0.255255 2.63301
0.261261 2.62904
0.267267 2.62498
0.273273 2.62083
0.279279 2.6166
0.285285 2.61229
0.291291 2.60789
0.297297 2.60342
0.303303 2.59886
0.309309 2.59422
0.315315 2.5895
0.321321 2.5847
0.327327 2.57982
0.333333 2.57487
0.339339 2.56983
0.345345 2.56472
0.351351 2.55953
0.357357 2.55427
0.363363 2.54893
0.369369 2.54352
0.375375 2.53803
0.381381 2.53247
0.387387 2.52684
0.393393 2.52113
0.399399 2.51535
0.405405 2.50951
0.411411 2.50359
0.417417 2.4976
0.423423 2.49155
0.429429 2.48543
0.435435 2.47924
0.441441 2.47299
0.447447 2.46667
0.453453 2.46028
0.459459 2.45384
0.465465 2.44733
0.471471 2.44075
0.477477 2.43412
0.483483 2.42743
0.489489 2.42067
0.495495 2.41386
0.501502 2.40699
0.507508 2.40006
0.513514 2.39307
0.51952 2.38603
0.525526 2.37894
0.531532 2.37179
0.537538 2.36459
0.543544 2.35733
0.54955 2.35002
0.555556 2.34267
0.561562 2.33526
0.567568 2.3278
0.573574 2.3203
0.57958 2.31275
0.585586 2.30515
0.591592 2.29751
0.597598 2.28982
0.603604 2.28209
0.60961 2.27432
0.615616 2.2665
0.621622 2.25864
0.627628 2.25074
0.633634 2.24281
0.63964 2.23483
0.645646 2.22682
0.651652 2.21877
0.657658 2.21068
0.663664 2.20256
0.66967 2.19441
0.675676 2.18622
0.681682 2.178
0.687688 2.16975
0.693694 2.16146
0.6997 2.15315
0.705706 2.14481
0.711712 2.13644
0.717718 2.12804
0.723724 2.11962
0.72973 2.11117
0.735736 2.1027
0.741742 2.0942
0.747748 2.08568
0.753754 2.07714
0.75976 2.06858
0.765766 2.06
0.771772 2.0514
0.777778 2.04278
0.783784 2.03414
0.78979 2.02549
0.795796 2.01682
0.801802 2.00813
0.807808 1.99943
0.813814 1.99072
0.81982 1.98199
0.825826 1.97326
0.831832 1.96451
0.837838 1.95575
0.843844 1.94698
0.84985 1.93821
0.855856 1.92943
0.861862 1.92064
0.867868 1.91184
0.873874 1.90304
0.87988 1.89423
0.885886 1.88542
0.891892 1.87661
0.897898 1.86779
0.903904 1.85898
0.90991 1.85016
0.915916 1.84134
0.921922 1.83253
0.927928 1.82371
0.933934 1.8149
0.93994 1.80609
0.945946 1.79729
0.951952 1.78849
0.957958 1.77969
0.963964 1.7709
0.96997 1.76212
0.975976 1.75334
0.981982 1.74458
0.987988 1.73582
0.993994 1.72707
1 1.71833
1.00601 1.7096
1.01201 1.70088
1.01802 1.69217
1.02402 1.68348
1.03003 1.6748
1.03604 1.66613
1.04204 1.65748
1.04805 1.64884
1.05405 1.64022
1.06006 1.63162
1.06607 1.62303
1.07207 1.61446
1.07808 1.6059
1.08408 1.59737
1.09009 1.58885
1.0961 1.58036
1.1021 1.57188
1.10811 1.56342
1.11411 1.55499
1.12012 1.54657
1.12613 1.53818
1.13213 1.52981
1.13814 1.52147
1.14414 1.51314
1.15015 1.50485
1.15616 1.49657
1.16216 1.48832
1.16817 1.4801
1.17417 1.4719
1.18018 1.46373
1.18619 1.45558
1.19219 1.44746
1.1982 1.43937
1.2042 1.43131
1.21021 1.42327
1.21622 1.41526
1.22222 1.40728
1.22823 1.39933
1.23423 1.39141
1.24024 1.38352
1.24625 1.37566
1.25225 1.36783
1.25826 1.36003
1.26426 1.35226
1.27027 1.34452
1.27628 1.33682
1.28228 1.32914
1.28829 1.3215
1.29429 1.31389
1.3003 1.30631
1.30631 1.29877
1.31231 1.29126
1.31832 1.28378
1.32432 1.27634
1.33033 1.26892
1.33634 1.26155
1.34234 1.2542
1.34835 1.2469
1.35435 1.23962
1.36036 1.23238
1.36637 1.22518
1.37237 1.21801
1.37838 1.21087
1.38438 1.20377
1.39039 1.19671
1.3964 1.18968
1.4024 1.18268
1.40841 1.17573
1.41441 1.1688
1.42042 1.16192
1.42643 1.15507
1.43243 1.14825
1.43844 1.14147
1.44444 1.13473
1.45045 1.12802
1.45646 1.12135
1.46246 1.11472
1.46847 1.10812
1.47447 1.10156
1.48048 1.09504
1.48649 1.08855
1.49249 1.0821
1.4985 1.07568
1.5045 1.0693
1.51051 1.06296
1.51652 1.05665
1.52252 1.05039
1.52853 1.04415
1.53453 1.03796
1.54054 1.0318
1.54655 1.02567
1.55255 1.01958
1.55856 1.01353
1.56456 1.00752
1.57057 1.00154
1.57658 0.995595
1.58258 0.989688
1.58859 0.983817
1.59459 0.977982
1.6006 0.972183
1.60661 0.96642
1.61261 0.960693
1.61862 0.955001
1.62462 0.949345
1.63063 0.943724
1.63664 0.938139
1.64264 0.932589
1.64865 0.927074
1.65465 0.921594
1.66066 0.91615
1.66667 0.91074
1.67267 0.905365
1.67868 0.900025
1.68468 0.89472
1.69069 0.889449
1.6967 0.884212
1.7027 0.87901
1.70871 0.873841
1.71471 0.868707
1.72072 0.863607
1.72673 0.858541
1.73273 0.853508
1.73874 0.848509
1.74474 0.843543
1.75075 0.838611
1.75676 0.833712
1.76276 0.828846
1.76877 0.824013
1.77477 0.819213
1.78078 0.814445
1.78679 0.80971
1.79279 0.805008
1.7988 0.800338
1.8048 0.7957
1.81081 0.791094
1.81682 0.78652
1.82282 0.781978
1.82883 0.777468
1.83483 0.772989
1.84084 0.768541
1.84685 0.764125
1.85285 0.759741
1.85886 0.755387
1.86486 0.751064
1.87087 0.746772
1.87688 0.742511
1.88288 0.73828
1.88889 0.73408
1.89489 0.729911
1.9009 0.725771
1.90691 0.721662
1.91291 0.717582
1.91892 0.713533
1.92492 0.709513
1.93093 0.705523
1.93694 0.701563
1.94294 0.697632
1.94895 0.69373
1.95495 0.689858
1.96096 0.686015
1.96697 0.682201
1.97297 0.678416
1.97898 0.67466
1.98498 0.670932
1.99099 0.667233
1.997 0.663563
2.003 0.659921
2.00901 0.656308
2.01502 0.652723
2.02102 0.649166
2.02703 0.645637
2.03303 0.642136
2.03904 0.638663
2.04505 0.635218
2.05105 0.631801
2.05706 0.628412
2.06306 0.62505
2.06907 0.621716
2.07508 0.618409
2.08108 0.615129
2.08709 0.611877
2.09309 0.608652
2.0991 0.605455
2.10511 0.602284
2.11111 0.59914
2.11712 0.596024
2.12312 0.592934
2.12913 0.589871
2.13514 0.586835
2.14114 0.583826
2.14715 0.580843
2.15315 0.577886
2.15916 0.574957
2.16517 0.572053
2.17117 0.569176
2.17718 0.566325
2.18318 0.563501
2.18919 0.560703
2.1952 0.55793
2.2012 0.555184
2.20721 0.552464
2.21321 0.549769
2.21922 0.547101
2.22523 0.544458
2.23123 0.541841
2.23724 0.539249
2.24324 0.536683
2.24925 0.534142
2.25526 0.531627
2.26126 0.529137
2.26727 0.526672
2.27327 0.524233
2.27928 0.521818
2.28529 0.519429
2.29129 0.517064
2.2973 0.514724
2.3033 0.512409
2.30931 0.510118
2.31532 0.507852
2.32132 0.505611
2.32733 0.503394
2.33333 0.5012
2.33934 0.499031
2.34535 0.496886
2.35135 0.494765
2.35736 0.492668
2.36336 0.490594
2.36937 0.488544
2.37538 0.486517
2.38138 0.484514
2.38739 0.482533
2.39339 0.480576
2.3994 0.478641
2.40541 0.476729
2.41141 0.47484
2.41742 0.472973
2.42342 0.471128
2.42943 0.469306
2.43544 0.467505
2.44144 0.465726
2.44745 0.463969
2.45345 0.462233
2.45946 0.460518
2.46547 0.458824
2.47147 0.457151
2.47748 0.455499
2.48348 0.453867
2.48949 0.452255
2.4955 0.450663
2.5015 0.449091
2.50751 0.447539
2.51351 0.446006
2.51952 0.444493
2.52553 0.442998
2.53153 0.441522
2.53754 0.440064
2.54354 0.438625
2.54955 0.437203
2.55556 0.4358
2.56156 0.434414
2.56757 0.433045
2.57357 0.431693
2.57958 0.430358
2.58559 0.42904
2.59159 0.427738
2.5976 0.426452
2.6036 0.425182
2.60961 0.423927
2.61562 0.422688
2.62162 0.421463
2.62763 0.420254
2.63363 0.419059
2.63964 0.417878
2.64565 0.416712
2.65165 0.415559
2.65766 0.41442
2.66366 0.413295
2.66967 0.412183
2.67568 0.411083
2.68168 0.409997
2.68769 0.408923
2.69369 0.407862
2.6997 0.406812
2.70571 0.405775
2.71171 0.40475
2.71772 0.403737
2.72372 0.402735
2.72973 0.401745
2.73574 0.400767
2.74174 0.399799
2.74775 0.398844
2.75375 0.397899
2.75976 0.396966
2.76577 0.396044
2.77177 0.395133
2.77778 0.394234
2.78378 0.393347
2.78979 0.39247
2.7958 0.391606
2.8018 0.390754
2.80781 0.389913
2.81381 0.389085
2.81982 0.38827
2.82583 0.387467
2.83183 0.386678
2.83784 0.385902
2.84384 0.385141
2.84985 0.384394
2.85586 0.383663
2.86186 0.382947
2.86787 0.382247
2.87387 0.381565
2.87988 0.380901
2.88589 0.380255
2.89189 0.379629
2.8979 0.379023
2.9039 0.378439
2.90991 0.377878
2.91592 0.377341
2.92192 0.376828
2.92793 0.376343
2.93393 0.375885
2.93994 0.375456
2.94595 0.375058
2.95195 0.374694
2.95796 0.374363
2.96396 0.374069
2.96997 0.373814
2.97598 0.373599
2.98198 0.373427
2.98799 0.3733
2.99399 0.373221
3 0.373192
