-3 0.368633
-2.99399 0.369758
-2.98799 0.370825
-2.98198 0.371836
-2.97598 0.372796
-2.96997 0.373707
-2.96396 0.374573
-2.95796 0.375398
-2.95195 0.376185
-2.94595 0.376936
-2.93994 0.377654
-2.93393 0.378343
-2.92793 0.379005
-2.92192 0.379643
-2.91592 0.380259
-2.90991 0.380856
-2.9039 0.381435
-2.8979 0.382
-2.89189 0.382553
-2.88589 0.383094
-2.87988 0.383628
-2.87387 0.384154
-2.86787 0.384676
-2.86186 0.385195
-2.85586 0.385713
-2.84985 0.386231
-2.84384 0.386751
-2.83784 0.387275
-2.83183 0.387803
-2.82583 0.388337
-2.81982 0.388879
-2.81381 0.389429
-2.80781 0.389989
-2.8018 0.390561
-2.7958 0.391144
-2.78979 0.39174
-2.78378 0.39235
-2.77778 0.392975
-2.77177 0.393616
-2.76577 0.394273
-2.75976 0.394947
-2.75375 0.39564
-2.74775 0.396351
-2.74174 0.397081
-2.73574 0.397831
-2.72973 0.398602
-2.72372 0.399394
-2.71772 0.400207
-2.71171 0.401042
-2.70571 0.401899
-2.6997 0.40278
-2.69369 0.403683
-2.68769 0.404609
-2.68168 0.405559
-2.67568 0.406533
-2.66967 0.407531
-2.66366 0.408554
-2.65766 0.409601
-2.65165 0.410673
-2.64565 0.41177
-2.63964 0.412892
-2.63363 0.414039
-2.62763 0.415211
-2.62162 0.416408
-2.61562 0.417631
-2.60961 0.418879
-2.6036 0.420153
-2.5976 0.421452
-2.59159 0.422776
-2.58559 0.424126
-2.57958 0.425501
-2.57357 0.426901
-2.56757 0.428327
-2.56156 0.429778
-2.55556 0.431254
-2.54955 0.432754
-2.54354 0.43428
-2.53754 0.435831
-2.53153 0.437406
-2.52553 0.439006
-2.51952 0.44063
-2.51351 0.442279
-2.50751 0.443952
-2.5015 0.445649
-2.4955 0.447371
-2.48949 0.449116
-2.48348 0.450884
-2.47748 0.452677
-2.47147 0.454492
-2.46547 0.456331
-2.45946 0.458193
-2.45345 0.460078
-2.44745 0.461986
-2.44144 0.463917
-2.43544 0.46587
-2.42943 0.467845
-2.42342 0.469843
-2.41742 0.471863
-2.41141 0.473905
-2.40541 0.475969
-2.3994 0.478055
-2.39339 0.480162
-2.38739 0.48229
-2.38138 0.48444
-2.37538 0.486612
-2.36937 0.488804
-2.36336 0.491017
-2.35736 0.493252
-2.35135 0.495507
-2.34535 0.497782
-2.33934 0.500079
-2.33333 0.502396
-2.32733 0.504733
-2.32132 0.507091
-2.31532 0.509469
-2.30931 0.511868
-2.3033 0.514286
-2.2973 0.516725
-2.29129 0.519184
-2.28529 0.521663
-2.27928 0.524162
-2.27327 0.526681
-2.26727 0.52922
-2.26126 0.531779
-2.25526 0.534358
-2.24925 0.536957
-2.24324 0.539576
-2.23724 0.542214
-2.23123 0.544873
-2.22523 0.547552
-2.21922 0.550251
-2.21321 0.55297
-2.20721 0.555709
-2.2012 0.558468
-2.1952 0.561248
-2.18919 0.564048
-2.18318 0.566868
-2.17718 0.569708
-2.17117 0.57257
-2.16517 0.575451
-2.15916 0.578354
-2.15315 0.581277
-2.14715 0.584222
-2.14114 0.587187
-2.13514 0.590173
-2.12913 0.593181
-2.12312 0.59621
-2.11712 0.599261
-2.11111 0.602333
-2.10511 0.605428
-2.0991 0.608544
-2.09309 0.611682
-2.08709 0.614843
-2.08108 0.618026
-2.07508 0.621232
-2.06907 0.624461
-2.06306 0.627712
-2.05706 0.630987
-2.05105 0.634286
-2.04505 0.637608
-2.03904 0.640953
-2.03303 0.644323
-2.02703 0.647717
-2.02102 0.651135
-2.01502 0.654578
-2.00901 0.658046
-2.003 0.661539
-1.997 0.665058
-1.99099 0.668602
-1.98498 0.672171
-1.97898 0.675767
-1.97297 0.679389
-1.96697 0.683037
-1.96096 0.686712
-1.95495 0.690414
-1.94895 0.694144
-1.94294 0.697901
-1.93694 0.701685
-1.93093 0.705498
-1.92492 0.709339
-1.91892 0.713208
-1.91291 0.717106
-1.90691 0.721033
-1.9009 0.72499
-1.89489 0.728975
-1.88889 0.732991
-1.88288 0.737037
-1.87688 0.741113
-1.87087 0.74522
-1.86486 0.749357
-1.85886 0.753526
-1.85285 0.757726
-1.84685 0.761957
-1.84084 0.76622
-1.83483 0.770516
-1.82883 0.774844
-1.82282 0.779204
-1.81682 0.783598
-1.81081 0.788024
-1.8048 0.792484
-1.7988 0.796978
-1.79279 0.801505
-1.78679 0.806067
-1.78078 0.810663
-1.77477 0.815293
-1.76877 0.819959
-1.76276 0.824659
-1.75676 0.829395
-1.75075 0.834166
-1.74474 0.838973
-1.73874 0.843816
-1.73273 0.848695
-1.72673 0.853611
-1.72072 0.858563
-1.71471 0.863552
-1.70871 0.868577
-1.7027 0.873641
-1.6967 0.878741
-1.69069 0.883879
-1.68468 0.889055
-1.67868 0.894269
-1.67267 0.899521
-1.66667 0.904811
-1.66066 0.910139
-1.65465 0.915506
-1.64865 0.920912
-1.64264 0.926357
-1.63664 0.931841
-1.63063 0.937364
-1.62462 0.942926
-1.61862 0.948527
-1.61261 0.954168
-1.60661 0.959849
-1.6006 0.96557
-1.59459 0.97133
-1.58859 0.97713
-1.58258 0.98297
-1.57658 0.98885
-1.57057 0.994771
-1.56456 1.00073
-1.55856 1.00673
-1.55255 1.01277
-1.54655 1.01885
-1.54054 1.02498
-1.53453 1.03114
-1.52853 1.03734
-1.52252 1.04358
-1.51652 1.04987
-1.51051 1.05619
-1.5045 1.06255
-1.4985 1.06896
-1.49249 1.0754
-1.48649 1.08189
-1.48048 1.08841
-1.47447 1.09498
-1.46847 1.10159
-1.46246 1.10823
-1.45646 1.11492
-1.45045 1.12164
-1.44444 1.12841
-1.43844 1.13521
-1.43243 1.14206
-1.42643 1.14894
-1.42042 1.15587
-1.41441 1.16283
-1.40841 1.16983
-1.4024 1.17687
-1.3964 1.18395
-1.39039 1.19107
-1.38438 1.19822
-1.37838 1.20542
-1.37237 1.21265
-1.36637 1.21992
-1.36036 1.22723
-1.35435 1.23457
-1.34835 1.24196
-1.34234 1.24937
-1.33634 1.25683
-1.33033 1.26432
-1.32432 1.27185
-1.31832 1.27941
-1.31231 1.28701
-1.30631 1.29464
-1.3003 1.30231
-1.29429 1.31002
-1.28829 1.31775
-1.28228 1.32553
-1.27628 1.33333
-1.27027 1.34117
-1.26426 1.34904
-1.25826 1.35694
-1.25225 1.36488
-1.24625 1.37285
-1.24024 1.38084
-1.23423 1.38887
-1.22823 1.39693
-1.22222 1.40502
-1.21622 1.41314
-1.21021 1.42129
-1.2042 1.42947
-1.1982 1.43767
-1.19219 1.4459
-1.18619 1.45416
-1.18018 1.46245
-1.17417 1.47077
-1.16817 1.4791
-1.16216 1.48747
-1.15616 1.49586
-1.15015 1.50427
-1.14414 1.51271
-1.13814 1.52117
-1.13213 1.52965
-1.12613 1.53816
-1.12012 1.54669
-1.11411 1.55523
-1.10811 1.5638
-1.1021 1.57239
-1.0961 1.581
-1.09009 1.58962
-1.08408 1.59827
-1.07808 1.60693
-1.07207 1.61561
-1.06607 1.6243
-1.06006 1.63301
-1.05405 1.64173
-1.04805 1.65047
-1.04204 1.65922
-1.03604 1.66799
-1.03003 1.67677
-1.02402 1.68556
-1.01802 1.69436
-1.01201 1.70317
-1.00601 1.71199
-1 1.72081
-0.993994 1.72965
-0.987988 1.73849
-0.981982 1.74734
-0.975976 1.7562
-0.96997 1.76506
-0.963964 1.77393
-0.957958 1.7828
-0.951952 1.79167
-0.945946 1.80054
-0.93994 1.80942
-0.933934 1.8183
-0.927928 1.82718
-0.921922 1.83605
-0.915916 1.84493
-0.90991 1.8538
-0.903904 1.86267
-0.897898 1.87153
-0.891892 1.88039
-0.885886 1.88925
-0.87988 1.8981
-0.873874 1.90694
-0.867868 1.91577
-0.861862 1.9246
-0.855856 1.93342
-0.84985 1.94222
-0.843844 1.95102
-0.837838 1.9598
-0.831832 1.96857
-0.825826 1.97732
-0.81982 1.98607
-0.813814 1.99479
-0.807808 2.0035
-0.801802 2.0122
-0.795796 2.02087
-0.78979 2.02953
-0.783784 2.03817
-0.777778 2.04679
-0.771772 2.05538
-0.765766 2.06396
-0.75976 2.07251
-0.753754 2.08104
-0.747748 2.08954
-0.741742 2.09802
-0.735736 2.10647
-0.72973 2.1149
-0.723724 2.1233
-0.717718 2.13167
-0.711712 2.14001
-0.705706 2.14832
-0.6997 2.1566
-0.693694 2.16484
-0.687688 2.17306
-0.681682 2.18124
-0.675676 2.18938
-0.66967 2.19749
-0.663664 2.20557
-0.657658 2.2136
-0.651652 2.2216
-0.645646 2.22956
-0.63964 2.23749
-0.633634 2.24537
-0.627628 2.25321
-0.621622 2.261
-0.615616 2.26876
-0.60961 2.27647
-0.603604 2.28414
-0.597598 2.29176
-0.591592 2.29934
-0.585586 2.30686
-0.57958 2.31435
-0.573574 2.32178
-0.567568 2.32916
-0.561562 2.3365
-0.555556 2.34378
-0.54955 2.35101
-0.543544 2.35819
-0.537538 2.36531
-0.531532 2.37239
-0.525526 2.3794
-0.51952 2.38636
-0.513514 2.39327
-0.507508 2.40012
-0.501502 2.40691
-0.495495 2.41364
-0.489489 2.42031
-0.483483 2.42692
-0.477477 2.43348
-0.471471 2.43997
-0.465465 2.4464
-0.459459 2.45276
-0.453453 2.45906
-0.447447 2.4653
-0.441441 2.47147
-0.435435 2.47758
-0.429429 2.48362
-0.423423 2.4896
-0.417417 2.4955
-0.411411 2.50134
-0.405405 2.50711
-0.399399 2.51281
-0.393393 2.51844
-0.387387 2.52399
-0.381381 2.52948
-0.375375 2.5349
-0.369369 2.54024
-0.363363 2.5455
-0.357357 2.5507
-0.351351 2.55582
-0.345345 2.56086
-0.339339 2.56583
-0.333333 2.57072
-0.327327 2.57554
-0.321321 2.58028
-0.315315 2.58494
-0.309309 2.58952
-0.303303 2.59402
-0.297297 2.59845
-0.291291 2.60279
-0.285285 2.60705
-0.279279 2.61123
-0.273273 2.61534
-0.267267 2.61935
-0.261261 2.62329
-0.255255 2.62714
-0.249249 2.63091
-0.243243 2.6346
-0.237237 2.6382
-0.231231 2.64172
-0.225225 2.64515
-0.219219 2.6485
-0.213213 2.65176
-0.207207 2.65493
-0.201201 2.65802
-0.195195 2.66102
-0.189189 2.66394
-0.183183 2.66676
-0.177177 2.6695
-0.171171 2.67215
-0.165165 2.67471
-0.159159 2.67719
-0.153153 2.67957
-0.147147 2.68187
-0.141141 2.68407
-0.135135 2.68619
-0.129129 2.68821
-0.123123 2.69015
-0.117117 2.69199
-0.111111 2.69374
-0.105105 2.6954
-0.0990991 2.69697
-0.0930931 2.69845
-0.0870871 2.69984
-0.0810811 2.70114
-0.0750751 2.70234
-0.0690691 2.70345
-0.0630631 2.70447
-0.0570571 2.7054
-0.0510511 2.70623
-0.045045 2.70698
-0.039039 2.70763
-0.033033 2.70818
-0.027027 2.70865
-0.021021 2.70902
-0.015015 2.7093
-0.00900901 2.70948
-0.003003 2.70958
0.003003 2.70958
0.00900901 2.70948
0.015015 2.7093
0.021021 2.70902
0.027027 2.70865
0.033033 2.70818
0.039039 2.70763
0.045045 2.70698
0.0510511 2.70623
0.0570571 2.7054
0.0630631 2.70447
0.0690691 2.70345
0.0750751 2.70234
0.0810811 2.70114
0.0870871 2.69984
0.0930931 2.69845
0.0990991 2.69697
0.105105 2.6954
0.111111 2.69374
0.117117 2.69199
0.123123 2.69015
0.129129 2.68821
0.135135 2.68619
0.141141 2.68407
0.147147 2.68187
0.153153 2.67957
0.159159 2.67719
0.165165 2.67471
0.171171 2.67215
0.177177 2.6695
0.183183 2.66676
0.189189 2.66394
0.195195 2.66102
0.201201 2.65802
0.207207 2.65493
0.213213 2.65176
0.219219 2.6485
0.225225 2.64515
0.231231 2.64172
0.237237 2.6382
0.243243 2.6346
0.249249 2.63091
0.255255 2.62714
0.261261 2.62329
0.267267 2.61935
0.273273 2.61534
0.279279 2.61123
0.285285 2.60705
0.291291 2.60279
0.297297 2.59845
0.303303 2.59402
0.309309 2.58952
0.315315 2.58494
0.321321 2.58028
0.327327 2.57554
0.333333 2.57072
0.339339 2.56583
0.345345 2.56086
0.351351 2.55582
0.357357 2.5507
0.363363 2.5455
0.369369 2.54024
0.375375 2.5349
0.381381 2.52948
0.387387 2.52399
0.393393 2.51844
0.399399 2.51281
0.405405 2.50711
0.411411 2.50134
0.417417 2.4955
0.423423 2.4896
0.429429 2.48362
0.435435 2.47758
0.441441 2.47147
0.447447 2.4653
0.453453 2.45906
0.459459 2.45276
0.465465 2.4464
0.471471 2.43997
0.477477 2.43348
0.483483 2.42692
0.489489 2.42031
0.495495 2.41364
0.501502 2.40691
0.507508 2.40012
0.513514 2.39327
0.51952 2.38636
0.525526 2.3794
0.531532 2.37239
0.537538 2.36531
0.543544 2.35819
0.54955 2.35101
0.555556 2.34378
0.561562 2.3365
0.567568 2.32916
0.573574 2.32178
0.57958 2.31435
0.585586 2.30686
0.591592 2.29934
0.597598 2.29176
0.603604 2.28414
0.60961 2.27647
0.615616 2.26876
0.621622 2.261
0.627628 2.25321
0.633634 2.24537
0.63964 2.23749
0.645646 2.22956
0.651652 2.2216
0.657658 2.2136
0.663664 2.20557
0.66967 2.19749
0.675676 2.18938
0.681682 2.18124
0.687688 2.17306
0.693694 2.16484
0.6997 2.1566
0.705706 2.14832
0.711712 2.14001
0.717718 2.13167
0.723724 2.1233
0.72973 2.1149
0.735736 2.10647
0.741742 2.09802
0.747748 2.08954
0.753754 2.08104
0.75976 2.07251
0.765766 2.06396
0.771772 2.05538
0.777778 2.04679
0.783784 2.03817
0.78979 2.02953
0.795796 2.02087
0.801802 2.0122
0.807808 2.0035
0.813814 1.99479
0.81982 1.98607
0.825826 1.97732
0.831832 1.96857
0.837838 1.9598
0.843844 1.95102
0.84985 1.94222
0.855856 1.93342
0.861862 1.9246
0.867868 1.91577
0.873874 1.90694
0.87988 1.8981
0.885886 1.88925
0.891892 1.88039
0.897898 1.87153
0.903904 1.86267
0.90991 1.8538
0.915916 1.84493
0.921922 1.83605
0.927928 1.82718
0.933934 1.8183
0.93994 1.80942
0.945946 1.80054
0.951952 1.79167
0.957958 1.7828
0.963964 1.77393
0.96997 1.76506
0.975976 1.7562
0.981982 1.74734
0.987988 1.73849
0.993994 1.72965
1 1.72081
1.00601 1.71199
1.01201 1.70317
1.01802 1.69436
1.02402 1.68556
1.03003 1.67677
1.03604 1.66799
1.04204 1.65922
1.04805 1.65047
1.05405 1.64173
1.06006 1.63301
1.06607 1.6243
1.07207 1.61561
1.07808 1.60693
1.08408 1.59827
1.09009 1.58962
1.0961 1.581
1.1021 1.57239
1.10811 1.5638
1.11411 1.55523
1.12012 1.54669
1.12613 1.53816
1.13213 1.52965
1.13814 1.52117
1.14414 1.51271
1.15015 1.50427
1.15616 1.49586
1.16216 1.48747
1.16817 1.4791
1.17417 1.47077
1.18018 1.46245
1.18619 1.45416
1.19219 1.4459
1.1982 1.43767
1.2042 1.42947
1.21021 1.42129
1.21622 1.41314
1.22222 1.40502
1.22823 1.39693
1.23423 1.38887
1.24024 1.38084
1.24625 1.37285
1.25225 1.36488
1.25826 1.35694
1.26426 1.34904
1.27027 1.34117
1.27628 1.33333
1.28228 1.32553
1.28829 1.31775
1.29429 1.31002
1.3003 1.30231
1.30631 1.29464
1.31231 1.28701
1.31832 1.27941
1.32432 1.27185
1.33033 1.26432
1.33634 1.25683
1.34234 1.24937
1.34835 1.24196
1.35435 1.23457
1.36036 1.22723
1.36637 1.21992
1.37237 1.21265
1.37838 1.20542
1.38438 1.19822
1.39039 1.19107
1.3964 1.18395
1.4024 1.17687
1.40841 1.16983
1.41441 1.16283
1.42042 1.15587
1.42643 1.14894
1.43243 1.14206
1.43844 1.13521
1.44444 1.12841
1.45045 1.12164
1.45646 1.11492
1.46246 1.10823
1.46847 1.10159
1.47447 1.09498
1.48048 1.08841
1.48649 1.08189
1.49249 1.0754
1.4985 1.06896
1.5045 1.06255
1.51051 1.05619
1.51652 1.04987
1.52252 1.04358
1.52853 1.03734
1.53453 1.03114
1.54054 1.02498
1.54655 1.01885
1.55255 1.01277
1.55856 1.00673
1.56456 1.00073
1.57057 0.994771
1.57658 0.98885
1.58258 0.98297
1.58859 0.97713
1.59459 0.97133
1.6006 0.96557
1.60661 0.959849
1.61261 0.954168
1.61862 0.948527
1.62462 0.942926
1.63063 0.937364
1.63664 0.931841
1.64264 0.926357
1.64865 0.920912
1.65465 0.915506
1.66066 0.910139
1.66667 0.904811
1.67267 0.899521
1.67868 0.894269
1.68468 0.889055
1.69069 0.883879
1.6967 0.878741
1.7027 0.873641
1.70871 0.868577
1.71471 0.863552
1.72072 0.858563
1.72673 0.853611
1.73273 0.848695
1.73874 0.843816
1.74474 0.838973
1.75075 0.834166
1.75676 0.829395
1.76276 0.824659
1.76877 0.819959
1.77477 0.815293
1.78078 0.810663
1.78679 0.806067
1.79279 0.801505
1.7988 0.796978
1.8048 0.792484
1.81081 0.788024
1.81682 0.783598
1.82282 0.779204
1.82883 0.774844
1.83483 0.770516
1.84084 0.76622
1.84685 0.761957
1.85285 0.757726
1.85886 0.753526
1.86486 0.749357
1.87087 0.74522
1.87688 0.741113
1.88288 0.737037
1.88889 0.732991
1.89489 0.728975
1.9009 0.72499
1.90691 0.721033
1.91291 0.717106
1.91892 0.713208
1.92492 0.709339
1.93093 0.705498
1.93694 0.701685
1.94294 0.697901
1.94895 0.694144
1.95495 0.690414
1.96096 0.686712
1.96697 0.683037
1.97297 0.679389
1.97898 0.675767
1.98498 0.672171
1.99099 0.668602
1.997 0.665058
2.003 0.661539
2.00901 0.658046
2.01502 0.654578
2.02102 0.651135
2.02703 0.647717
2.03303 0.644323
2.03904 0.640953
2.04505 0.637608
2.05105 0.634286
2.05706 0.630987
2.06306 0.627712
2.06907 0.624461
2.07508 0.621232
2.08108 0.618026
2.08709 0.614843
2.09309 0.611682
2.0991 0.608544
2.10511 0.605428
2.11111 0.602333
2.11712 0.599261
2.12312 0.59621
2.12913 0.593181
2.13514 0.590173
2.14114 0.587187
2.14715 0.584222
2.15315 0.581277
2.15916 0.578354
2.16517 0.575451
2.17117 0.57257
2.17718 0.569708
2.18318 0.566868
2.18919 0.564048
2.1952 0.561248
2.2012 0.558468
2.20721 0.555709
2.21321 0.55297
2.21922 0.550251
2.22523 0.547552
2.23123 0.544873
2.23724 0.542214
2.24324 0.539576
2.24925 0.536957
2.25526 0.534358
2.26126 0.531779
2.26727 0.52922
2.27327 0.526681
2.27928 0.524162
2.28529 0.521663
2.29129 0.519184
2.2973 0.516725
2.3033 0.514286
2.30931 0.511868
2.31532 0.509469
2.32132 0.507091
2.32733 0.504733
2.33333 0.502396
2.33934 0.500079
2.34535 0.497782
2.35135 0.495507
2.35736 0.493252
2.36336 0.491017
2.36937 0.488804
2.37538 0.486612
2.38138 0.48444
2.38739 0.48229
2.39339 0.480162
2.3994 0.478055
2.40541 0.475969
2.41141 0.473905
2.41742 0.471863
2.42342 0.469843
2.42943 0.467845
2.43544 0.46587
2.44144 0.463917
2.44745 0.461986
2.45345 0.460078
2.45946 0.458193
2.46547 0.456331
2.47147 0.454492
2.47748 0.452677
2.48348 0.450884
2.48949 0.449116
2.4955 0.447371
2.5015 0.445649
2.50751 0.443952
2.51351 0.442279
2.51952 0.44063
2.52553 0.439006
2.53153 0.437406
2.53754 0.435831
2.54354 0.43428
2.54955 0.432754
2.55556 0.431254
2.56156 0.429778
2.56757 0.428327
2.57357 0.426901
2.57958 0.425501
2.58559 0.424126
2.59159 0.422776
2.5976 0.421452
2.6036 0.420153
2.60961 0.418879
2.61562 0.417631
2.62162 0.416408
2.62763 0.415211
2.63363 0.414039
2.63964 0.412892
2.64565 0.41177
2.65165 0.410673
2.65766 0.409601
2.66366 0.408554
2.66967 0.407531
2.67568 0.406533
2.68168 0.405559
2.68769 0.404609
2.69369 0.403683
2.6997 0.40278
2.70571 0.401899
2.71171 0.401042
2.71772 0.400207
2.72372 0.399394
2.72973 0.398602
2.73574 0.397831
2.74174 0.397081
2.74775 0.396351
2.75375 0.39564
2.75976 0.394947
2.76577 0.394273
2.77177 0.393616
2.77778 0.392975
2.78378 0.39235
2.78979 0.39174
2.7958 0.391144
2.8018 0.390561
2.80781 0.389989
2.81381 0.389429
2.81982 0.388879
2.82583 0.388337
2.83183 0.387803
2.83784 0.387275
2.84384 0.386751
2.84985 0.386231
2.85586 0.385713
2.86186 0.385195
2.86787 0.384676
2.87387 0.384154
2.87988 0.383628
2.88589 0.383094
2.89189 0.382553
2.8979 0.382
2.9039 0.381435
2.90991 0.380856
2.91592 0.380259
2.92192 0.379643
2.92793 0.379005
2.93393 0.378343
2.93994 0.377654
2.94595 0.376936
2.95195 0.376185
2.95796 0.375398
2.96396 0.374573
2.96997 0.373707
2.97598 0.372796
2.98198 0.371836
2.98799 0.370825
2.99399 0.369758
3 0.368633
