-5 1.32798
-4.995 1.32182
-4.98999 1.31606
-4.98499 1.31069
-4.97999 1.3057
-4.97499 1.30106
-4.96998 1.29678
-4.96498 1.29282
-4.95998 1.28919
-4.95498 1.28587
-4.94997 1.28283
-4.94497 1.28009
-4.93997 1.27761
-4.93497 1.27539
-4.92996 1.27341
-4.92496 1.27168
-4.91996 1.27017
-4.91496 1.26887
-4.90995 1.26777
-4.90495 1.26687
-4.89995 1.26616
-4.89495 1.26561
-4.88994 1.26523
-4.88494 1.26501
-4.87994 1.26493
-4.87494 1.26499
-4.86993 1.26518
-4.86493 1.2655
-4.85993 1.26592
-4.85493 1.26645
-4.84992 1.26707
-4.84492 1.26779
-4.83992 1.26859
-4.83492 1.26946
-4.82991 1.27041
-4.82491 1.27141
-4.81991 1.27247
-4.81491 1.27358
-4.8099 1.27474
-4.8049 1.27593
-4.7999 1.27716
-4.7949 1.27841
-4.78989 1.27968
-4.78489 1.28097
-4.77989 1.28227
-4.77489 1.28357
-4.76988 1.28488
-4.76488 1.28618
-4.75988 1.28748
-4.75488 1.28876
-4.74987 1.29003
-4.74487 1.29128
-4.73987 1.2925
-4.73487 1.2937
-4.72986 1.29486
-4.72486 1.296
-4.71986 1.29709
-4.71486 1.29814
-4.70985 1.29916
-4.70485 1.30012
-4.69985 1.30103
-4.69485 1.3019
-4.68984 1.3027
-4.68484 1.30345
-4.67984 1.30415
-4.67484 1.30478
-4.66983 1.30534
-4.66483 1.30584
-4.65983 1.30628
-4.65483 1.30664
-4.64982 1.30694
-4.64482 1.30716
-4.63982 1.3073
-4.63482 1.30738
-4.62981 1.30737
-4.62481 1.30729
-4.61981 1.30713
-4.61481 1.30688
-4.6098 1.30656
-4.6048 1.30615
-4.5998 1.30567
-4.5948 1.30509
-4.58979 1.30444
-4.58479 1.30369
-4.57979 1.30287
-4.57479 1.30195
-4.56978 1.30095
-4.56478 1.29987
-4.55978 1.29869
-4.55478 1.29743
-4.54977 1.29608
-4.54477 1.29465
-4.53977 1.29312
-4.53477 1.29151
-4.52976 1.28981
-4.52476 1.28803
-4.51976 1.28615
-4.51476 1.28419
-4.50975 1.28214
-4.50475 1.28001
-4.49975 1.27779
-4.49475 1.27548
-4.48974 1.27309
-4.48474 1.27062
-4.47974 1.26806
-4.47474 1.26541
-4.46973 1.26269
-4.46473 1.25988
-4.45973 1.25699
-4.45473 1.25401
-4.44972 1.25096
-4.44472 1.24783
-4.43972 1.24462
-4.43472 1.24133
-4.42971 1.23796
-4.42471 1.23452
-4.41971 1.231
-4.41471 1.22741
-4.4097 1.22374
-4.4047 1.22
-4.3997 1.21619
-4.3947 1.21231
-4.38969 1.20836
-4.38469 1.20434
-4.37969 1.20025
-4.37469 1.1961
-4.36968 1.19188
-4.36468 1.1876
-4.35968 1.18326
-4.35468 1.17885
-4.34967 1.17439
-4.34467 1.16986
-4.33967 1.16527
-4.33467 1.16063
-4.32966 1.15594
-4.32466 1.15118
-4.31966 1.14638
-4.31466 1.14152
-4.30965 1.13661
-4.30465 1.13166
-4.29965 1.12665
-4.29465 1.1216
-4.28964 1.1165
-4.28464 1.11135
-4.27964 1.10617
-4.27464 1.10094
-4.26963 1.09567
-4.26463 1.09036
-4.25963 1.08501
-4.25463 1.07962
-4.24962 1.0742
-4.24462 1.06875
-4.23962 1.06326
-4.23462 1.05774
-4.22961 1.05219
-4.22461 1.04661
-4.21961 1.04101
-4.21461 1.03537
-4.2096 1.02971
-4.2046 1.02403
-4.1996 1.01832
-4.1946 1.01259
-4.18959 1.00685
-4.18459 1.00108
-4.17959 0.995293
-4.17459 0.98949
-4.16958 0.983672
-4.16458 0.97784
-4.15958 0.971994
-4.15458 0.966137
-4.14957 0.960269
-4.14457 0.954391
-4.13957 0.948505
-4.13457 0.942612
-4.12956 0.936713
-4.12456 0.930809
-4.11956 0.924902
-4.11456 0.918991
-4.10955 0.91308
-4.10455 0.907167
-4.09955 0.901256
-4.09455 0.895346
-4.08954 0.889439
-4.08454 0.883537
-4.07954 0.877639
-4.07454 0.871747
-4.06953 0.865862
-4.06453 0.859986
-4.05953 0.854118
-4.05453 0.848261
-4.04952 0.842414
-4.04452 0.83658
-4.03952 0.830758
-4.03452 0.824951
-4.02951 0.819158
-4.02451 0.813382
-4.01951 0.807622
-4.01451 0.801879
-4.0095 0.796155
-4.0045 0.790451
-3.9995 0.784766
-3.9945 0.779103
-3.98949 0.773461
-3.98449 0.767842
-3.97949 0.762247
-3.97449 0.756676
-3.96948 0.75113
-3.96448 0.74561
-3.95948 0.740116
-3.95448 0.734649
-3.94947 0.729211
-3.94447 0.723801
-3.93947 0.718421
-3.93447 0.71307
-3.92946 0.707751
-3.92446 0.702462
-3.91946 0.697206
-3.91446 0.691982
-3.90945 0.686792
-3.90445 0.681635
-3.89945 0.676513
-3.89445 0.671426
-3.88944 0.666374
-3.88444 0.661358
-3.87944 0.656379
-3.87444 0.651437
-3.86943 0.646533
-3.86443 0.641666
-3.85943 0.636838
-3.85443 0.63205
-3.84942 0.6273
-3.84442 0.622591
-3.83942 0.617921
-3.83442 0.613293
-3.82941 0.608705
-3.82441 0.604159
-3.81941 0.599655
-3.81441 0.595193
-3.8094 0.590773
-3.8044 0.586396
-3.7994 0.582062
-3.7944 0.577772
-3.78939 0.573525
-3.78439 0.569323
-3.77939 0.565164
-3.77439 0.56105
-3.76938 0.556981
-3.76438 0.552957
-3.75938 0.548978
-3.75438 0.545044
-3.74937 0.541156
-3.74437 0.537313
-3.73937 0.533517
-3.73437 0.529766
-3.72936 0.526062
-3.72436 0.522404
-3.71936 0.518792
-3.71436 0.515227
-3.70935 0.511708
-3.70435 0.508237
-3.69935 0.504812
-3.69435 0.501433
-3.68934 0.498102
-3.68434 0.494818
-3.67934 0.49158
-3.67434 0.48839
-3.66933 0.485247
-3.66433 0.48215
-3.65933 0.479101
-3.65433 0.476099
-3.64932 0.473143
-3.64432 0.470235
-3.63932 0.467373
-3.63432 0.464558
-3.62931 0.46179
-3.62431 0.459069
-3.61931 0.456394
-3.61431 0.453766
-3.6093 0.451184
-3.6043 0.448648
-3.5993 0.446159
-3.5943 0.443715
-3.58929 0.441318
-3.58429 0.438966
-3.57929 0.43666
-3.57429 0.434399
-3.56928 0.432184
-3.56428 0.430014
-3.55928 0.427889
-3.55428 0.425808
-3.54927 0.423773
-3.54427 0.421781
-3.53927 0.419834
-3.53427 0.417931
-3.52926 0.416071
-3.52426 0.414255
-3.51926 0.412482
-3.51426 0.410753
-3.50925 0.409066
-3.50425 0.407421
-3.49925 0.405819
-3.49425 0.404259
-3.48924 0.402741
-3.48424 0.401264
-3.47924 0.399829
-3.47424 0.398434
-3.46923 0.397081
-3.46423 0.395767
-3.45923 0.394494
-3.45423 0.39326
-3.44922 0.392066
-3.44422 0.390911
-3.43922 0.389795
-3.43422 0.388717
-3.42921 0.387678
-3.42421 0.386677
-3.41921 0.385713
-3.41421 0.384786
-3.4092 0.383896
-3.4042 0.383043
-3.3992 0.382226
-3.3942 0.381445
-3.38919 0.3807
-3.38419 0.379989
-3.37919 0.379314
-3.37419 0.378673
-3.36918 0.378066
-3.36418 0.377493
-3.35918 0.376953
-3.35418 0.376447
-3.34917 0.375973
-3.34417 0.375531
-3.33917 0.375121
-3.33417 0.374743
-3.32916 0.374396
-3.32416 0.37408
-3.31916 0.373795
-3.31416 0.37354
-3.30915 0.373314
-3.30415 0.373118
-3.29915 0.37295
-3.29415 0.372811
-3.28914 0.372701
-3.28414 0.372618
-3.27914 0.372563
-3.27414 0.372535
-3.26913 0.372533
-3.26413 0.372558
-3.25913 0.372609
-3.25413 0.372686
-3.24912 0.372787
-3.24412 0.372914
-3.23912 0.373065
-3.23412 0.37324
-3.22911 0.373438
-3.22411 0.37366
-3.21911 0.373905
-3.21411 0.374173
-3.2091 0.374463
-3.2041 0.374774
-3.1991 0.375107
-3.1941 0.375461
-3.18909 0.375836
-3.18409 0.376231
-3.17909 0.376647
-3.17409 0.377081
-3.16908 0.377536
-3.16408 0.378009
-3.15908 0.3785
-3.15408 0.37901
-3.14907 0.379538
-3.14407 0.380083
-3.13907 0.380645
-3.13407 0.381225
-3.12906 0.38182
-3.12406 0.382432
-3.11906 0.38306
-3.11406 0.383703
-3.10905 0.384361
-3.10405 0.385034
-3.09905 0.385721
-3.09405 0.386422
-3.08904 0.387138
-3.08404 0.387867
-3.07904 0.388609
-3.07404 0.389363
-3.06903 0.390131
-3.06403 0.39091
-3.05903 0.391702
-3.05403 0.392505
-3.04902 0.39332
-3.04402 0.394145
-3.03902 0.394981
-3.03402 0.395828
-3.02901 0.396685
-3.02401 0.397552
-3.01901 0.398428
-3.01401 0.399314
-3.009 0.400209
-3.004 0.401113
-2.999 0.402025
-2.994 0.402945
-2.98899 0.403874
-2.98399 0.40481
-2.97899 0.405754
-2.97399 0.406705
-2.96898 0.407663
-2.96398 0.408628
-2.95898 0.409599
-2.95398 0.410577
-2.94897 0.411561
-2.94397 0.412551
-2.93897 0.413547
-2.93397 0.414548
-2.92896 0.415554
-2.92396 0.416566
-2.91896 0.417582
-2.91396 0.418603
-2.90895 0.419628
-2.90395 0.420658
-2.89895 0.421692
-2.89395 0.42273
-2.88894 0.423771
-2.88394 0.424817
-2.87894 0.425865
-2.87394 0.426917
-2.86893 0.427972
-2.86393 0.42903
-2.85893 0.430091
-2.85393 0.431155
-2.84892 0.432221
-2.84392 0.433289
-2.83892 0.43436
-2.83392 0.435433
-2.82891 0.436508
-2.82391 0.437585
-2.81891 0.438663
-2.81391 0.439744
-2.8089 0.440826
-2.8039 0.441909
-2.7989 0.442994
-2.7939 0.444081
-2.78889 0.445168
-2.78389 0.446257
-2.77889 0.447347
-2.77389 0.448437
-2.76888 0.449529
-2.76388 0.450622
-2.75888 0.451715
-2.75388 0.452809
-2.74887 0.453904
-2.74387 0.455
-2.73887 0.456096
-2.73387 0.457193
-2.72886 0.458291
-2.72386 0.459389
-2.71886 0.460487
-2.71386 0.461586
-2.70885 0.462686
-2.70385 0.463786
-2.69885 0.464886
-2.69385 0.465987
-2.68884 0.467089
-2.68384 0.468191
-2.67884 0.469294
-2.67384 0.470397
-2.66883 0.4715
-2.66383 0.472604
-2.65883 0.473709
-2.65383 0.474814
-2.64882 0.47592
-2.64382 0.477027
-2.63882 0.478134
-2.63382 0.479243
-2.62881 0.480352
-2.62381 0.481462
-2.61881 0.482573
-2.61381 0.483685
-2.6088 0.484798
-2.6038 0.485912
-2.5988 0.487027
-2.5938 0.488144
-2.58879 0.489262
-2.58379 0.490382
-2.57879 0.491503
-2.57379 0.492626
-2.56878 0.493751
-2.56378 0.494877
-2.55878 0.496005
-2.55378 0.497136
-2.54877 0.498269
-2.54377 0.499404
-2.53877 0.500541
-2.53377 0.501681
-2.52876 0.502824
-2.52376 0.503969
-2.51876 0.505117
-2.51376 0.506269
-2.50875 0.507423
-2.50375 0.508581
-2.49875 0.509743
-2.49375 0.510907
-2.48874 0.512076
-2.48374 0.513249
-2.47874 0.514425
-2.47374 0.515606
-2.46873 0.516792
-2.46373 0.517981
-2.45873 0.519176
-2.45373 0.520375
-2.44872 0.52158
-2.44372 0.522789
-2.43872 0.524005
-2.43372 0.525225
-2.42871 0.526452
-2.42371 0.527684
-2.41871 0.528922
-2.41371 0.530167
-2.4087 0.531418
-2.4037 0.532676
-2.3987 0.533941
-2.3937 0.535213
-2.38869 0.536492
-2.38369 0.537778
-2.37869 0.539073
-2.37369 0.540375
-2.36868 0.541685
-2.36368 0.543004
-2.35868 0.544331
-2.35368 0.545666
-2.34867 0.547011
-2.34367 0.548365
-2.33867 0.549728
-2.33367 0.5511
-2.32866 0.552483
-2.32366 0.553875
-2.31866 0.555278
-2.31366 0.556691
-2.30865 0.558115
-2.30365 0.559549
-2.29865 0.560995
-2.29365 0.562452
-2.28864 0.563921
-2.28364 0.565401
-2.27864 0.566894
-2.27364 0.568398
-2.26863 0.569916
-2.26363 0.571445
-2.25863 0.572988
-2.25363 0.574544
-2.24862 0.576114
-2.24362 0.577697
-2.23862 0.579294
-2.23362 0.580905
-2.22861 0.58253
-2.22361 0.58417
-2.21861 0.585825
-2.21361 0.587495
-2.2086 0.58918
-2.2036 0.590881
-2.1986 0.592597
-2.1936 0.59433
-2.18859 0.596079
-2.18359 0.597844
-2.17859 0.599626
-2.17359 0.601425
-2.16858 0.603241
-2.16358 0.605074
-2.15858 0.606925
-2.15358 0.608795
-2.14857 0.610682
-2.14357 0.612587
-2.13857 0.614512
-2.13357 0.616455
-2.12856 0.618417
-2.12356 0.620398
-2.11856 0.622399
-2.11356 0.62442
-2.10855 0.62646
-2.10355 0.628521
-2.09855 0.630603
-2.09355 0.632705
-2.08854 0.634828
-2.08354 0.636972
-2.07854 0.639137
-2.07354 0.641324
-2.06853 0.643533
-2.06353 0.645764
-2.05853 0.648017
-2.05353 0.650293
-2.04852 0.652591
-2.04352 0.654912
-2.03852 0.657257
-2.03352 0.659624
-2.02851 0.662016
-2.02351 0.66443
-2.01851 0.666869
-2.01351 0.669332
-2.0085 0.67182
-2.0035 0.674332
-1.9985 0.676869
-1.9935 0.67943
-1.98849 0.682017
-1.98349 0.68463
-1.97849 0.687267
-1.97349 0.689931
-1.96848 0.692621
-1.96348 0.695336
-1.95848 0.698078
-1.95348 0.700847
-1.94847 0.703642
-1.94347 0.706464
-1.93847 0.709313
-1.93347 0.71219
-1.92846 0.715093
-1.92346 0.718025
-1.91846 0.720984
-1.91346 0.723971
-1.90845 0.726986
-1.90345 0.730029
-1.89845 0.733101
-1.89345 0.736201
-1.88844 0.739329
-1.88344 0.742487
-1.87844 0.745674
-1.87344 0.74889
-1.86843 0.752135
-1.86343 0.755409
-1.85843 0.758713
-1.85343 0.762047
-1.84842 0.76541
-1.84342 0.768804
-1.83842 0.772227
-1.83342 0.775681
-1.82841 0.779165
-1.82341 0.78268
-1.81841 0.786225
-1.81341 0.7898
-1.8084 0.793407
-1.8034 0.797044
-1.7984 0.800712
-1.7934 0.804412
-1.78839 0.808142
-1.78339 0.811904
-1.77839 0.815697
-1.77339 0.819521
-1.76838 0.823377
-1.76338 0.827265
-1.75838 0.831184
-1.75338 0.835135
-1.74837 0.839118
-1.74337 0.843133
-1.73837 0.847179
-1.73337 0.851258
-1.72836 0.855368
-1.72336 0.859511
-1.71836 0.863686
-1.71336 0.867893
-1.70835 0.872132
-1.70335 0.876403
-1.69835 0.880707
-1.69335 0.885043
-1.68834 0.889411
-1.68334 0.893812
-1.67834 0.898245
-1.67334 0.902711
-1.66833 0.907209
-1.66333 0.911739
-1.65833 0.916302
-1.65333 0.920897
-1.64832 0.925525
-1.64332 0.930185
-1.63832 0.934877
-1.63332 0.939602
-1.62831 0.944359
-1.62331 0.949149
-1.61831 0.953971
-1.61331 0.958825
-1.6083 0.963712
-1.6033 0.96863
-1.5983 0.973581
-1.5933 0.978564
-1.58829 0.98358
-1.58329 0.988627
-1.57829 0.993706
-1.57329 0.998817
-1.56828 1.00396
-1.56328 1.00913
-1.55828 1.01434
-1.55328 1.01958
-1.54827 1.02485
-1.54327 1.03015
-1.53827 1.03548
-1.53327 1.04085
-1.52826 1.04624
-1.52326 1.05167
-1.51826 1.05713
-1.51326 1.06261
-1.50825 1.06813
-1.50325 1.07368
-1.49825 1.07926
-1.49325 1.08487
-1.48824 1.09051
-1.48324 1.09619
-1.47824 1.10189
-1.47324 1.10762
-1.46823 1.11338
-1.46323 1.11917
-1.45823 1.12499
-1.45323 1.13084
-1.44822 1.13672
-1.44322 1.14263
-1.43822 1.14856
-1.43322 1.15453
-1.42821 1.16052
-1.42321 1.16654
-1.41821 1.17259
-1.41321 1.17867
-1.4082 1.18478
-1.4032 1.19091
-1.3982 1.19707
-1.3932 1.20326
-1.38819 1.20948
-1.38319 1.21572
-1.37819 1.22199
-1.37319 1.22828
-1.36818 1.2346
-1.36318 1.24095
-1.35818 1.24732
-1.35318 1.25372
-1.34817 1.26015
-1.34317 1.2666
-1.33817 1.27307
-1.33317 1.27957
-1.32816 1.28609
-1.32316 1.29264
-1.31816 1.29921
-1.31316 1.3058
-1.30815 1.31242
-1.30315 1.31906
-1.29815 1.32572
-1.29315 1.33241
-1.28814 1.33912
-1.28314 1.34585
-1.27814 1.3526
-1.27314 1.35937
-1.26813 1.36617
-1.26313 1.37298
-1.25813 1.37982
-1.25313 1.38667
-1.24812 1.39355
-1.24312 1.40045
-1.23812 1.40736
-1.23312 1.4143
-1.22811 1.42125
-1.22311 1.42822
-1.21811 1.43521
-1.21311 1.44222
-1.2081 1.44924
-1.2031 1.45629
-1.1981 1.46334
-1.1931 1.47042
-1.18809 1.47751
-1.18309 1.48462
-1.17809 1.49174
-1.17309 1.49888
-1.16808 1.50603
-1.16308 1.5132
-1.15808 1.52038
-1.15308 1.52758
-1.14807 1.53479
-1.14307 1.54201
-1.13807 1.54925
-1.13307 1.55649
-1.12806 1.56375
-1.12306 1.57102
-1.11806 1.5783
-1.11306 1.5856
-1.10805 1.5929
-1.10305 1.60021
-1.09805 1.60754
-1.09305 1.61487
-1.08804 1.62221
-1.08304 1.62956
-1.07804 1.63692
-1.07304 1.64429
-1.06803 1.65166
-1.06303 1.65904
-1.05803 1.66643
-1.05303 1.67382
-1.04802 1.68122
-1.04302 1.68863
-1.03802 1.69604
-1.03302 1.70345
-1.02801 1.71087
-1.02301 1.7183
-1.01801 1.72572
-1.01301 1.73315
-1.008 1.74058
-1.003 1.74802
-0.997999 1.75545
-0.992996 1.76289
-0.987994 1.77033
-0.982991 1.77777
-0.977989 1.78521
-0.972986 1.79264
-0.967984 1.80008
-0.962981 1.80752
-0.957979 1.81495
-0.952976 1.82239
-0.947974 1.82982
-0.942971 1.83724
-0.937969 1.84467
-0.932966 1.85209
-0.927964 1.8595
-0.922961 1.86692
-0.917959 1.87432
-0.912956 1.88172
-0.907954 1.88912
-0.902951 1.89651
-0.897949 1.90389
-0.892946 1.91126
-0.887944 1.91863
-0.882941 1.92599
-0.877939 1.93334
-0.872936 1.94068
-0.867934 1.94801
-0.862931 1.95533
-0.857929 1.96264
-0.852926 1.96994
-0.847924 1.97723
-0.842921 1.98451
-0.837919 1.99178
-0.832916 1.99903
-0.827914 2.00627
-0.822911 2.01349
-0.817909 2.02071
-0.812906 2.0279
-0.807904 2.03509
-0.802901 2.04225
-0.797899 2.04941
-0.792896 2.05654
-0.787894 2.06366
-0.782891 2.07076
-0.777889 2.07785
-0.772886 2.08492
-0.767884 2.09196
-0.762881 2.09899
-0.757879 2.106
-0.752876 2.11299
-0.747874 2.11996
-0.742871 2.12691
-0.737869 2.13384
-0.732866 2.14075
-0.727864 2.14763
-0.722861 2.1545
-0.717859 2.16134
-0.712856 2.16815
-0.707854 2.17495
-0.702851 2.18172
-0.697849 2.18846
-0.692846 2.19518
-0.687844 2.20187
-0.682841 2.20854
-0.677839 2.21518
-0.672836 2.2218
-0.667834 2.22838
-0.662831 2.23494
-0.657829 2.24148
-0.652826 2.24798
-0.647824 2.25445
-0.642821 2.2609
-0.637819 2.26732
-0.632816 2.2737
-0.627814 2.28006
-0.622811 2.28638
-0.617809 2.29267
-0.612806 2.29893
-0.607804 2.30516
-0.602801 2.31136
-0.597799 2.31752
-0.592796 2.32365
-0.587794 2.32974
-0.582791 2.3358
-0.577789 2.34183
-0.572786 2.34782
-0.567784 2.35378
-0.562781 2.3597
-0.557779 2.36558
-0.552776 2.37143
-0.547774 2.37724
-0.542771 2.38301
-0.537769 2.38874
-0.532766 2.39444
-0.527764 2.40009
-0.522761 2.40571
-0.517759 2.41129
-0.512756 2.41683
-0.507754 2.42233
-0.502751 2.42779
-0.497749 2.43321
-0.492746 2.43858
-0.487744 2.44392
-0.482741 2.44921
-0.477739 2.45446
-0.472736 2.45967
-0.467734 2.46483
-0.462731 2.46995
-0.457729 2.47503
-0.452726 2.48006
-0.447724 2.48505
-0.442721 2.49
-0.437719 2.49489
-0.432716 2.49975
-0.427714 2.50456
-0.422711 2.50932
-0.417709 2.51403
-0.412706 2.5187
-0.407704 2.52332
-0.402701 2.52789
-0.397699 2.53242
-0.392696 2.5369
-0.387694 2.54133
-0.382691 2.54571
-0.377689 2.55004
-0.372686 2.55432
-0.367684 2.55856
-0.362681 2.56274
-0.357679 2.56687
-0.352676 2.57095
-0.347674 2.57499
-0.342671 2.57897
-0.337669 2.5829
-0.332666 2.58677
-0.327664 2.5906
-0.322661 2.59438
-0.317659 2.5981
-0.312656 2.60177
-0.307654 2.60538
-0.302651 2.60895
-0.297649 2.61246
-0.292646 2.61591
-0.287644 2.61931
-0.282641 2.62266
-0.277639 2.62596
-0.272636 2.6292
-0.267634 2.63238
-0.262631 2.63551
-0.257629 2.63858
-0.252626 2.6416
-0.247624 2.64457
-0.242621 2.64747
-0.237619 2.65033
-0.232616 2.65312
-0.227614 2.65586
-0.222611 2.65854
-0.217609 2.66117
-0.212606 2.66373
-0.207604 2.66625
-0.202601 2.6687
-0.197599 2.67109
-0.192596 2.67343
-0.187594 2.67571
-0.182591 2.67794
-0.177589 2.6801
-0.172586 2.68221
-0.167584 2.68425
-0.162581 2.68624
-0.157579 2.68817
-0.152576 2.69004
-0.147574 2.69186
-0.142571 2.69361
-0.137569 2.6953
-0.132566 2.69694
-0.127564 2.69851
-0.122561 2.70003
-0.117559 2.70148
-0.112556 2.70288
-0.107554 2.70421
-0.102551 2.70549
-0.0975488 2.7067
-0.0925463 2.70786
-0.0875438 2.70895
-0.0825413 2.70999
-0.0775388 2.71096
-0.0725363 2.71187
-0.0675338 2.71273
-0.0625313 2.71352
-0.0575288 2.71425
-0.0525263 2.71492
-0.0475238 2.71553
-0.0425213 2.71608
-0.0375188 2.71657
-0.0325163 2.71699
-0.0275138 2.71736
-0.0225113 2.71766
-0.0175088 2.71791
-0.0125063 2.71809
-0.00750375 2.71821
-0.00250125 2.71827
0.00250125 2.71827
0.00750375 2.71821
0.0125063 2.71809
0.0175088 2.71791
0.0225113 2.71766
0.0275138 2.71736
0.0325163 2.71699
0.0375188 2.71657
0.0425213 2.71608
0.0475238 2.71553
0.0525263 2.71492
0.0575288 2.71425
0.0625313 2.71352
0.0675338 2.71273
0.0725363 2.71187
0.0775388 2.71096
0.0825413 2.70999
0.0875438 2.70895
0.0925463 2.70786
0.0975488 2.7067
0.102551 2.70549
0.107554 2.70421
0.112556 2.70288
0.117559 2.70148
0.122561 2.70003
0.127564 2.69851
0.132566 2.69694
0.137569 2.6953
0.142571 2.69361
0.147574 2.69186
0.152576 2.69004
0.157579 2.68817
0.162581 2.68624
0.167584 2.68425
0.172586 2.68221
0.177589 2.6801
0.182591 2.67794
0.187594 2.67571
0.192596 2.67343
0.197599 2.67109
0.202601 2.6687
0.207604 2.66625
0.212606 2.66373
0.217609 2.66117
0.222611 2.65854
0.227614 2.65586
0.232616 2.65312
0.237619 2.65033
0.242621 2.64747
0.247624 2.64457
0.252626 2.6416
0.257629 2.63858
0.262631 2.63551
0.267634 2.63238
0.272636 2.6292
0.277639 2.62596
0.282641 2.62266
0.287644 2.61931
0.292646 2.61591
0.297649 2.61246
0.302651 2.60895
0.307654 2.60538
0.312656 2.60177
0.317659 2.5981
0.322661 2.59438
0.327664 2.5906
0.332666 2.58677
0.337669 2.5829
0.342671 2.57897
0.347674 2.57499
0.352676 2.57095
0.357679 2.56687
0.362681 2.56274
0.367684 2.55856
0.372686 2.55432
0.377689 2.55004
0.382691 2.54571
0.387694 2.54133
0.392696 2.5369
0.397699 2.53242
0.402701 2.52789
0.407704 2.52332
0.412706 2.5187
0.417709 2.51403
0.422711 2.50932
0.427714 2.50456
0.432716 2.49975
0.437719 2.49489
0.442721 2.49
0.447724 2.48505
0.452726 2.48006
0.457729 2.47503
0.462731 2.46995
0.467734 2.46483
0.472736 2.45967
0.477739 2.45446
0.482741 2.44921
0.487744 2.44392
0.492746 2.43858
0.497749 2.43321
0.502751 2.42779
0.507754 2.42233
0.512756 2.41683
0.517759 2.41129
0.522761 2.40571
0.527764 2.40009
0.532766 2.39444
0.537769 2.38874
0.542771 2.38301
0.547774 2.37724
0.552776 2.37143
0.557779 2.36558
0.562781 2.3597
0.567784 2.35378
0.572786 2.34782
0.577789 2.34183
0.582791 2.3358
0.587794 2.32974
0.592796 2.32365
0.597799 2.31752
0.602801 2.31136
0.607804 2.30516
0.612806 2.29893
0.617809 2.29267
0.622811 2.28638
0.627814 2.28006
0.632816 2.2737
0.637819 2.26732
0.642821 2.2609
0.647824 2.25445
0.652826 2.24798
0.657829 2.24148
0.662831 2.23494
0.667834 2.22838
0.672836 2.2218
0.677839 2.21518
0.682841 2.20854
0.687844 2.20187
0.692846 2.19518
0.697849 2.18846
0.702851 2.18172
0.707854 2.17495
0.712856 2.16815
0.717859 2.16134
0.722861 2.1545
0.727864 2.14763
0.732866 2.14075
0.737869 2.13384
0.742871 2.12691
0.747874 2.11996
0.752876 2.11299
0.757879 2.106
0.762881 2.09899
0.767884 2.09196
0.772886 2.08492
0.777889 2.07785
0.782891 2.07076
0.787894 2.06366
0.792896 2.05654
0.797899 2.04941
0.802901 2.04225
0.807904 2.03509
0.812906 2.0279
0.817909 2.02071
0.822911 2.01349
0.827914 2.00627
0.832916 1.99903
0.837919 1.99178
0.842921 1.98451
0.847924 1.97723
0.852926 1.96994
0.857929 1.96264
0.862931 1.95533
0.867934 1.94801
0.872936 1.94068
0.877939 1.93334
0.882941 1.92599
0.887944 1.91863
0.892946 1.91126
0.897949 1.90389
0.902951 1.89651
0.907954 1.88912
0.912956 1.88172
0.917959 1.87432
0.922961 1.86692
0.927964 1.8595
0.932966 1.85209
0.937969 1.84467
0.942971 1.83724
0.947974 1.82982
0.952976 1.82239
0.957979 1.81495
0.962981 1.80752
0.967984 1.80008
0.972986 1.79264
0.977989 1.78521
0.982991 1.77777
0.987994 1.77033
0.992996 1.76289
0.997999 1.75545
1.003 1.74802
1.008 1.74058
1.01301 1.73315
1.01801 1.72572
1.02301 1.7183
1.02801 1.71087
1.03302 1.70345
1.03802 1.69604
1.04302 1.68863
1.04802 1.68122
1.05303 1.67382
1.05803 1.66643
1.06303 1.65904
1.06803 1.65166
1.07304 1.64429
1.07804 1.63692
1.08304 1.62956
1.08804 1.62221
1.09305 1.61487
1.09805 1.60754
1.10305 1.60021
1.10805 1.5929
1.11306 1.5856
1.11806 1.5783
1.12306 1.57102
1.12806 1.56375
1.13307 1.55649
1.13807 1.54925
1.14307 1.54201
1.14807 1.53479
1.15308 1.52758
1.15808 1.52038
1.16308 1.5132
1.16808 1.50603
1.17309 1.49888
1.17809 1.49174
1.18309 1.48462
1.18809 1.47751
1.1931 1.47042
1.1981 1.46334
1.2031 1.45629
1.2081 1.44924
1.21311 1.44222
1.21811 1.43521
1.22311 1.42822
1.22811 1.42125
1.23312 1.4143
1.23812 1.40736
1.24312 1.40045
1.24812 1.39355
1.25313 1.38667
1.25813 1.37982
1.26313 1.37298
1.26813 1.36617
1.27314 1.35937
1.27814 1.3526
1.28314 1.34585
1.28814 1.33912
1.29315 1.33241
1.29815 1.32572
1.30315 1.31906
1.30815 1.31242
1.31316 1.3058
1.31816 1.29921
1.32316 1.29264
1.32816 1.28609
1.33317 1.27957
1.33817 1.27307
1.34317 1.2666
1.34817 1.26015
1.35318 1.25372
1.35818 1.24732
1.36318 1.24095
1.36818 1.2346
1.37319 1.22828
1.37819 1.22199
1.38319 1.21572
1.38819 1.20948
1.3932 1.20326
1.3982 1.19707
1.4032 1.19091
1.4082 1.18478
1.41321 1.17867
1.41821 1.17259
1.42321 1.16654
1.42821 1.16052
1.43322 1.15453
1.43822 1.14856
1.44322 1.14263
1.44822 1.13672
1.45323 1.13084
1.45823 1.12499
1.46323 1.11917
1.46823 1.11338
1.47324 1.10762
1.47824 1.10189
1.48324 1.09619
1.48824 1.09051
1.49325 1.08487
1.49825 1.07926
1.50325 1.07368
1.50825 1.06813
1.51326 1.06261
1.51826 1.05713
1.52326 1.05167
1.52826 1.04624
1.53327 1.04085
1.53827 1.03548
1.54327 1.03015
1.54827 1.02485
1.55328 1.01958
1.55828 1.01434
1.56328 1.00913
1.56828 1.00396
1.57329 0.998817
1.57829 0.993706
1.58329 0.988627
1.58829 0.98358
1.5933 0.978564
1.5983 0.973581
1.6033 0.96863
1.6083 0.963712
1.61331 0.958825
1.61831 0.953971
1.62331 0.949149
1.62831 0.944359
1.63332 0.939602
1.63832 0.934877
1.64332 0.930185
1.64832 0.925525
1.65333 0.920897
1.65833 0.916302
1.66333 0.911739
1.66833 0.907209
1.67334 0.902711
1.67834 0.898245
1.68334 0.893812
1.68834 0.889411
1.69335 0.885043
1.69835 0.880707
1.70335 0.876403
1.70835 0.872132
1.71336 0.867893
1.71836 0.863686
1.72336 0.859511
1.72836 0.855368
1.73337 0.851258
1.73837 0.847179
1.74337 0.843133
1.74837 0.839118
1.75338 0.835135
1.75838 0.831184
1.76338 0.827265
1.76838 0.823377
1.77339 0.819521
1.77839 0.815697
1.78339 0.811904
1.78839 0.808142
1.7934 0.804412
1.7984 0.800712
1.8034 0.797044
1.8084 0.793407
1.81341 0.7898
1.81841 0.786225
1.82341 0.78268
1.82841 0.779165
1.83342 0.775681
1.83842 0.772227
1.84342 0.768804
1.84842 0.76541
1.85343 0.762047
1.85843 0.758713
1.86343 0.755409
1.86843 0.752135
1.87344 0.74889
1.87844 0.745674
1.88344 0.742487
1.88844 0.739329
1.89345 0.736201
1.89845 0.733101
1.90345 0.730029
1.90845 0.726986
1.91346 0.723971
1.91846 0.720984
1.92346 0.718025
1.92846 0.715093
1.93347 0.71219
1.93847 0.709313
1.94347 0.706464
1.94847 0.703642
1.95348 0.700847
1.95848 0.698078
1.96348 0.695336
1.96848 0.692621
1.97349 0.689931
1.97849 0.687267
1.98349 0.68463
1.98849 0.682017
1.9935 0.67943
1.9985 0.676869
2.0035 0.674332
2.0085 0.67182
2.01351 0.669332
2.01851 0.666869
2.02351 0.66443
2.02851 0.662016
2.03352 0.659624
2.03852 0.657257
2.04352 0.654912
2.04852 0.652591
2.05353 0.650293
2.05853 0.648017
2.06353 0.645764
2.06853 0.643533
2.07354 0.641324
2.07854 0.639137
2.08354 0.636972
2.08854 0.634828
2.09355 0.632705
2.09855 0.630603
2.10355 0.628521
2.10855 0.62646
2.11356 0.62442
2.11856 0.622399
2.12356 0.620398
2.12856 0.618417
2.13357 0.616455
2.13857 0.614512
2.14357 0.612587
2.14857 0.610682
2.15358 0.608795
2.15858 0.606925
2.16358 0.605074
2.16858 0.603241
2.17359 0.601425
2.17859 0.599626
2.18359 0.597844
2.18859 0.596079
2.1936 0.59433
2.1986 0.592597
2.2036 0.590881
2.2086 0.58918
2.21361 0.587495
2.21861 0.585825
2.22361 0.58417
2.22861 0.58253
2.23362 0.580905
2.23862 0.579294
2.24362 0.577697
2.24862 0.576114
2.25363 0.574544
2.25863 0.572988
2.26363 0.571445
2.26863 0.569916
2.27364 0.568398
2.27864 0.566894
2.28364 0.565401
2.28864 0.563921
2.29365 0.562452
2.29865 0.560995
2.30365 0.559549
2.30865 0.558115
2.31366 0.556691
2.31866 0.555278
2.32366 0.553875
2.32866 0.552483
2.33367 0.5511
2.33867 0.549728
2.34367 0.548365
2.34867 0.547011
2.35368 0.545666
2.35868 0.544331
2.36368 0.543004
2.36868 0.541685
2.37369 0.540375
2.37869 0.539073
2.38369 0.537778
2.38869 0.536492
2.3937 0.535213
2.3987 0.533941
2.4037 0.532676
2.4087 0.531418
2.41371 0.530167
2.41871 0.528922
2.42371 0.527684
2.42871 0.526452
2.43372 0.525225
2.43872 0.524005
2.44372 0.522789
2.44872 0.52158
2.45373 0.520375
2.45873 0.519176
2.46373 0.517981
2.46873 0.516792
2.47374 0.515606
2.47874 0.514425
2.48374 0.513249
2.48874 0.512076
2.49375 0.510907
2.49875 0.509743
2.50375 0.508581
2.50875 0.507423
2.51376 0.506269
2.51876 0.505117
2.52376 0.503969
2.52876 0.502824
2.53377 0.501681
2.53877 0.500541
2.54377 0.499404
2.54877 0.498269
2.55378 0.497136
2.55878 0.496005
2.56378 0.494877
2.56878 0.493751
2.57379 0.492626
2.57879 0.491503
2.58379 0.490382
2.58879 0.489262
2.5938 0.488144
2.5988 0.487027
2.6038 0.485912
2.6088 0.484798
2.61381 0.483685
2.61881 0.482573
2.62381 0.481462
2.62881 0.480352
2.63382 0.479243
2.63882 0.478134
2.64382 0.477027
2.64882 0.47592
2.65383 0.474814
2.65883 0.473709
2.66383 0.472604
2.66883 0.4715
2.67384 0.470397
2.67884 0.469294
2.68384 0.468191
2.68884 0.467089
2.69385 0.465987
2.69885 0.464886
2.70385 0.463786
2.70885 0.462686
2.71386 0.461586
2.71886 0.460487
2.72386 0.459389
2.72886 0.458291
2.73387 0.457193
2.73887 0.456096
2.74387 0.455
2.74887 0.453904
2.75388 0.452809
2.75888 0.451715
2.76388 0.450622
2.76888 0.449529
2.77389 0.448437
2.77889 0.447347
2.78389 0.446257
2.78889 0.445168
2.7939 0.444081
2.7989 0.442994
2.8039 0.441909
2.8089 0.440826
2.81391 0.439744
2.81891 0.438663
2.82391 0.437585
2.82891 0.436508
2.83392 0.435433
2.83892 0.43436
2.84392 0.433289
2.84892 0.432221
2.85393 0.431155
2.85893 0.430091
2.86393 0.42903
2.86893 0.427972
2.87394 0.426917
2.87894 0.425865
2.88394 0.424817
2.88894 0.423771
2.89395 0.42273
2.89895 0.421692
2.90395 0.420658
2.90895 0.419628
2.91396 0.418603
2.91896 0.417582
2.92396 0.416566
2.92896 0.415554
2.93397 0.414548
2.93897 0.413547
2.94397 0.412551
2.94897 0.411561
2.95398 0.410577
2.95898 0.409599
2.96398 0.408628
2.96898 0.407663
2.97399 0.406705
2.97899 0.405754
2.98399 0.40481
2.98899 0.403874
2.994 0.402945
2.999 0.402025
3.004 0.401113
3.009 0.400209
3.01401 0.399314
3.01901 0.398428
3.02401 0.397552
3.02901 0.396685
3.03402 0.395828
3.03902 0.394981
3.04402 0.394145
3.04902 0.39332
3.05403 0.392505
3.05903 0.391702
3.06403 0.39091
3.06903 0.390131
3.07404 0.389363
3.07904 0.388609
3.08404 0.387867
3.08904 0.387138
3.09405 0.386422
3.09905 0.385721
3.10405 0.385034
3.10905 0.384361
3.11406 0.383703
3.11906 0.38306
3.12406 0.382432
3.12906 0.38182
3.13407 0.381225
3.13907 0.380645
3.14407 0.380083
3.14907 0.379538
3.15408 0.37901
3.15908 0.3785
3.16408 0.378009
3.16908 0.377536
3.17409 0.377081
3.17909 0.376647
3.18409 0.376231
3.18909 0.375836
3.1941 0.375461
3.1991 0.375107
3.2041 0.374774
3.2091 0.374463
3.21411 0.374173
3.21911 0.373905
3.22411 0.37366
3.22911 0.373438
3.23412 0.37324
3.23912 0.373065
3.24412 0.372914
3.24912 0.372787
3.25413 0.372686
3.25913 0.372609
3.26413 0.372558
3.26913 0.372533
3.27414 0.372535
3.27914 0.372563
3.28414 0.372618
3.28914 0.372701
3.29415 0.372811
3.29915 0.37295
3.30415 0.373118
3.30915 0.373314
3.31416 0.37354
3.31916 0.373795
3.32416 0.37408
3.32916 0.374396
3.33417 0.374743
3.33917 0.375121
3.34417 0.375531
3.34917 0.375973
3.35418 0.376447
3.35918 0.376953
3.36418 0.377493
3.36918 0.378066
3.37419 0.378673
3.37919 0.379314
3.38419 0.379989
3.38919 0.3807
3.3942 0.381445
3.3992 0.382226
3.4042 0.383043
3.4092 0.383896
3.41421 0.384786
3.41921 0.385713
3.42421 0.386677
3.42921 0.387678
3.43422 0.388717
3.43922 0.389795
3.44422 0.390911
3.44922 0.392066
3.45423 0.39326
3.45923 0.394494
3.46423 0.395767
3.46923 0.397081
3.47424 0.398434
3.47924 0.399829
3.48424 0.401264
3.48924 0.402741
3.49425 0.404259
3.49925 0.405819
3.50425 0.407421
3.50925 0.409066
3.51426 0.410753
3.51926 0.412482
3.52426 0.414255
3.52926 0.416071
3.53427 0.417931
3.53927 0.419834
3.54427 0.421781
3.54927 0.423773
3.55428 0.425808
3.55928 0.427889
3.56428 0.430014
3.56928 0.432184
3.57429 0.434399
3.57929 0.43666
3.58429 0.438966
3.58929 0.441318
3.5943 0.443715
3.5993 0.446159
3.6043 0.448648
3.6093 0.451184
3.61431 0.453766
3.61931 0.456394
3.62431 0.459069
3.62931 0.46179
3.63432 0.464558
3.63932 0.467373
3.64432 0.470235
3.64932 0.473143
3.65433 0.476099
3.65933 0.479101
3.66433 0.48215
3.66933 0.485247
3.67434 0.48839
3.67934 0.49158
3.68434 0.494818
3.68934 0.498102
3.69435 0.501433
3.69935 0.504812
3.70435 0.508237
3.70935 0.511708
3.71436 0.515227
3.71936 0.518792
3.72436 0.522404
3.72936 0.526062
3.73437 0.529766
3.73937 0.533517
3.74437 0.537313
3.74937 0.541156
3.75438 0.545044
3.75938 0.548978
3.76438 0.552957
3.76938 0.556981
3.77439 0.56105
3.77939 0.565164
3.78439 0.569323
3.78939 0.573525
3.7944 0.577772
3.7994 0.582062
3.8044 0.586396
3.8094 0.590773
3.81441 0.595193
3.81941 0.599655
3.82441 0.604159
3.82941 0.608705
3.83442 0.613293
3.83942 0.617921
3.84442 0.622591
3.84942 0.6273
3.85443 0.63205
3.85943 0.636838
3.86443 0.641666
3.86943 0.646533
3.87444 0.651437
3.87944 0.656379
3.88444 0.661358
3.88944 0.666374
3.89445 0.671426
3.89945 0.676513
3.90445 0.681635
3.90945 0.686792
3.91446 0.691982
3.91946 0.697206
3.92446 0.702462
3.92946 0.707751
3.93447 0.71307
3.93947 0.718421
3.94447 0.723801
3.94947 0.729211
3.95448 0.734649
3.95948 0.740116
3.96448 0.74561
3.96948 0.75113
3.97449 0.756676
3.97949 0.762247
3.98449 0.767842
3.98949 0.773461
3.9945 0.779103
3.9995 0.784766
4.0045 0.790451
4.0095 0.796155
4.01451 0.801879
4.01951 0.807622
4.02451 0.813382
4.02951 0.819158
4.03452 0.824951
4.03952 0.830758
4.04452 0.83658
4.04952 0.842414
4.05453 0.848261
4.05953 0.854118
4.06453 0.859986
4.06953 0.865862
4.07454 0.871747
4.07954 0.877639
4.08454 0.883537
4.08954 0.889439
4.09455 0.895346
4.09955 0.901256
4.10455 0.907167
4.10955 0.91308
4.11456 0.918991
4.11956 0.924902
4.12456 0.930809
4.12956 0.936713
4.13457 0.942612
4.13957 0.948505
4.14457 0.954391
4.14957 0.960269
4.15458 0.966137
4.15958 0.971994
4.16458 0.97784
4.16958 0.983672
4.17459 0.98949
4.17959 0.995293
4.18459 1.00108
4.18959 1.00685
4.1946 1.01259
4.1996 1.01832
4.2046 1.02403
4.2096 1.02971
4.21461 1.03537
4.21961 1.04101
4.22461 1.04661
4.22961 1.05219
4.23462 1.05774
4.23962 1.06326
4.24462 1.06875
4.24962 1.0742
4.25463 1.07962
4.25963 1.08501
4.26463 1.09036
4.26963 1.09567
4.27464 1.10094
4.27964 1.10617
4.28464 1.11135
4.28964 1.1165
4.29465 1.1216
4.29965 1.12665
4.30465 1.13166
4.30965 1.13661
4.31466 1.14152
4.31966 1.14638
4.32466 1.15118
4.32966 1.15594
4.33467 1.16063
4.33967 1.16527
4.34467 1.16986
4.34967 1.17439
4.35468 1.17885
4.35968 1.18326
4.36468 1.1876
4.36968 1.19188
4.37469 1.1961
4.37969 1.20025
4.38469 1.20434
4.38969 1.20836
4.3947 1.21231
4.3997 1.21619
4.4047 1.22
4.4097 1.22374
4.41471 1.22741
4.41971 1.231
4.42471 1.23452
4.42971 1.23796
4.43472 1.24133
4.43972 1.24462
4.44472 1.24783
4.44972 1.25096
4.45473 1.25401
4.45973 1.25699
4.46473 1.25988
4.46973 1.26269
4.47474 1.26541
4.47974 1.26806
4.48474 1.27062
4.48974 1.27309
4.49475 1.27548
4.49975 1.27779
4.50475 1.28001
4.50975 1.28214
4.51476 1.28419
4.51976 1.28615
4.52476 1.28803
4.52976 1.28981
4.53477 1.29151
4.53977 1.29312
4.54477 1.29465
4.54977 1.29608
4.55478 1.29743
4.55978 1.29869
4.56478 1.29987
4.56978 1.30095
4.57479 1.30195
4.57979 1.30287
4.58479 1.30369
4.58979 1.30444
4.5948 1.30509
4.5998 1.30567
4.6048 1.30615
4.6098 1.30656
4.61481 1.30688
4.61981 1.30713
4.62481 1.30729
4.62981 1.30737
4.63482 1.30738
4.63982 1.3073
4.64482 1.30716
4.64982 1.30694
4.65483 1.30664
4.65983 1.30628
4.66483 1.30584
4.66983 1.30534
4.67484 1.30478
4.67984 1.30415
4.68484 1.30345
4.68984 1.3027
4.69485 1.3019
4.69985 1.30103
4.70485 1.30012
4.70985 1.29916
4.71486 1.29814
4.71986 1.29709
4.72486 1.296
4.72986 1.29486
4.73487 1.2937
4.73987 1.2925
4.74487 1.29128
4.74987 1.29003
4.75488 1.28876
4.75988 1.28748
4.76488 1.28618
4.76988 1.28488
4.77489 1.28357
4.77989 1.28227
4.78489 1.28097
4.78989 1.27968
4.7949 1.27841
4.7999 1.27716
4.8049 1.27593
4.8099 1.27474
4.81491 1.27358
4.81991 1.27247
4.82491 1.27141
4.82991 1.27041
4.83492 1.26946
4.83992 1.26859
4.84492 1.26779
4.84992 1.26707
4.85493 1.26645
4.85993 1.26592
4.86493 1.2655
4.86993 1.26518
4.87494 1.26499
4.87994 1.26493
4.88494 1.26501
4.88994 1.26523
4.89495 1.26561
4.89995 1.26616
4.90495 1.26687
4.90995 1.26777
4.91496 1.26887
4.91996 1.27017
4.92496 1.27168
4.92996 1.27341
4.93497 1.27539
4.93997 1.27761
4.94497 1.28009
4.94997 1.28283
4.95498 1.28587
4.95998 1.28919
4.96498 1.29282
4.96998 1.29678
4.97499 1.30106
4.97999 1.3057
4.98499 1.31069
4.98999 1.31606
4.995 1.32182
5 1.32798
