-3 0.371579
-2.99399 0.371953
-2.98799 0.37244
-2.98198 0.373037
-2.97598 0.373739
-2.96997 0.374543
-2.96396 0.375444
-2.95796 0.376439
-2.95195 0.377525
-2.94595 0.378697
-2.93994 0.379952
-2.93393 0.381286
-2.92793 0.382696
-2.92192 0.384179
-2.91592 0.385732
-2.90991 0.38735
-2.9039 0.389033
-2.8979 0.390775
-2.89189 0.392574
-2.88589 0.394428
-2.87988 0.396334
-2.87387 0.398289
-2.86787 0.40029
-2.86186 0.402335
-2.85586 0.404421
-2.84985 0.406546
-2.84384 0.408708
-2.83784 0.410903
-2.83183 0.413131
-2.82583 0.415388
-2.81982 0.417674
-2.81381 0.419985
-2.80781 0.422319
-2.8018 0.424676
-2.7958 0.427052
-2.78979 0.429446
-2.78378 0.431857
-2.77778 0.434283
-2.77177 0.436721
-2.76577 0.439172
-2.75976 0.441632
-2.75375 0.444101
-2.74775 0.446577
-2.74174 0.449058
-2.73574 0.451544
-2.72973 0.454034
-2.72372 0.456525
-2.71772 0.459018
-2.71171 0.46151
-2.70571 0.464
-2.6997 0.466489
-2.69369 0.468974
-2.68769 0.471455
-2.68168 0.473931
-2.67568 0.476401
-2.66967 0.478864
-2.66366 0.481319
-2.65766 0.483767
-2.65165 0.486205
-2.64565 0.488634
-2.63964 0.491053
-2.63363 0.493461
-2.62763 0.495858
-2.62162 0.498243
-2.61562 0.500616
-2.60961 0.502977
-2.6036 0.505325
-2.5976 0.507659
-2.59159 0.50998
-2.58559 0.512286
-2.57958 0.514579
-2.57357 0.516857
-2.56757 0.519121
-2.56156 0.52137
-2.55556 0.523604
-2.54955 0.525823
-2.54354 0.528027
-2.53754 0.530216
-2.53153 0.53239
-2.52553 0.534549
-2.51952 0.536693
-2.51351 0.538822
-2.50751 0.540936
-2.5015 0.543035
-2.4955 0.545119
-2.48949 0.547189
-2.48348 0.549244
-2.47748 0.551285
-2.47147 0.553312
-2.46547 0.555326
-2.45946 0.557326
-2.45345 0.559312
-2.44745 0.561286
-2.44144 0.563247
-2.43544 0.565196
-2.42943 0.567133
-2.42342 0.569058
-2.41742 0.570972
-2.41141 0.572875
-2.40541 0.574768
-2.3994 0.57665
-2.39339 0.578524
-2.38739 0.580388
-2.38138 0.582243
-2.37538 0.58409
-2.36937 0.585929
-2.36336 0.587761
-2.35736 0.589587
-2.35135 0.591406
-2.34535 0.59322
-2.33934 0.595029
-2.33333 0.596833
-2.32733 0.598633
-2.32132 0.600429
-2.31532 0.602223
-2.30931 0.604015
-2.3033 0.605805
-2.2973 0.607593
-2.29129 0.609382
-2.28529 0.611171
-2.27928 0.61296
-2.27327 0.614751
-2.26727 0.616544
-2.26126 0.61834
-2.25526 0.620139
-2.24925 0.621942
-2.24324 0.623749
-2.23724 0.625563
-2.23123 0.627382
-2.22523 0.629207
-2.21922 0.63104
-2.21321 0.632881
-2.20721 0.634731
-2.2012 0.63659
-2.1952 0.638459
-2.18919 0.640339
-2.18318 0.64223
-2.17718 0.644133
-2.17117 0.646049
-2.16517 0.647979
-2.15916 0.649922
-2.15315 0.65188
-2.14715 0.653854
-2.14114 0.655844
-2.13514 0.65785
-2.12913 0.659875
-2.12312 0.661917
-2.11712 0.663978
-2.11111 0.666059
-2.10511 0.668159
-2.0991 0.670281
-2.09309 0.672424
-2.08709 0.67459
-2.08108 0.676778
-2.07508 0.678989
-2.06907 0.681225
-2.06306 0.683486
-2.05706 0.685772
-2.05105 0.688084
-2.04505 0.690422
-2.03904 0.692788
-2.03303 0.695182
-2.02703 0.697605
-2.02102 0.700056
-2.01502 0.702538
-2.00901 0.70505
-2.003 0.707592
-1.997 0.710167
-1.99099 0.712773
-1.98498 0.715412
-1.97898 0.718085
-1.97297 0.720791
-1.96697 0.723532
-1.96096 0.726308
-1.95495 0.729119
-1.94895 0.731966
-1.94294 0.73485
-1.93694 0.737771
-1.93093 0.74073
-1.92492 0.743726
-1.91892 0.746761
-1.91291 0.749836
-1.90691 0.75295
-1.9009 0.756104
-1.89489 0.759298
-1.88889 0.762534
-1.88288 0.765811
-1.87688 0.769129
-1.87087 0.772491
-1.86486 0.775894
-1.85886 0.779341
-1.85285 0.782832
-1.84685 0.786366
-1.84084 0.789945
-1.83483 0.793568
-1.82883 0.797237
-1.82282 0.800951
-1.81682 0.804711
-1.81081 0.808516
-1.8048 0.812369
-1.7988 0.816268
-1.79279 0.820214
-1.78679 0.824207
-1.78078 0.828248
-1.77477 0.832337
-1.76877 0.836475
-1.76276 0.84066
-1.75676 0.844895
-1.75075 0.849178
-1.74474 0.853511
-1.73874 0.857893
-1.73273 0.862324
-1.72673 0.866806
-1.72072 0.871337
-1.71471 0.875919
-1.70871 0.88055
-1.7027 0.885233
-1.6967 0.889966
-1.69069 0.89475
-1.68468 0.899584
-1.67868 0.90447
-1.67267 0.909407
-1.66667 0.914395
-1.66066 0.919435
-1.65465 0.924526
-1.64865 0.929668
-1.64264 0.934861
-1.63664 0.940107
-1.63063 0.945404
-1.62462 0.950752
-1.61862 0.956152
-1.61261 0.961604
-1.60661 0.967107
-1.6006 0.972661
-1.59459 0.978268
-1.58859 0.983925
-1.58258 0.989635
-1.57658 0.995395
-1.57057 1.00121
-1.56456 1.00707
-1.55856 1.01298
-1.55255 1.01895
-1.54655 1.02497
-1.54054 1.03103
-1.53453 1.03715
-1.52853 1.04332
-1.52252 1.04954
-1.51652 1.0558
-1.51051 1.06212
-1.5045 1.06849
-1.4985 1.07491
-1.49249 1.08138
-1.48649 1.08789
-1.48048 1.09446
-1.47447 1.10107
-1.46847 1.10773
-1.46246 1.11444
-1.45646 1.1212
-1.45045 1.12801
-1.44444 1.13486
-1.43844 1.14176
-1.43243 1.14871
-1.42643 1.1557
-1.42042 1.16274
-1.41441 1.16983
-1.40841 1.17696
-1.4024 1.18414
-1.3964 1.19136
-1.39039 1.19862
-1.38438 1.20593
-1.37838 1.21329
-1.37237 1.22068
-1.36637 1.22812
-1.36036 1.2356
-1.35435 1.24313
-1.34835 1.25069
-1.34234 1.2583
-1.33634 1.26594
-1.33033 1.27363
-1.32432 1.28136
-1.31832 1.28912
-1.31231 1.29693
-1.30631 1.30477
-1.3003 1.31265
-1.29429 1.32057
-1.28829 1.32852
-1.28228 1.33651
-1.27628 1.34454
-1.27027 1.3526
-1.26426 1.3607
-1.25826 1.36883
-1.25225 1.37699
-1.24625 1.38519
-1.24024 1.39342
-1.23423 1.40168
-1.22823 1.40997
-1.22222 1.4183
-1.21622 1.42665
-1.21021 1.43503
-1.2042 1.44344
-1.1982 1.45188
-1.19219 1.46035
-1.18619 1.46884
-1.18018 1.47736
-1.17417 1.48591
-1.16817 1.49448
-1.16216 1.50308
-1.15616 1.5117
-1.15015 1.52034
-1.14414 1.529
-1.13814 1.53769
-1.13213 1.5464
-1.12613 1.55512
-1.12012 1.56387
-1.11411 1.57264
-1.10811 1.58142
-1.1021 1.59022
-1.0961 1.59904
-1.09009 1.60787
-1.08408 1.61672
-1.07808 1.62559
-1.07207 1.63447
-1.06607 1.64336
-1.06006 1.65226
-1.05405 1.66118
-1.04805 1.67011
-1.04204 1.67904
-1.03604 1.68799
-1.03003 1.69694
-1.02402 1.70591
-1.01802 1.71488
-1.01201 1.72385
-1.00601 1.73283
-1 1.74182
-0.993994 1.75081
-0.987988 1.75981
-0.981982 1.7688
-0.975976 1.7778
-0.96997 1.7868
-0.963964 1.7958
-0.957958 1.8048
-0.951952 1.8138
-0.945946 1.82279
-0.93994 1.83178
-0.933934 1.84077
-0.927928 1.84975
-0.921922 1.85873
-0.915916 1.8677
-0.90991 1.87667
-0.903904 1.88563
-0.897898 1.89457
-0.891892 1.90351
-0.885886 1.91244
-0.87988 1.92136
-0.873874 1.93027
-0.867868 1.93916
-0.861862 1.94804
-0.855856 1.9569
-0.84985 1.96575
-0.843844 1.97459
-0.837838 1.9834
-0.831832 1.9922
-0.825826 2.00098
-0.81982 2.00974
-0.813814 2.01849
-0.807808 2.02721
-0.801802 2.03591
-0.795796 2.04458
-0.78979 2.05324
-0.783784 2.06187
-0.777778 2.07047
-0.771772 2.07905
-0.765766 2.0876
-0.75976 2.09613
-0.753754 2.10462
-0.747748 2.11309
-0.741742 2.12153
-0.735736 2.12994
-0.72973 2.13831
-0.723724 2.14666
-0.717718 2.15497
-0.711712 2.16325
-0.705706 2.17149
-0.6997 2.1797
-0.693694 2.18787
-0.687688 2.19601
-0.681682 2.2041
-0.675676 2.21216
-0.66967 2.22018
-0.663664 2.22816
-0.657658 2.2361
-0.651652 2.244
-0.645646 2.25186
-0.63964 2.25967
-0.633634 2.26744
-0.627628 2.27516
-0.621622 2.28284
-0.615616 2.29048
-0.60961 2.29806
-0.603604 2.3056
-0.597598 2.31309
-0.591592 2.32054
-0.585586 2.32793
-0.57958 2.33527
-0.573574 2.34256
-0.567568 2.3498
-0.561562 2.35699
-0.555556 2.36412
-0.54955 2.3712
-0.543544 2.37823
-0.537538 2.3852
-0.531532 2.39211
-0.525526 2.39897
-0.51952 2.40577
-0.513514 2.41251
-0.507508 2.4192
-0.501502 2.42582
-0.495495 2.43239
-0.489489 2.43889
-0.483483 2.44534
-0.477477 2.45172
-0.471471 2.45804
-0.465465 2.46429
-0.459459 2.47049
-0.453453 2.47661
-0.447447 2.48268
-0.441441 2.48867
-0.435435 2.49461
-0.429429 2.50047
-0.423423 2.50627
-0.417417 2.512
-0.411411 2.51766
-0.405405 2.52325
-0.399399 2.52878
-0.393393 2.53423
-0.387387 2.53961
-0.381381 2.54492
-0.375375 2.55016
-0.369369 2.55533
-0.363363 2.56042
-0.357357 2.56545
-0.351351 2.57039
-0.345345 2.57527
-0.339339 2.58007
-0.333333 2.58479
-0.327327 2.58944
-0.321321 2.59401
-0.315315 2.59851
-0.309309 2.60293
-0.303303 2.60727
-0.297297 2.61153
-0.291291 2.61572
-0.285285 2.61982
-0.279279 2.62385
-0.273273 2.6278
-0.267267 2.63167
-0.261261 2.63546
-0.255255 2.63916
-0.249249 2.64279
-0.243243 2.64634
-0.237237 2.6498
-0.231231 2.65318
-0.225225 2.65648
-0.219219 2.65969
-0.213213 2.66283
-0.207207 2.66588
-0.201201 2.66884
-0.195195 2.67172
-0.189189 2.67452
-0.183183 2.67724
-0.177177 2.67986
-0.171171 2.68241
-0.165165 2.68486
-0.159159 2.68724
-0.153153 2.68952
-0.147147 2.69172
-0.141141 2.69384
-0.135135 2.69586
-0.129129 2.69781
-0.123123 2.69966
-0.117117 2.70143
-0.111111 2.70311
-0.105105 2.7047
-0.0990991 2.7062
-0.0930931 2.70762
-0.0870871 2.70895
-0.0810811 2.71019
-0.0750751 2.71134
-0.0690691 2.71241
-0.0630631 2.71338
-0.0570571 2.71427
-0.0510511 2.71507
-0.045045 2.71578
-0.039039 2.7164
-0.033033 2.71694
-0.027027 2.71738
-0.021021 2.71774
-0.015015 2.718
-0.00900901 2.71818
-0.003003 2.71827
0.003003 2.71827
0.00900901 2.71818
0.015015 2.718
0.021021 2.71774
0.027027 2.71738
0.033033 2.71694
0.039039 2.7164
0.045045 2.71578
0.0510511 2.71507
0.0570571 2.71427
0.0630631 2.71338
0.0690691 2.71241
0.0750751 2.71134
0.0810811 2.71019
0.0870871 2.70895
0.0930931 2.70762
0.0990991 2.7062
0.105105 2.7047
0.111111 2.70311
0.117117 2.70143
0.123123 2.69966
0.129129 2.69781
0.135135 2.69586
0.141141 2.69384
0.147147 2.69172
0.153153 2.68952
0.159159 2.68724
0.165165 2.68486
0.171171 2.68241
0.177177 2.67986
0.183183 2.67724
0.189189 2.67452
0.195195 2.67172
0.201201 2.66884
0.207207 2.66588
0.213213 2.66283
0.219219 2.65969
0.225225 2.65648
0.231231 2.65318
0.237237 2.6498
0.243243 2.64634
0.249249 2.64279
0.255255 2.63916
0.261261 2.63546
0.267267 2.63167
0.273273 2.6278
0.279279 2.62385
0.285285 2.61982
0.291291 2.61572
0.297297 2.61153
0.303303 2.60727
0.309309 2.60293
0.315315 2.59851
0.321321 2.59401
0.327327 2.58944
0.333333 2.58479
0.339339 2.58007
0.345345 2.57527
0.351351 2.57039
0.357357 2.56545
0.363363 2.56042
0.369369 2.55533
0.375375 2.55016
0.381381 2.54492
0.387387 2.53961
0.393393 2.53423
0.399399 2.52878
0.405405 2.52325
0.411411 2.51766
0.417417 2.512
0.423423 2.50627
0.429429 2.50047
0.435435 2.49461
0.441441 2.48867
0.447447 2.48268
0.453453 2.47661
0.459459 2.47049
0.465465 2.46429
0.471471 2.45804
0.477477 2.45172
0.483483 2.44534
0.489489 2.43889
0.495495 2.43239
0.501502 2.42582
0.507508 2.4192
0.513514 2.41251
0.51952 2.40577
0.525526 2.39897
0.531532 2.39211
0.537538 2.3852
0.543544 2.37823
0.54955 2.3712
0.555556 2.36412
0.561562 2.35699
0.567568 2.3498
0.573574 2.34256
0.57958 2.33527
0.585586 2.32793
0.591592 2.32054
0.597598 2.31309
0.603604 2.3056
0.60961 2.29806
0.615616 2.29048
0.621622 2.28284
0.627628 2.27516
0.633634 2.26744
0.63964 2.25967
0.645646 2.25186
0.651652 2.244
0.657658 2.2361
0.663664 2.22816
0.66967 2.22018
0.675676 2.21216
0.681682 2.2041
0.687688 2.19601
0.693694 2.18787
0.6997 2.1797
0.705706 2.17149
0.711712 2.16325
0.717718 2.15497
0.723724 2.14666
0.72973 2.13831
0.735736 2.12994
0.741742 2.12153
0.747748 2.11309
0.753754 2.10462
0.75976 2.09613
0.765766 2.0876
0.771772 2.07905
0.777778 2.07047
0.783784 2.06187
0.78979 2.05324
0.795796 2.04458
0.801802 2.03591
0.807808 2.02721
0.813814 2.01849
0.81982 2.00974
0.825826 2.00098
0.831832 1.9922
0.837838 1.9834
0.843844 1.97459
0.84985 1.96575
0.855856 1.9569
0.861862 1.94804
0.867868 1.93916
0.873874 1.93027
0.87988 1.92136
0.885886 1.91244
0.891892 1.90351
0.897898 1.89457
0.903904 1.88563
0.90991 1.87667
0.915916 1.8677
0.921922 1.85873
0.927928 1.84975
0.933934 1.84077
0.93994 1.83178
0.945946 1.82279
0.951952 1.8138
0.957958 1.8048
0.963964 1.7958
0.96997 1.7868
0.975976 1.7778
0.981982 1.7688
0.987988 1.75981
0.993994 1.75081
1 1.74182
1.00601 1.73283
1.01201 1.72385
1.01802 1.71488
1.02402 1.70591
1.03003 1.69694
1.03604 1.68799
1.04204 1.67904
1.04805 1.67011
1.05405 1.66118
1.06006 1.65226
1.06607 1.64336
1.07207 1.63447
1.07808 1.62559
1.08408 1.61672
1.09009 1.60787
1.0961 1.59904
1.1021 1.59022
1.10811 1.58142
1.11411 1.57264
1.12012 1.56387
1.12613 1.55512
1.13213 1.5464
1.13814 1.53769
1.14414 1.529
1.15015 1.52034
1.15616 1.5117
1.16216 1.50308
1.16817 1.49448
1.17417 1.48591
1.18018 1.47736
1.18619 1.46884
1.19219 1.46035
1.1982 1.45188
1.2042 1.44344
1.21021 1.43503
1.21622 1.42665
1.22222 1.4183
1.22823 1.40997
1.23423 1.40168
1.24024 1.39342
1.24625 1.38519
1.25225 1.37699
1.25826 1.36883
1.26426 1.3607
1.27027 1.3526
1.27628 1.34454
1.28228 1.33651
1.28829 1.32852
1.29429 1.32057
1.3003 1.31265
1.30631 1.30477
1.31231 1.29693
1.31832 1.28912
1.32432 1.28136
1.33033 1.27363
1.33634 1.26594
1.34234 1.2583
1.34835 1.25069
1.35435 1.24313
1.36036 1.2356
1.36637 1.22812
1.37237 1.22068
1.37838 1.21329
1.38438 1.20593
1.39039 1.19862
1.3964 1.19136
1.4024 1.18414
1.40841 1.17696
1.41441 1.16983
1.42042 1.16274
1.42643 1.1557
1.43243 1.14871
1.43844 1.14176
1.44444 1.13486
1.45045 1.12801
1.45646 1.1212
1.46246 1.11444
1.46847 1.10773
1.47447 1.10107
1.48048 1.09446
1.48649 1.08789
1.49249 1.08138
1.4985 1.07491
1.5045 1.06849
1.51051 1.06212
1.51652 1.0558
1.52252 1.04954
1.52853 1.04332
1.53453 1.03715
1.54054 1.03103
1.54655 1.02497
1.55255 1.01895
1.55856 1.01298
1.56456 1.00707
1.57057 1.00121
1.57658 0.995395
1.58258 0.989635
1.58859 0.983925
1.59459 0.978268
1.6006 0.972661
1.60661 0.967107
1.61261 0.961604
1.61862 0.956152
1.62462 0.950752
1.63063 0.945404
1.63664 0.940107
1.64264 0.934861
1.64865 0.929668
1.65465 0.924526
1.66066 0.919435
1.66667 0.914395
1.67267 0.909407
1.67868 0.90447
1.68468 0.899584
1.69069 0.89475
1.6967 0.889966
1.7027 0.885233
1.70871 0.88055
1.71471 0.875919
1.72072 0.871337
1.72673 0.866806
1.73273 0.862324
1.73874 0.857893
1.74474 0.853511
1.75075 0.849178
1.75676 0.844895
1.76276 0.84066
1.76877 0.836475
1.77477 0.832337
1.78078 0.828248
1.78679 0.824207
1.79279 0.820214
1.7988 0.816268
1.8048 0.812369
1.81081 0.808516
1.81682 0.804711
1.82282 0.800951
1.82883 0.797237
1.83483 0.793568
1.84084 0.789945
1.84685 0.786366
1.85285 0.782832
1.85886 0.779341
1.86486 0.775894
1.87087 0.772491
1.87688 0.769129
1.88288 0.765811
1.88889 0.762534
1.89489 0.759298
1.9009 0.756104
1.90691 0.75295
1.91291 0.749836
1.91892 0.746761
1.92492 0.743726
1.93093 0.74073
1.93694 0.737771
1.94294 0.73485
1.94895 0.731966
1.95495 0.729119
1.96096 0.726308
1.96697 0.723532
1.97297 0.720791
1.97898 0.718085
1.98498 0.715412
1.99099 0.712773
1.997 0.710167
2.003 0.707592
2.00901 0.70505
2.01502 0.702538
2.02102 0.700056
2.02703 0.697605
2.03303 0.695182
2.03904 0.692788
2.04505 0.690422
2.05105 0.688084
2.05706 0.685772
2.06306 0.683486
2.06907 0.681225
2.07508 0.678989
2.08108 0.676778
2.08709 0.67459
2.09309 0.672424
2.0991 0.670281
2.10511 0.668159
2.11111 0.666059
2.11712 0.663978
2.12312 0.661917
2.12913 0.659875
2.13514 0.65785
2.14114 0.655844
2.14715 0.653854
2.15315 0.65188
2.15916 0.649922
2.16517 0.647979
2.17117 0.646049
2.17718 0.644133
2.18318 0.64223
2.18919 0.640339
2.1952 0.638459
2.2012 0.63659
2.20721 0.634731
2.21321 0.632881
2.21922 0.63104
2.22523 0.629207
2.23123 0.627382
2.23724 0.625563
2.24324 0.623749
2.24925 0.621942
2.25526 0.620139
2.26126 0.61834
2.26727 0.616544
2.27327 0.614751
2.27928 0.61296
2.28529 0.611171
2.29129 0.609382
2.2973 0.607593
2.3033 0.605805
2.30931 0.604015
2.31532 0.602223
2.32132 0.600429
2.32733 0.598633
2.33333 0.596833
2.33934 0.595029
2.34535 0.59322
2.35135 0.591406
2.35736 0.589587
2.36336 0.587761
2.36937 0.585929
2.37538 0.58409
2.38138 0.582243
2.38739 0.580388
2.39339 0.578524
2.3994 0.57665
2.40541 0.574768
2.41141 0.572875
2.41742 0.570972
2.42342 0.569058
2.42943 0.567133
2.43544 0.565196
2.44144 0.563247
2.44745 0.561286
2.45345 0.559312
2.45946 0.557326
2.46547 0.555326
2.47147 0.553312
2.47748 0.551285
2.48348 0.549244
2.48949 0.547189
2.4955 0.545119
2.5015 0.543035
2.50751 0.540936
2.51351 0.538822
2.51952 0.536693
2.52553 0.534549
2.53153 0.53239
2.53754 0.530216
2.54354 0.528027
2.54955 0.525823
2.55556 0.523604
2.56156 0.52137
2.56757 0.519121
2.57357 0.516857
2.57958 0.514579
2.58559 0.512286
2.59159 0.50998
2.5976 0.507659
2.6036 0.505325
2.60961 0.502977
2.61562 0.500616
2.62162 0.498243
2.62763 0.495858
2.63363 0.493461
2.63964 0.491053
2.64565 0.488634
2.65165 0.486205
2.65766 0.483767
2.66366 0.481319
2.66967 0.478864
2.67568 0.476401
2.68168 0.473931
2.68769 0.471455
2.69369 0.468974
2.6997 0.466489
2.70571 0.464
2.71171 0.46151
2.71772 0.459018
2.72372 0.456525
2.72973 0.454034
2.73574 0.451544
2.74174 0.449058
2.74775 0.446577
2.75375 0.444101
2.75976 0.441632
2.76577 0.439172
2.77177 0.436721
2.77778 0.434283
2.78378 0.431857
2.78979 0.429446
2.7958 0.427052
2.8018 0.424676
2.80781 0.422319
2.81381 0.419985
2.81982 0.417674
2.82583 0.415388
2.83183 0.413131
2.83784 0.410903
2.84384 0.408708
2.84985 0.406546
2.85586 0.404421
2.86186 0.402335
2.86787 0.40029
2.87387 0.398289
2.87988 0.396334
2.88589 0.394428
2.89189 0.392574
2.8979 0.390775
2.9039 0.389033
2.90991 0.38735
2.91592 0.385732
2.92192 0.384179
2.92793 0.382696
2.93393 0.381286
2.93994 0.379952
2.94595 0.378697
2.95195 0.377525
2.95796 0.376439
2.96396 0.375444
2.96997 0.374543
2.97598 0.373739
2.98198 0.373037
2.98799 0.37244
2.99399 0.371953
3 0.371579
