-5 1.31057
-4.995 1.30798
-4.98999 1.30513
-4.98499 1.30204
-4.97999 1.29872
-4.97499 1.29518
-4.96998 1.29143
-4.96498 1.28749
-4.95998 1.28336
-4.95498 1.27905
-4.94997 1.27457
-4.94497 1.26994
-4.93997 1.26515
-4.93497 1.26023
-4.92996 1.25517
-4.92496 1.24999
-4.91996 1.24469
-4.91496 1.23929
-4.90995 1.23378
-4.90495 1.22818
-4.89995 1.22249
-4.89495 1.21672
-4.88994 1.21088
-4.88494 1.20497
-4.87994 1.199
-4.87494 1.19297
-4.86993 1.1869
-4.86493 1.18077
-4.85993 1.17461
-4.85493 1.16842
-4.84992 1.16219
-4.84492 1.15594
-4.83992 1.14967
-4.83492 1.14338
-4.82991 1.13707
-4.82491 1.13076
-4.81991 1.12445
-4.81491 1.11813
-4.8099 1.11182
-4.8049 1.10551
-4.7999 1.0992
-4.7949 1.09291
-4.78989 1.08664
-4.78489 1.08038
-4.77989 1.07414
-4.77489 1.06792
-4.76988 1.06173
-4.76488 1.05556
-4.75988 1.04943
-4.75488 1.04332
-4.74987 1.03725
-4.74487 1.0312
-4.73987 1.0252
-4.73487 1.01923
-4.72986 1.01331
-4.72486 1.00742
-4.71986 1.00157
-4.71486 0.99577
-4.70985 0.990012
-4.70485 0.984298
-4.69985 0.97863
-4.69485 0.973009
-4.68984 0.967436
-4.68484 0.961911
-4.67984 0.956435
-4.67484 0.951008
-4.66983 0.945632
-4.66483 0.940306
-4.65983 0.935032
-4.65483 0.929808
-4.64982 0.924636
-4.64482 0.919517
-4.63982 0.914449
-4.63482 0.909433
-4.62981 0.90447
-4.62481 0.899558
-4.61981 0.8947
-4.61481 0.889893
-4.6098 0.885138
-4.6048 0.880436
-4.5998 0.875785
-4.5948 0.871186
-4.58979 0.866638
-4.58479 0.862142
-4.57979 0.857696
-4.57479 0.853301
-4.56978 0.848956
-4.56478 0.844661
-4.55978 0.840415
-4.55478 0.836218
-4.54977 0.832069
-4.54477 0.827969
-4.53977 0.823916
-4.53477 0.81991
-4.52976 0.81595
-4.52476 0.812037
-4.51976 0.808168
-4.51476 0.804345
-4.50975 0.800565
-4.50475 0.79683
-4.49975 0.793137
-4.49475 0.789486
-4.48974 0.785877
-4.48474 0.78231
-4.47974 0.778782
-4.47474 0.775295
-4.46973 0.771846
-4.46473 0.768436
-4.45973 0.765063
-4.45473 0.761728
-4.44972 0.758429
-4.44472 0.755166
-4.43972 0.751938
-4.43472 0.748744
-4.42971 0.745583
-4.42471 0.742456
-4.41971 0.739361
-4.41471 0.736298
-4.4097 0.733265
-4.4047 0.730263
-4.3997 0.72729
-4.3947 0.724346
-4.38969 0.721431
-4.38469 0.718543
-4.37969 0.715682
-4.37469 0.712847
-4.36968 0.710037
-4.36468 0.707253
-4.35968 0.704493
-4.35468 0.701757
-4.34967 0.699044
-4.34467 0.696353
-4.33967 0.693684
-4.33467 0.691036
-4.32966 0.68841
-4.32466 0.685803
-4.31966 0.683215
-4.31466 0.680647
-4.30965 0.678097
-4.30465 0.675565
-4.29965 0.67305
-4.29465 0.670552
-4.28964 0.66807
-4.28464 0.665604
-4.27964 0.663153
-4.27464 0.660717
-4.26963 0.658295
-4.26463 0.655887
-4.25963 0.653493
-4.25463 0.651111
-4.24962 0.648742
-4.24462 0.646385
-4.23962 0.644039
-4.23462 0.641705
-4.22961 0.639382
-4.22461 0.637069
-4.21961 0.634766
-4.21461 0.632473
-4.2096 0.630189
-4.2046 0.627914
-4.1996 0.625648
-4.1946 0.62339
-4.18959 0.621141
-4.18459 0.618899
-4.17959 0.616665
-4.17459 0.614438
-4.16958 0.612218
-4.16458 0.610004
-4.15958 0.607797
-4.15458 0.605597
-4.14957 0.603402
-4.14457 0.601213
-4.13957 0.59903
-4.13457 0.596852
-4.12956 0.594679
-4.12456 0.592512
-4.11956 0.590349
-4.11456 0.588191
-4.10955 0.586038
-4.10455 0.583889
-4.09955 0.581744
-4.09455 0.579604
-4.08954 0.577468
-4.08454 0.575335
-4.07954 0.573207
-4.07454 0.571083
-4.06953 0.568962
-4.06453 0.566846
-4.05953 0.564732
-4.05453 0.562623
-4.04952 0.560517
-4.04452 0.558415
-4.03952 0.556316
-4.03452 0.554221
-4.02951 0.552129
-4.02451 0.550041
-4.01951 0.547957
-4.01451 0.545876
-4.0095 0.543798
-4.0045 0.541725
-3.9995 0.539655
-3.9945 0.537589
-3.98949 0.535526
-3.98449 0.533467
-3.97949 0.531413
-3.97449 0.529362
-3.96948 0.527315
-3.96448 0.525273
-3.95948 0.523234
-3.95448 0.5212
-3.94947 0.51917
-3.94447 0.517145
-3.93947 0.515125
-3.93447 0.513109
-3.92946 0.511098
-3.92446 0.509092
-3.91946 0.507091
-3.91446 0.505095
-3.90945 0.503105
-3.90445 0.50112
-3.89945 0.499141
-3.89445 0.497168
-3.88944 0.4952
-3.88444 0.493239
-3.87944 0.491284
-3.87444 0.489335
-3.86943 0.487393
-3.86443 0.485458
-3.85943 0.483529
-3.85443 0.481608
-3.84942 0.479694
-3.84442 0.477787
-3.83942 0.475888
-3.83442 0.473996
-3.82941 0.472113
-3.82441 0.470237
-3.81941 0.46837
-3.81441 0.466512
-3.8094 0.464662
-3.8044 0.46282
-3.7994 0.460988
-3.7944 0.459165
-3.78939 0.457352
-3.78439 0.455548
-3.77939 0.453754
-3.77439 0.45197
-3.76938 0.450196
-3.76438 0.448432
-3.75938 0.446679
-3.75438 0.444937
-3.74937 0.443205
-3.74437 0.441485
-3.73937 0.439776
-3.73437 0.438078
-3.72936 0.436392
-3.72436 0.434718
-3.71936 0.433056
-3.71436 0.431406
-3.70935 0.429768
-3.70435 0.428143
-3.69935 0.426531
-3.69435 0.424932
-3.68934 0.423346
-3.68434 0.421773
-3.67934 0.420213
-3.67434 0.418667
-3.66933 0.417135
-3.66433 0.415617
-3.65933 0.414113
-3.65433 0.412624
-3.64932 0.411148
-3.64432 0.409688
-3.63932 0.408242
-3.63432 0.406811
-3.62931 0.405395
-3.62431 0.403995
-3.61931 0.402609
-3.61431 0.40124
-3.6093 0.399886
-3.6043 0.398547
-3.5993 0.397225
-3.5943 0.395919
-3.58929 0.394629
-3.58429 0.393355
-3.57929 0.392098
-3.57429 0.390857
-3.56928 0.389633
-3.56428 0.388426
-3.55928 0.387236
-3.55428 0.386063
-3.54927 0.384907
-3.54427 0.383768
-3.53927 0.382647
-3.53427 0.381543
-3.52926 0.380457
-3.52426 0.379388
-3.51926 0.378337
-3.51426 0.377304
-3.50925 0.376289
-3.50425 0.375292
-3.49925 0.374313
-3.49425 0.373352
-3.48924 0.372409
-3.48424 0.371484
-3.47924 0.370578
-3.47424 0.36969
-3.46923 0.368821
-3.46423 0.36797
-3.45923 0.367138
-3.45423 0.366324
-3.44922 0.365529
-3.44422 0.364752
-3.43922 0.363995
-3.43422 0.363256
-3.42921 0.362535
-3.42421 0.361834
-3.41921 0.361151
-3.41421 0.360487
-3.4092 0.359842
-3.4042 0.359216
-3.3992 0.358609
-3.3942 0.35802
-3.38919 0.357451
-3.38419 0.3569
-3.37919 0.356368
-3.37419 0.355855
-3.36918 0.355361
-3.36418 0.354885
-3.35918 0.354429
-3.35418 0.353991
-3.34917 0.353572
-3.34417 0.353171
-3.33917 0.35279
-3.33417 0.352426
-3.32916 0.352082
-3.32416 0.351756
-3.31916 0.351449
-3.31416 0.35116
-3.30915 0.350889
-3.30415 0.350637
-3.29915 0.350404
-3.29415 0.350188
-3.28914 0.349991
-3.28414 0.349812
-3.27914 0.349651
-3.27414 0.349507
-3.26913 0.349382
-3.26413 0.349275
-3.25913 0.349185
-3.25413 0.349114
-3.24912 0.349059
-3.24412 0.349023
-3.23912 0.349004
-3.23412 0.349002
-3.22911 0.349017
-3.22411 0.34905
-3.21911 0.349099
-3.21411 0.349166
-3.2091 0.34925
-3.2041 0.34935
-3.1991 0.349467
-3.1941 0.3496
-3.18909 0.34975
-3.18409 0.349917
-3.17909 0.350099
-3.17409 0.350298
-3.16908 0.350513
-3.16408 0.350744
-3.15908 0.35099
-3.15408 0.351252
-3.14907 0.35153
-3.14407 0.351823
-3.13907 0.352131
-3.13407 0.352455
-3.12906 0.352793
-3.12406 0.353147
-3.11906 0.353515
-3.11406 0.353898
-3.10905 0.354295
-3.10405 0.354707
-3.09905 0.355133
-3.09405 0.355574
-3.08904 0.356028
-3.08404 0.356496
-3.07904 0.356978
-3.07404 0.357473
-3.06903 0.357982
-3.06403 0.358504
-3.05903 0.35904
-3.05403 0.359588
-3.04902 0.360149
-3.04402 0.360723
-3.03902 0.36131
-3.03402 0.361909
-3.02901 0.362521
-3.02401 0.363144
-3.01901 0.36378
-3.01401 0.364428
-3.009 0.365087
-3.004 0.365758
-2.999 0.366441
-2.994 0.367135
-2.98899 0.36784
-2.98399 0.368557
-2.97899 0.369284
-2.97399 0.370022
-2.96898 0.370771
-2.96398 0.37153
-2.95898 0.372299
-2.95398 0.373079
-2.94897 0.373869
-2.94397 0.374669
-2.93897 0.375479
-2.93397 0.376299
-2.92896 0.377128
-2.92396 0.377967
-2.91896 0.378815
-2.91396 0.379672
-2.90895 0.380538
-2.90395 0.381413
-2.89895 0.382297
-2.89395 0.38319
-2.88894 0.384092
-2.88394 0.385001
-2.87894 0.385919
-2.87394 0.386846
-2.86893 0.38778
-2.86393 0.388723
-2.85893 0.389673
-2.85393 0.390631
-2.84892 0.391597
-2.84392 0.39257
-2.83892 0.39355
-2.83392 0.394538
-2.82891 0.395533
-2.82391 0.396536
-2.81891 0.397545
-2.81391 0.398561
-2.8089 0.399584
-2.8039 0.400614
-2.7989 0.40165
-2.7939 0.402693
-2.78889 0.403742
-2.78389 0.404798
-2.77889 0.40586
-2.77389 0.406928
-2.76888 0.408002
-2.76388 0.409082
-2.75888 0.410168
-2.75388 0.41126
-2.74887 0.412358
-2.74387 0.413461
-2.73887 0.414571
-2.73387 0.415685
-2.72886 0.416806
-2.72386 0.417932
-2.71886 0.419063
-2.71386 0.420199
-2.70885 0.421341
-2.70385 0.422488
-2.69885 0.423641
-2.69385 0.424798
-2.68884 0.425961
-2.68384 0.427128
-2.67884 0.428301
-2.67384 0.429479
-2.66883 0.430662
-2.66383 0.431849
-2.65883 0.433042
-2.65383 0.434239
-2.64882 0.435441
-2.64382 0.436649
-2.63882 0.437861
-2.63382 0.439077
-2.62881 0.440299
-2.62381 0.441526
-2.61881 0.442757
-2.61381 0.443993
-2.6088 0.445234
-2.6038 0.446479
-2.5988 0.44773
-2.5938 0.448985
-2.58879 0.450245
-2.58379 0.45151
-2.57879 0.452779
-2.57379 0.454054
-2.56878 0.455333
-2.56378 0.456618
-2.55878 0.457907
-2.55378 0.459201
-2.54877 0.460501
-2.54377 0.461805
-2.53877 0.463114
-2.53377 0.464429
-2.52876 0.465749
-2.52376 0.467074
-2.51876 0.468404
-2.51376 0.469739
-2.50875 0.47108
-2.50375 0.472427
-2.49875 0.473778
-2.49375 0.475136
-2.48874 0.476499
-2.48374 0.477868
-2.47874 0.479242
-2.47374 0.480622
-2.46873 0.482009
-2.46373 0.483401
-2.45873 0.484799
-2.45373 0.486204
-2.44872 0.487615
-2.44372 0.489032
-2.43872 0.490455
-2.43372 0.491885
-2.42871 0.493322
-2.42371 0.494766
-2.41871 0.496216
-2.41371 0.497673
-2.4087 0.499137
-2.4037 0.500609
-2.3987 0.502088
-2.3937 0.503574
-2.38869 0.505068
-2.38369 0.506569
-2.37869 0.508078
-2.37369 0.509595
-2.36868 0.51112
-2.36368 0.512653
-2.35868 0.514194
-2.35368 0.515744
-2.34867 0.517302
-2.34367 0.518869
-2.33867 0.520445
-2.33367 0.52203
-2.32866 0.523624
-2.32366 0.525227
-2.31866 0.52684
-2.31366 0.528462
-2.30865 0.530094
-2.30365 0.531735
-2.29865 0.533387
-2.29365 0.535049
-2.28864 0.536721
-2.28364 0.538404
-2.27864 0.540097
-2.27364 0.541802
-2.26863 0.543517
-2.26363 0.545243
-2.25863 0.546981
-2.25363 0.54873
-2.24862 0.550491
-2.24362 0.552264
-2.23862 0.554049
-2.23362 0.555846
-2.22861 0.557656
-2.22361 0.559478
-2.21861 0.561313
-2.21361 0.56316
-2.2086 0.565021
-2.2036 0.566895
-2.1986 0.568783
-2.1936 0.570684
-2.18859 0.5726
-2.18359 0.574529
-2.17859 0.576473
-2.17359 0.578431
-2.16858 0.580403
-2.16358 0.582391
-2.15858 0.584393
-2.15358 0.586411
-2.14857 0.588444
-2.14357 0.590493
-2.13857 0.592558
-2.13357 0.594639
-2.12856 0.596735
-2.12356 0.598849
-2.11856 0.600979
-2.11356 0.603125
-2.10855 0.605289
-2.10355 0.60747
-2.09855 0.609668
-2.09355 0.611884
-2.08854 0.614118
-2.08354 0.61637
-2.07854 0.61864
-2.07354 0.620929
-2.06853 0.623236
-2.06353 0.625562
-2.05853 0.627907
-2.05353 0.630271
-2.04852 0.632655
-2.04352 0.635058
-2.03852 0.637481
-2.03352 0.639924
-2.02851 0.642388
-2.02351 0.644872
-2.01851 0.647376
-2.01351 0.649901
-2.0085 0.652448
-2.0035 0.655015
-1.9985 0.657604
-1.9935 0.660215
-1.98849 0.662848
-1.98349 0.665502
-1.97849 0.668179
-1.97349 0.670878
-1.96848 0.6736
-1.96348 0.676344
-1.95848 0.679112
-1.95348 0.681903
-1.94847 0.684717
-1.94347 0.687554
-1.93847 0.690416
-1.93347 0.693301
-1.92846 0.69621
-1.92346 0.699144
-1.91846 0.702102
-1.91346 0.705085
-1.90845 0.708092
-1.90345 0.711125
-1.89845 0.714183
-1.89345 0.717266
-1.88844 0.720375
-1.88344 0.723509
-1.87844 0.726669
-1.87344 0.729856
-1.86843 0.733068
-1.86343 0.736307
-1.85843 0.739572
-1.85343 0.742864
-1.84842 0.746183
-1.84342 0.749529
-1.83842 0.752902
-1.83342 0.756302
-1.82841 0.75973
-1.82341 0.763185
-1.81841 0.766668
-1.81341 0.770179
-1.8084 0.773718
-1.8034 0.777285
-1.7984 0.780881
-1.7934 0.784505
-1.78839 0.788157
-1.78339 0.791838
-1.77839 0.795548
-1.77339 0.799287
-1.76838 0.803055
-1.76338 0.806852
-1.75838 0.810678
-1.75338 0.814534
-1.74837 0.818419
-1.74337 0.822334
-1.73837 0.826279
-1.73337 0.830253
-1.72836 0.834258
-1.72336 0.838292
-1.71836 0.842357
-1.71336 0.846451
-1.70835 0.850576
-1.70335 0.854732
-1.69835 0.858917
-1.69335 0.863134
-1.68834 0.867381
-1.68334 0.871658
-1.67834 0.875967
-1.67334 0.880306
-1.66833 0.884676
-1.66333 0.889077
-1.65833 0.893509
-1.65333 0.897972
-1.64832 0.902466
-1.64332 0.906991
-1.63832 0.911547
-1.63332 0.916134
-1.62831 0.920753
-1.62331 0.925403
-1.61831 0.930084
-1.61331 0.934797
-1.6083 0.939541
-1.6033 0.944316
-1.5983 0.949123
-1.5933 0.953961
-1.58829 0.95883
-1.58329 0.963731
-1.57829 0.968663
-1.57329 0.973626
-1.56828 0.978621
-1.56328 0.983647
-1.55828 0.988705
-1.55328 0.993794
-1.54827 0.998914
-1.54327 1.00407
-1.53827 1.00925
-1.53327 1.01446
-1.52826 1.01971
-1.52326 1.02498
-1.51826 1.03029
-1.51326 1.03563
-1.50825 1.041
-1.50325 1.0464
-1.49825 1.05183
-1.49325 1.05729
-1.48824 1.06278
-1.48324 1.0683
-1.47824 1.07386
-1.47324 1.07944
-1.46823 1.08505
-1.46323 1.0907
-1.45823 1.09637
-1.45323 1.10208
-1.44822 1.10781
-1.44322 1.11358
-1.43822 1.11937
-1.43322 1.12519
-1.42821 1.13105
-1.42321 1.13693
-1.41821 1.14284
-1.41321 1.14878
-1.4082 1.15475
-1.4032 1.16075
-1.3982 1.16678
-1.3932 1.17284
-1.38819 1.17892
-1.38319 1.18503
-1.37819 1.19117
-1.37319 1.19734
-1.36818 1.20354
-1.36318 1.20976
-1.35818 1.21601
-1.35318 1.22229
-1.34817 1.2286
-1.34317 1.23493
-1.33817 1.24129
-1.33317 1.24767
-1.32816 1.25409
-1.32316 1.26052
-1.31816 1.26699
-1.31316 1.27348
-1.30815 1.27999
-1.30315 1.28653
-1.29815 1.29309
-1.29315 1.29968
-1.28814 1.3063
-1.28314 1.31294
-1.27814 1.3196
-1.27314 1.32628
-1.26813 1.33299
-1.26313 1.33973
-1.25813 1.34648
-1.25313 1.35326
-1.24812 1.36006
-1.24312 1.36688
-1.23812 1.37373
-1.23312 1.38059
-1.22811 1.38748
-1.22311 1.39439
-1.21811 1.40132
-1.21311 1.40827
-1.2081 1.41524
-1.2031 1.42223
-1.1981 1.42924
-1.1931 1.43627
-1.18809 1.44332
-1.18309 1.45039
-1.17809 1.45747
-1.17309 1.46458
-1.16808 1.4717
-1.16308 1.47884
-1.15808 1.48599
-1.15308 1.49316
-1.14807 1.50035
-1.14307 1.50756
-1.13807 1.51478
-1.13307 1.52201
-1.12806 1.52927
-1.12306 1.53653
-1.11806 1.54381
-1.11306 1.55111
-1.10805 1.55841
-1.10305 1.56573
-1.09805 1.57307
-1.09305 1.58041
-1.08804 1.58777
-1.08304 1.59514
-1.07804 1.60252
-1.07304 1.60992
-1.06803 1.61732
-1.06303 1.62473
-1.05803 1.63215
-1.05303 1.63959
-1.04802 1.64703
-1.04302 1.65448
-1.03802 1.66194
-1.03302 1.6694
-1.02801 1.67688
-1.02301 1.68436
-1.01801 1.69184
-1.01301 1.69934
-1.008 1.70683
-1.003 1.71434
-0.997999 1.72185
-0.992996 1.72936
-0.987994 1.73688
-0.982991 1.7444
-0.977989 1.75192
-0.972986 1.75945
-0.967984 1.76698
-0.962981 1.77451
-0.957979 1.78204
-0.952976 1.78958
-0.947974 1.79711
-0.942971 1.80465
-0.937969 1.81218
-0.932966 1.81971
-0.927964 1.82725
-0.922961 1.83478
-0.917959 1.8423
-0.912956 1.84983
-0.907954 1.85735
-0.902951 1.86487
-0.897949 1.87239
-0.892946 1.8799
-0.887944 1.8874
-0.882941 1.8949
-0.877939 1.9024
-0.872936 1.90988
-0.867934 1.91736
-0.862931 1.92484
-0.857929 1.9323
-0.852926 1.93976
-0.847924 1.94721
-0.842921 1.95465
-0.837919 1.96208
-0.832916 1.9695
-0.827914 1.97691
-0.822911 1.98431
-0.817909 1.9917
-0.812906 1.99907
-0.807904 2.00644
-0.802901 2.01379
-0.797899 2.02112
-0.792896 2.02844
-0.787894 2.03575
-0.782891 2.04304
-0.777889 2.05032
-0.772886 2.05758
-0.767884 2.06483
-0.762881 2.07206
-0.757879 2.07927
-0.752876 2.08646
-0.747874 2.09364
-0.742871 2.10079
-0.737869 2.10793
-0.732866 2.11505
-0.727864 2.12215
-0.722861 2.12922
-0.717859 2.13628
-0.712856 2.14331
-0.707854 2.15032
-0.702851 2.15731
-0.697849 2.16428
-0.692846 2.17122
-0.687844 2.17814
-0.682841 2.18503
-0.677839 2.1919
-0.672836 2.19874
-0.667834 2.20556
-0.662831 2.21235
-0.657829 2.21912
-0.652826 2.22585
-0.647824 2.23256
-0.642821 2.23924
-0.637819 2.24589
-0.632816 2.25251
-0.627814 2.25911
-0.622811 2.26567
-0.617809 2.2722
-0.612806 2.2787
-0.607804 2.28517
-0.602801 2.29161
-0.597799 2.29801
-0.592796 2.30438
-0.587794 2.31072
-0.582791 2.31702
-0.577789 2.32329
-0.572786 2.32953
-0.567784 2.33573
-0.562781 2.34189
-0.557779 2.34802
-0.552776 2.35411
-0.547774 2.36016
-0.542771 2.36618
-0.537769 2.37216
-0.532766 2.3781
-0.527764 2.384
-0.522761 2.38986
-0.517759 2.39569
-0.512756 2.40147
-0.507754 2.40721
-0.502751 2.41291
-0.497749 2.41857
-0.492746 2.42419
-0.487744 2.42977
-0.482741 2.4353
-0.477739 2.44079
-0.472736 2.44624
-0.467734 2.45164
-0.462731 2.457
-0.457729 2.46231
-0.452726 2.46758
-0.447724 2.47281
-0.442721 2.47798
-0.437719 2.48312
-0.432716 2.4882
-0.427714 2.49324
-0.422711 2.49823
-0.417709 2.50317
-0.412706 2.50807
-0.407704 2.51292
-0.402701 2.51772
-0.397699 2.52246
-0.392696 2.52716
-0.387694 2.53181
-0.382691 2.53641
-0.377689 2.54096
-0.372686 2.54546
-0.367684 2.54991
-0.362681 2.5543
-0.357679 2.55865
-0.352676 2.56294
-0.347674 2.56717
-0.342671 2.57136
-0.337669 2.57549
-0.332666 2.57957
-0.327664 2.5836
-0.322661 2.58757
-0.317659 2.59148
-0.312656 2.59535
-0.307654 2.59915
-0.302651 2.6029
-0.297649 2.6066
-0.292646 2.61024
-0.287644 2.61382
-0.282641 2.61735
-0.277639 2.62082
-0.272636 2.62423
-0.267634 2.62759
-0.262631 2.63089
-0.257629 2.63413
-0.252626 2.63731
-0.247624 2.64043
-0.242621 2.6435
-0.237619 2.64651
-0.232616 2.64946
-0.227614 2.65234
-0.222611 2.65517
-0.217609 2.65794
-0.212606 2.66065
-0.207604 2.6633
-0.202601 2.66589
-0.197599 2.66842
-0.192596 2.67089
-0.187594 2.6733
-0.182591 2.67565
-0.177589 2.67793
-0.172586 2.68015
-0.167584 2.68232
-0.162581 2.68442
-0.157579 2.68646
-0.152576 2.68843
-0.147574 2.69035
-0.142571 2.6922
-0.137569 2.69399
-0.132566 2.69572
-0.127564 2.69738
-0.122561 2.69898
-0.117559 2.70052
-0.112556 2.70199
-0.107554 2.7034
-0.102551 2.70475
-0.0975488 2.70604
-0.0925463 2.70726
-0.0875438 2.70842
-0.0825413 2.70951
-0.0775388 2.71054
-0.0725363 2.7115
-0.0675338 2.71241
-0.0625313 2.71324
-0.0575288 2.71402
-0.0525263 2.71473
-0.0475238 2.71537
-0.0425213 2.71595
-0.0375188 2.71647
-0.0325163 2.71692
-0.0275138 2.71731
-0.0225113 2.71763
-0.0175088 2.71789
-0.0125063 2.71808
-0.00750375 2.71821
-0.00250125 2.71827
0.00250125 2.71827
0.00750375 2.71821
0.0125063 2.71808
0.0175088 2.71789
0.0225113 2.71763
0.0275138 2.71731
0.0325163 2.71692
0.0375188 2.71647
0.0425213 2.71595
0.0475238 2.71537
0.0525263 2.71473
0.0575288 2.71402
0.0625313 2.71324
0.0675338 2.71241
0.0725363 2.7115
0.0775388 2.71054
0.0825413 2.70951
0.0875438 2.70842
0.0925463 2.70726
0.0975488 2.70604
0.102551 2.70475
0.107554 2.7034
0.112556 2.70199
0.117559 2.70052
0.122561 2.69898
0.127564 2.69738
0.132566 2.69572
0.137569 2.69399
0.142571 2.6922
0.147574 2.69035
0.152576 2.68843
0.157579 2.68646
0.162581 2.68442
0.167584 2.68232
0.172586 2.68015
0.177589 2.67793
0.182591 2.67565
0.187594 2.6733
0.192596 2.67089
0.197599 2.66842
0.202601 2.66589
0.207604 2.6633
0.212606 2.66065
0.217609 2.65794
0.222611 2.65517
0.227614 2.65234
0.232616 2.64946
0.237619 2.64651
0.242621 2.6435
0.247624 2.64043
0.252626 2.63731
0.257629 2.63413
0.262631 2.63089
0.267634 2.62759
0.272636 2.62423
0.277639 2.62082
0.282641 2.61735
0.287644 2.61382
0.292646 2.61024
0.297649 2.6066
0.302651 2.6029
0.307654 2.59915
0.312656 2.59535
0.317659 2.59148
0.322661 2.58757
0.327664 2.5836
0.332666 2.57957
0.337669 2.57549
0.342671 2.57136
0.347674 2.56717
0.352676 2.56294
0.357679 2.55865
0.362681 2.5543
0.367684 2.54991
0.372686 2.54546
0.377689 2.54096
0.382691 2.53641
0.387694 2.53181
0.392696 2.52716
0.397699 2.52246
0.402701 2.51772
0.407704 2.51292
0.412706 2.50807
0.417709 2.50317
0.422711 2.49823
0.427714 2.49324
0.432716 2.4882
0.437719 2.48312
0.442721 2.47798
0.447724 2.47281
0.452726 2.46758
0.457729 2.46231
0.462731 2.457
0.467734 2.45164
0.472736 2.44624
0.477739 2.44079
0.482741 2.4353
0.487744 2.42977
0.492746 2.42419
0.497749 2.41857
0.502751 2.41291
0.507754 2.40721
0.512756 2.40147
0.517759 2.39569
0.522761 2.38986
0.527764 2.384
0.532766 2.3781
0.537769 2.37216
0.542771 2.36618
0.547774 2.36016
0.552776 2.35411
0.557779 2.34802
0.562781 2.34189
0.567784 2.33573
0.572786 2.32953
0.577789 2.32329
0.582791 2.31702
0.587794 2.31072
0.592796 2.30438
0.597799 2.29801
0.602801 2.29161
0.607804 2.28517
0.612806 2.2787
0.617809 2.2722
0.622811 2.26567
0.627814 2.25911
0.632816 2.25251
0.637819 2.24589
0.642821 2.23924
0.647824 2.23256
0.652826 2.22585
0.657829 2.21912
0.662831 2.21235
0.667834 2.20556
0.672836 2.19874
0.677839 2.1919
0.682841 2.18503
0.687844 2.17814
0.692846 2.17122
0.697849 2.16428
0.702851 2.15731
0.707854 2.15032
0.712856 2.14331
0.717859 2.13628
0.722861 2.12922
0.727864 2.12215
0.732866 2.11505
0.737869 2.10793
0.742871 2.10079
0.747874 2.09364
0.752876 2.08646
0.757879 2.07927
0.762881 2.07206
0.767884 2.06483
0.772886 2.05758
0.777889 2.05032
0.782891 2.04304
0.787894 2.03575
0.792896 2.02844
0.797899 2.02112
0.802901 2.01379
0.807904 2.00644
0.812906 1.99907
0.817909 1.9917
0.822911 1.98431
0.827914 1.97691
0.832916 1.9695
0.837919 1.96208
0.842921 1.95465
0.847924 1.94721
0.852926 1.93976
0.857929 1.9323
0.862931 1.92484
0.867934 1.91736
0.872936 1.90988
0.877939 1.9024
0.882941 1.8949
0.887944 1.8874
0.892946 1.8799
0.897949 1.87239
0.902951 1.86487
0.907954 1.85735
0.912956 1.84983
0.917959 1.8423
0.922961 1.83478
0.927964 1.82725
0.932966 1.81971
0.937969 1.81218
0.942971 1.80465
0.947974 1.79711
0.952976 1.78958
0.957979 1.78204
0.962981 1.77451
0.967984 1.76698
0.972986 1.75945
0.977989 1.75192
0.982991 1.7444
0.987994 1.73688
0.992996 1.72936
0.997999 1.72185
1.003 1.71434
1.008 1.70683
1.01301 1.69934
1.01801 1.69184
1.02301 1.68436
1.02801 1.67688
1.03302 1.6694
1.03802 1.66194
1.04302 1.65448
1.04802 1.64703
1.05303 1.63959
1.05803 1.63215
1.06303 1.62473
1.06803 1.61732
1.07304 1.60992
1.07804 1.60252
1.08304 1.59514
1.08804 1.58777
1.09305 1.58041
1.09805 1.57307
1.10305 1.56573
1.10805 1.55841
1.11306 1.55111
1.11806 1.54381
1.12306 1.53653
1.12806 1.52927
1.13307 1.52201
1.13807 1.51478
1.14307 1.50756
1.14807 1.50035
1.15308 1.49316
1.15808 1.48599
1.16308 1.47884
1.16808 1.4717
1.17309 1.46458
1.17809 1.45747
1.18309 1.45039
1.18809 1.44332
1.1931 1.43627
1.1981 1.42924
1.2031 1.42223
1.2081 1.41524
1.21311 1.40827
1.21811 1.40132
1.22311 1.39439
1.22811 1.38748
1.23312 1.38059
1.23812 1.37373
1.24312 1.36688
1.24812 1.36006
1.25313 1.35326
1.25813 1.34648
1.26313 1.33973
1.26813 1.33299
1.27314 1.32628
1.27814 1.3196
1.28314 1.31294
1.28814 1.3063
1.29315 1.29968
1.29815 1.29309
1.30315 1.28653
1.30815 1.27999
1.31316 1.27348
1.31816 1.26699
1.32316 1.26052
1.32816 1.25409
1.33317 1.24767
1.33817 1.24129
1.34317 1.23493
1.34817 1.2286
1.35318 1.22229
1.35818 1.21601
1.36318 1.20976
1.36818 1.20354
1.37319 1.19734
1.37819 1.19117
1.38319 1.18503
1.38819 1.17892
1.3932 1.17284
1.3982 1.16678
1.4032 1.16075
1.4082 1.15475
1.41321 1.14878
1.41821 1.14284
1.42321 1.13693
1.42821 1.13105
1.43322 1.12519
1.43822 1.11937
1.44322 1.11358
1.44822 1.10781
1.45323 1.10208
1.45823 1.09637
1.46323 1.0907
1.46823 1.08505
1.47324 1.07944
1.47824 1.07386
1.48324 1.0683
1.48824 1.06278
1.49325 1.05729
1.49825 1.05183
1.50325 1.0464
1.50825 1.041
1.51326 1.03563
1.51826 1.03029
1.52326 1.02498
1.52826 1.01971
1.53327 1.01446
1.53827 1.00925
1.54327 1.00407
1.54827 0.998914
1.55328 0.993794
1.55828 0.988705
1.56328 0.983647
1.56828 0.978621
1.57329 0.973626
1.57829 0.968663
1.58329 0.963731
1.58829 0.95883
1.5933 0.953961
1.5983 0.949123
1.6033 0.944316
1.6083 0.939541
1.61331 0.934797
1.61831 0.930084
1.62331 0.925403
1.62831 0.920753
1.63332 0.916134
1.63832 0.911547
1.64332 0.906991
1.64832 0.902466
1.65333 0.897972
1.65833 0.893509
1.66333 0.889077
1.66833 0.884676
1.67334 0.880306
1.67834 0.875967
1.68334 0.871658
1.68834 0.867381
1.69335 0.863134
1.69835 0.858917
1.70335 0.854732
1.70835 0.850576
1.71336 0.846451
1.71836 0.842357
1.72336 0.838292
1.72836 0.834258
1.73337 0.830253
1.73837 0.826279
1.74337 0.822334
1.74837 0.818419
1.75338 0.814534
1.75838 0.810678
1.76338 0.806852
1.76838 0.803055
1.77339 0.799287
1.77839 0.795548
1.78339 0.791838
1.78839 0.788157
1.7934 0.784505
1.7984 0.780881
1.8034 0.777285
1.8084 0.773718
1.81341 0.770179
1.81841 0.766668
1.82341 0.763185
1.82841 0.75973
1.83342 0.756302
1.83842 0.752902
1.84342 0.749529
1.84842 0.746183
1.85343 0.742864
1.85843 0.739572
1.86343 0.736307
1.86843 0.733068
1.87344 0.729856
1.87844 0.726669
1.88344 0.723509
1.88844 0.720375
1.89345 0.717266
1.89845 0.714183
1.90345 0.711125
1.90845 0.708092
1.91346 0.705085
1.91846 0.702102
1.92346 0.699144
1.92846 0.69621
1.93347 0.693301
1.93847 0.690416
1.94347 0.687554
1.94847 0.684717
1.95348 0.681903
1.95848 0.679112
1.96348 0.676344
1.96848 0.6736
1.97349 0.670878
1.97849 0.668179
1.98349 0.665502
1.98849 0.662848
1.9935 0.660215
1.9985 0.657604
2.0035 0.655015
2.0085 0.652448
2.01351 0.649901
2.01851 0.647376
2.02351 0.644872
2.02851 0.642388
2.03352 0.639924
2.03852 0.637481
2.04352 0.635058
2.04852 0.632655
2.05353 0.630271
2.05853 0.627907
2.06353 0.625562
2.06853 0.623236
2.07354 0.620929
2.07854 0.61864
2.08354 0.61637
2.08854 0.614118
2.09355 0.611884
2.09855 0.609668
2.10355 0.60747
2.10855 0.605289
2.11356 0.603125
2.11856 0.600979
2.12356 0.598849
2.12856 0.596735
2.13357 0.594639
2.13857 0.592558
2.14357 0.590493
2.14857 0.588444
2.15358 0.586411
2.15858 0.584393
2.16358 0.582391
2.16858 0.580403
2.17359 0.578431
2.17859 0.576473
2.18359 0.574529
2.18859 0.5726
2.1936 0.570684
2.1986 0.568783
2.2036 0.566895
2.2086 0.565021
2.21361 0.56316
2.21861 0.561313
2.22361 0.559478
2.22861 0.557656
2.23362 0.555846
2.23862 0.554049
2.24362 0.552264
2.24862 0.550491
2.25363 0.54873
2.25863 0.546981
2.26363 0.545243
2.26863 0.543517
2.27364 0.541802
2.27864 0.540097
2.28364 0.538404
2.28864 0.536721
2.29365 0.535049
2.29865 0.533387
2.30365 0.531735
2.30865 0.530094
2.31366 0.528462
2.31866 0.52684
2.32366 0.525227
2.32866 0.523624
2.33367 0.52203
2.33867 0.520445
2.34367 0.518869
2.34867 0.517302
2.35368 0.515744
2.35868 0.514194
2.36368 0.512653
2.36868 0.51112
2.37369 0.509595
2.37869 0.508078
2.38369 0.506569
2.38869 0.505068
2.3937 0.503574
2.3987 0.502088
2.4037 0.500609
2.4087 0.499137
2.41371 0.497673
2.41871 0.496216
2.42371 0.494766
2.42871 0.493322
2.43372 0.491885
2.43872 0.490455
2.44372 0.489032
2.44872 0.487615
2.45373 0.486204
2.45873 0.484799
2.46373 0.483401
2.46873 0.482009
2.47374 0.480622
2.47874 0.479242
2.48374 0.477868
2.48874 0.476499
2.49375 0.475136
2.49875 0.473778
2.50375 0.472427
2.50875 0.47108
2.51376 0.469739
2.51876 0.468404
2.52376 0.467074
2.52876 0.465749
2.53377 0.464429
2.53877 0.463114
2.54377 0.461805
2.54877 0.460501
2.55378 0.459201
2.55878 0.457907
2.56378 0.456618
2.56878 0.455333
2.57379 0.454054
2.57879 0.452779
2.58379 0.45151
2.58879 0.450245
2.5938 0.448985
2.5988 0.44773
2.6038 0.446479
2.6088 0.445234
2.61381 0.443993
2.61881 0.442757
2.62381 0.441526
2.62881 0.440299
2.63382 0.439077
2.63882 0.437861
2.64382 0.436649
2.64882 0.435441
2.65383 0.434239
2.65883 0.433042
2.66383 0.431849
2.66883 0.430662
2.67384 0.429479
2.67884 0.428301
2.68384 0.427128
2.68884 0.425961
2.69385 0.424798
2.69885 0.423641
2.70385 0.422488
2.70885 0.421341
2.71386 0.420199
2.71886 0.419063
2.72386 0.417932
2.72886 0.416806
2.73387 0.415685
2.73887 0.414571
2.74387 0.413461
2.74887 0.412358
2.75388 0.41126
2.75888 0.410168
2.76388 0.409082
2.76888 0.408002
2.77389 0.406928
2.77889 0.40586
2.78389 0.404798
2.78889 0.403742
2.7939 0.402693
2.7989 0.40165
2.8039 0.400614
2.8089 0.399584
2.81391 0.398561
2.81891 0.397545
2.82391 0.396536
2.82891 0.395533
2.83392 0.394538
2.83892 0.39355
2.84392 0.39257
2.84892 0.391597
2.85393 0.390631
2.85893 0.389673
2.86393 0.388723
2.86893 0.38778
2.87394 0.386846
2.87894 0.385919
2.88394 0.385001
2.88894 0.384092
2.89395 0.38319
2.89895 0.382297
2.90395 0.381413
2.90895 0.380538
2.91396 0.379672
2.91896 0.378815
2.92396 0.377967
2.92896 0.377128
2.93397 0.376299
2.93897 0.375479
2.94397 0.374669
2.94897 0.373869
2.95398 0.373079
2.95898 0.372299
2.96398 0.37153
2.96898 0.370771
2.97399 0.370022
2.97899 0.369284
2.98399 0.368557
2.98899 0.36784
2.994 0.367135
2.999 0.366441
3.004 0.365758
3.009 0.365087
3.01401 0.364428
3.01901 0.36378
3.02401 0.363144
3.02901 0.362521
3.03402 0.361909
3.03902 0.36131
3.04402 0.360723
3.04902 0.360149
3.05403 0.359588
3.05903 0.35904
3.06403 0.358504
3.06903 0.357982
3.07404 0.357473
3.07904 0.356978
3.08404 0.356496
3.08904 0.356028
3.09405 0.355574
3.09905 0.355133
3.10405 0.354707
3.10905 0.354295
3.11406 0.353898
3.11906 0.353515
3.12406 0.353147
3.12906 0.352793
3.13407 0.352455
3.13907 0.352131
3.14407 0.351823
3.14907 0.35153
3.15408 0.351252
3.15908 0.35099
3.16408 0.350744
3.16908 0.350513
3.17409 0.350298
3.17909 0.350099
3.18409 0.349917
3.18909 0.34975
3.1941 0.3496
3.1991 0.349467
3.2041 0.34935
3.2091 0.34925
3.21411 0.349166
3.21911 0.349099
3.22411 0.34905
3.22911 0.349017
3.23412 0.349002
3.23912 0.349004
3.24412 0.349023
3.24912 0.349059
3.25413 0.349114
3.25913 0.349185
3.26413 0.349275
3.26913 0.349382
3.27414 0.349507
3.27914 0.349651
3.28414 0.349812
3.28914 0.349991
3.29415 0.350188
3.29915 0.350404
3.30415 0.350637
3.30915 0.350889
3.31416 0.35116
3.31916 0.351449
3.32416 0.351756
3.32916 0.352082
3.33417 0.352426
3.33917 0.35279
3.34417 0.353171
3.34917 0.353572
3.35418 0.353991
3.35918 0.354429
3.36418 0.354885
3.36918 0.355361
3.37419 0.355855
3.37919 0.356368
3.38419 0.3569
3.38919 0.357451
3.3942 0.35802
3.3992 0.358609
3.4042 0.359216
3.4092 0.359842
3.41421 0.360487
3.41921 0.361151
3.42421 0.361834
3.42921 0.362535
3.43422 0.363256
3.43922 0.363995
3.44422 0.364752
3.44922 0.365529
3.45423 0.366324
3.45923 0.367138
3.46423 0.36797
3.46923 0.368821
3.47424 0.36969
3.47924 0.370578
3.48424 0.371484
3.48924 0.372409
3.49425 0.373352
3.49925 0.374313
3.50425 0.375292
3.50925 0.376289
3.51426 0.377304
3.51926 0.378337
3.52426 0.379388
3.52926 0.380457
3.53427 0.381543
3.53927 0.382647
3.54427 0.383768
3.54927 0.384907
3.55428 0.386063
3.55928 0.387236
3.56428 0.388426
3.56928 0.389633
3.57429 0.390857
3.57929 0.392098
3.58429 0.393355
3.58929 0.394629
3.5943 0.395919
3.5993 0.397225
3.6043 0.398547
3.6093 0.399886
3.61431 0.40124
3.61931 0.402609
3.62431 0.403995
3.62931 0.405395
3.63432 0.406811
3.63932 0.408242
3.64432 0.409688
3.64932 0.411148
3.65433 0.412624
3.65933 0.414113
3.66433 0.415617
3.66933 0.417135
3.67434 0.418667
3.67934 0.420213
3.68434 0.421773
3.68934 0.423346
3.69435 0.424932
3.69935 0.426531
3.70435 0.428143
3.70935 0.429768
3.71436 0.431406
3.71936 0.433056
3.72436 0.434718
3.72936 0.436392
3.73437 0.438078
3.73937 0.439776
3.74437 0.441485
3.74937 0.443205
3.75438 0.444937
3.75938 0.446679
3.76438 0.448432
3.76938 0.450196
3.77439 0.45197
3.77939 0.453754
3.78439 0.455548
3.78939 0.457352
3.7944 0.459165
3.7994 0.460988
3.8044 0.46282
3.8094 0.464662
3.81441 0.466512
3.81941 0.46837
3.82441 0.470237
3.82941 0.472113
3.83442 0.473996
3.83942 0.475888
3.84442 0.477787
3.84942 0.479694
3.85443 0.481608
3.85943 0.483529
3.86443 0.485458
3.86943 0.487393
3.87444 0.489335
3.87944 0.491284
3.88444 0.493239
3.88944 0.4952
3.89445 0.497168
3.89945 0.499141
3.90445 0.50112
3.90945 0.503105
3.91446 0.505095
3.91946 0.507091
3.92446 0.509092
3.92946 0.511098
3.93447 0.513109
3.93947 0.515125
3.94447 0.517145
3.94947 0.51917
3.95448 0.5212
3.95948 0.523234
3.96448 0.525273
3.96948 0.527315
3.97449 0.529362
3.97949 0.531413
3.98449 0.533467
3.98949 0.535526
3.9945 0.537589
3.9995 0.539655
4.0045 0.541725
4.0095 0.543798
4.01451 0.545876
4.01951 0.547957
4.02451 0.550041
4.02951 0.552129
4.03452 0.554221
4.03952 0.556316
4.04452 0.558415
4.04952 0.560517
4.05453 0.562623
4.05953 0.564732
4.06453 0.566846
4.06953 0.568962
4.07454 0.571083
4.07954 0.573207
4.08454 0.575335
4.08954 0.577468
4.09455 0.579604
4.09955 0.581744
4.10455 0.583889
4.10955 0.586038
4.11456 0.588191
4.11956 0.590349
4.12456 0.592512
4.12956 0.594679
4.13457 0.596852
4.13957 0.59903
4.14457 0.601213
4.14957 0.603402
4.15458 0.605597
4.15958 0.607797
4.16458 0.610004
4.16958 0.612218
4.17459 0.614438
4.17959 0.616665
4.18459 0.618899
4.18959 0.621141
4.1946 0.62339
4.1996 0.625648
4.2046 0.627914
4.2096 0.630189
4.21461 0.632473
4.21961 0.634766
4.22461 0.637069
4.22961 0.639382
4.23462 0.641705
4.23962 0.644039
4.24462 0.646385
4.24962 0.648742
4.25463 0.651111
4.25963 0.653493
4.26463 0.655887
4.26963 0.658295
4.27464 0.660717
4.27964 0.663153
4.28464 0.665604
4.28964 0.66807
4.29465 0.670552
4.29965 0.67305
4.30465 0.675565
4.30965 0.678097
4.31466 0.680647
4.31966 0.683215
4.32466 0.685803
4.32966 0.68841
4.33467 0.691036
4.33967 0.693684
4.34467 0.696353
4.34967 0.699044
4.35468 0.701757
4.35968 0.704493
4.36468 0.707253
4.36968 0.710037
4.37469 0.712847
4.37969 0.715682
4.38469 0.718543
4.38969 0.721431
4.3947 0.724346
4.3997 0.72729
4.4047 0.730263
4.4097 0.733265
4.41471 0.736298
4.41971 0.739361
4.42471 0.742456
4.42971 0.745583
4.43472 0.748744
4.43972 0.751938
4.44472 0.755166
4.44972 0.758429
4.45473 0.761728
4.45973 0.765063
4.46473 0.768436
4.46973 0.771846
4.47474 0.775295
4.47974 0.778782
4.48474 0.78231
4.48974 0.785877
4.49475 0.789486
4.49975 0.793137
4.50475 0.79683
4.50975 0.800565
4.51476 0.804345
4.51976 0.808168
4.52476 0.812037
4.52976 0.81595
4.53477 0.81991
4.53977 0.823916
4.54477 0.827969
4.54977 0.832069
4.55478 0.836218
4.55978 0.840415
4.56478 0.844661
4.56978 0.848956
4.57479 0.853301
4.57979 0.857696
4.58479 0.862142
4.58979 0.866638
4.5948 0.871186
4.5998 0.875785
4.6048 0.880436
4.6098 0.885138
4.61481 0.889893
4.61981 0.8947
4.62481 0.899558
4.62981 0.90447
4.63482 0.909433
4.63982 0.914449
4.64482 0.919517
4.64982 0.924636
4.65483 0.929808
4.65983 0.935032
4.66483 0.940306
4.66983 0.945632
4.67484 0.951008
4.67984 0.956435
4.68484 0.961911
4.68984 0.967436
4.69485 0.973009
4.69985 0.97863
4.70485 0.984298
4.70985 0.990012
4.71486 0.99577
4.71986 1.00157
4.72486 1.00742
4.72986 1.01331
4.73487 1.01923
4.73987 1.0252
4.74487 1.0312
4.74987 1.03725
4.75488 1.04332
4.75988 1.04943
4.76488 1.05556
4.76988 1.06173
4.77489 1.06792
4.77989 1.07414
4.78489 1.08038
4.78989 1.08664
4.7949 1.09291
4.7999 1.0992
4.8049 1.10551
4.8099 1.11182
4.81491 1.11813
4.81991 1.12445
4.82491 1.13076
4.82991 1.13707
4.83492 1.14338
4.83992 1.14967
4.84492 1.15594
4.84992 1.16219
4.85493 1.16842
4.85993 1.17461
4.86493 1.18077
4.86993 1.1869
4.87494 1.19297
4.87994 1.199
4.88494 1.20497
4.88994 1.21088
4.89495 1.21672
4.89995 1.22249
4.90495 1.22818
4.90995 1.23378
4.91496 1.23929
4.91996 1.24469
4.92496 1.24999
4.92996 1.25517
4.93497 1.26023
4.93997 1.26515
4.94497 1.26994
4.94997 1.27457
4.95498 1.27905
4.95998 1.28336
4.96498 1.28749
4.96998 1.29143
4.97499 1.29518
4.97999 1.29872
4.98499 1.30204
4.98999 1.30513
4.995 1.30798
5 1.31057
