-5 1.36596
-4.995 1.35592
-4.98999 1.34601
-4.98499 1.33623
-4.97999 1.32658
-4.97499 1.31706
-4.96998 1.30766
-4.96498 1.29839
-4.95998 1.28925
-4.95498 1.28022
-4.94997 1.27132
-4.94497 1.26253
-4.93997 1.25386
-4.93497 1.24531
-4.92996 1.23687
-4.92496 1.22854
-4.91996 1.22032
-4.91496 1.21222
-4.90995 1.20422
-4.90495 1.19632
-4.89995 1.18853
-4.89495 1.18085
-4.88994 1.17327
-4.88494 1.16578
-4.87994 1.1584
-4.87494 1.15112
-4.86993 1.14393
-4.86493 1.13684
-4.85993 1.12984
-4.85493 1.12293
-4.84992 1.11612
-4.84492 1.10939
-4.83992 1.10275
-4.83492 1.09621
-4.82991 1.08974
-4.82491 1.08337
-4.81991 1.07707
-4.81491 1.07086
-4.8099 1.06473
-4.8049 1.05868
-4.7999 1.05271
-4.7949 1.04681
-4.78989 1.041
-4.78489 1.03526
-4.77989 1.02959
-4.77489 1.02399
-4.76988 1.01847
-4.76488 1.01302
-4.75988 1.00764
-4.75488 1.00233
-4.74987 0.997083
-4.74487 0.991905
-4.73987 0.986792
-4.73487 0.981744
-4.72986 0.97676
-4.72486 0.971839
-4.71986 0.966978
-4.71486 0.962179
-4.70985 0.957439
-4.70485 0.952758
-4.69985 0.948134
-4.69485 0.943567
-4.68984 0.939056
-4.68484 0.9346
-4.67984 0.930198
-4.67484 0.925849
-4.66983 0.921552
-4.66483 0.917307
-4.65983 0.913112
-4.65483 0.908966
-4.64982 0.904869
-4.64482 0.90082
-4.63982 0.896819
-4.63482 0.892863
-4.62981 0.888953
-4.62481 0.885088
-4.61981 0.881266
-4.61481 0.877487
-4.6098 0.873751
-4.6048 0.870056
-4.5998 0.866403
-4.5948 0.862789
-4.58979 0.859214
-4.58479 0.855678
-4.57979 0.85218
-4.57479 0.848719
-4.56978 0.845294
-4.56478 0.841906
-4.55978 0.838552
-4.55478 0.835233
-4.54977 0.831947
-4.54477 0.828695
-4.53977 0.825475
-4.53477 0.822287
-4.52976 0.81913
-4.52476 0.816003
-4.51976 0.812907
-4.51476 0.80984
-4.50975 0.806802
-4.50475 0.803792
-4.49975 0.800809
-4.49475 0.797854
-4.48974 0.794925
-4.48474 0.792022
-4.47974 0.789144
-4.47474 0.786291
-4.46973 0.783462
-4.46473 0.780657
-4.45973 0.777876
-4.45473 0.775117
-4.44972 0.77238
-4.44472 0.769666
-4.43972 0.766972
-4.43472 0.764299
-4.42971 0.761647
-4.42471 0.759014
-4.41971 0.756401
-4.41471 0.753807
-4.4097 0.751231
-4.4047 0.748673
-4.3997 0.746133
-4.3947 0.743611
-4.38969 0.741104
-4.38469 0.738615
-4.37969 0.736141
-4.37469 0.733683
-4.36968 0.73124
-4.36468 0.728812
-4.35968 0.726399
-4.35468 0.723999
-4.34967 0.721614
-4.34467 0.719241
-4.33967 0.716882
-4.33467 0.714535
-4.32966 0.712201
-4.32466 0.709879
-4.31966 0.707568
-4.31466 0.705269
-4.30965 0.70298
-4.30465 0.700703
-4.29965 0.698436
-4.29465 0.696179
-4.28964 0.693932
-4.28464 0.691694
-4.27964 0.689466
-4.27464 0.687247
-4.26963 0.685036
-4.26463 0.682834
-4.25963 0.68064
-4.25463 0.678455
-4.24962 0.676276
-4.24462 0.674106
-4.23962 0.671943
-4.23462 0.669786
-4.22961 0.667637
-4.22461 0.665494
-4.21961 0.663357
-4.21461 0.661227
-4.2096 0.659103
-4.2046 0.656984
-4.1996 0.654871
-4.1946 0.652763
-4.18959 0.650661
-4.18459 0.648563
-4.17959 0.646471
-4.17459 0.644383
-4.16958 0.642299
-4.16458 0.64022
-4.15958 0.638145
-4.15458 0.636074
-4.14957 0.634007
-4.14457 0.631943
-4.13957 0.629884
-4.13457 0.627827
-4.12956 0.625774
-4.12456 0.623725
-4.11956 0.621678
-4.11456 0.619634
-4.10955 0.617593
-4.10455 0.615555
-4.09955 0.61352
-4.09455 0.611487
-4.08954 0.609456
-4.08454 0.607428
-4.07954 0.605402
-4.07454 0.603378
-4.06953 0.601356
-4.06453 0.599337
-4.05953 0.597319
-4.05453 0.595303
-4.04952 0.593289
-4.04452 0.591276
-4.03952 0.589265
-4.03452 0.587256
-4.02951 0.585249
-4.02451 0.583242
-4.01951 0.581238
-4.01451 0.579234
-4.0095 0.577233
-4.0045 0.575232
-3.9995 0.573233
-3.9945 0.571235
-3.98949 0.569238
-3.98449 0.567242
-3.97949 0.565248
-3.97449 0.563255
-3.96948 0.561262
-3.96448 0.559272
-3.95948 0.557282
-3.95448 0.555293
-3.94947 0.553306
-3.94447 0.551319
-3.93947 0.549334
-3.93447 0.54735
-3.92946 0.545367
-3.92446 0.543385
-3.91946 0.541404
-3.91446 0.539424
-3.90945 0.537446
-3.90445 0.535469
-3.89945 0.533493
-3.89445 0.531518
-3.88944 0.529545
-3.88444 0.527573
-3.87944 0.525602
-3.87444 0.523633
-3.86943 0.521665
-3.86443 0.519698
-3.85943 0.517733
-3.85443 0.51577
-3.84942 0.513808
-3.84442 0.511848
-3.83942 0.50989
-3.83442 0.507933
-3.82941 0.505978
-3.82441 0.504025
-3.81941 0.502074
-3.81441 0.500125
-3.8094 0.498177
-3.8044 0.496232
-3.7994 0.49429
-3.7944 0.492349
-3.78939 0.490411
-3.78439 0.488475
-3.77939 0.486541
-3.77439 0.48461
-3.76938 0.482682
-3.76438 0.480756
-3.75938 0.478833
-3.75438 0.476913
-3.74937 0.474996
-3.74437 0.473082
-3.73937 0.471171
-3.73437 0.469263
-3.72936 0.467359
-3.72436 0.465457
-3.71936 0.46356
-3.71436 0.461665
-3.70935 0.459775
-3.70435 0.457888
-3.69935 0.456005
-3.69435 0.454126
-3.68934 0.452251
-3.68434 0.450381
-3.67934 0.448514
-3.67434 0.446652
-3.66933 0.444794
-3.66433 0.442941
-3.65933 0.441093
-3.65433 0.439249
-3.64932 0.43741
-3.64432 0.435577
-3.63932 0.433748
-3.63432 0.431924
-3.62931 0.430106
-3.62431 0.428294
-3.61931 0.426487
-3.61431 0.424685
-3.6093 0.42289
-3.6043 0.4211
-3.5993 0.419317
-3.5943 0.417539
-3.58929 0.415768
-3.58429 0.414004
-3.57929 0.412246
-3.57429 0.410494
-3.56928 0.408749
-3.56428 0.407012
-3.55928 0.405281
-3.55428 0.403557
-3.54927 0.401841
-3.54427 0.400132
-3.53927 0.398431
-3.53427 0.396737
-3.52926 0.395051
-3.52426 0.393373
-3.51926 0.391703
-3.51426 0.390041
-3.50925 0.388388
-3.50425 0.386743
-3.49925 0.385106
-3.49425 0.383479
-3.48924 0.38186
-3.48424 0.38025
-3.47924 0.378649
-3.47424 0.377058
-3.46923 0.375475
-3.46423 0.373903
-3.45923 0.37234
-3.45423 0.370786
-3.44922 0.369243
-3.44422 0.36771
-3.43922 0.366187
-3.43422 0.364674
-3.42921 0.363171
-3.42421 0.36168
-3.41921 0.360199
-3.41421 0.358728
-3.4092 0.357269
-3.4042 0.355821
-3.3992 0.354384
-3.3942 0.352959
-3.38919 0.351545
-3.38419 0.350143
-3.37919 0.348752
-3.37419 0.347374
-3.36918 0.346008
-3.36418 0.344653
-3.35918 0.343312
-3.35418 0.341982
-3.34917 0.340666
-3.34417 0.339362
-3.33917 0.338071
-3.33417 0.336792
-3.32916 0.335528
-3.32416 0.334276
-3.31916 0.333038
-3.31416 0.331813
-3.30915 0.330602
-3.30415 0.329405
-3.29915 0.328222
-3.29415 0.327053
-3.28914 0.325898
-3.28414 0.324758
-3.27914 0.323632
-3.27414 0.322521
-3.26913 0.321424
-3.26413 0.320343
-3.25913 0.319276
-3.25413 0.318224
-3.24912 0.317188
-3.24412 0.316167
-3.23912 0.315162
-3.23412 0.314173
-3.22911 0.313199
-3.22411 0.312241
-3.21911 0.311299
-3.21411 0.310374
-3.2091 0.309464
-3.2041 0.308571
-3.1991 0.307695
-3.1941 0.306835
-3.18909 0.305992
-3.18409 0.305166
-3.17909 0.304358
-3.17409 0.303566
-3.16908 0.302791
-3.16408 0.302034
-3.15908 0.301295
-3.15408 0.300573
-3.14907 0.299869
-3.14407 0.299183
-3.13907 0.298515
-3.13407 0.297865
-3.12906 0.297233
-3.12406 0.29662
-3.11906 0.296025
-3.11406 0.295449
-3.10905 0.294891
-3.10405 0.294352
-3.09905 0.293832
-3.09405 0.293332
-3.08904 0.29285
-3.08404 0.292388
-3.07904 0.291945
-3.07404 0.291521
-3.06903 0.291117
-3.06403 0.290733
-3.05903 0.290369
-3.05403 0.290024
-3.04902 0.2897
-3.04402 0.289395
-3.03902 0.289111
-3.03402 0.288847
-3.02901 0.288604
-3.02401 0.288381
-3.01901 0.288179
-3.01401 0.287998
-3.009 0.287837
-3.004 0.287697
-2.999 0.287579
-2.994 0.287481
-2.98899 0.287405
-2.98399 0.28735
-2.97899 0.287316
-2.97399 0.287304
-2.96898 0.287313
-2.96398 0.287344
-2.95898 0.287397
-2.95398 0.287472
-2.94897 0.287569
-2.94397 0.287687
-2.93897 0.287828
-2.93397 0.287991
-2.92896 0.288176
-2.92396 0.288384
-2.91896 0.288614
-2.91396 0.288866
-2.90895 0.289141
-2.90395 0.289439
-2.89895 0.28976
-2.89395 0.290103
-2.88894 0.290469
-2.88394 0.290859
-2.87894 0.291271
-2.87394 0.291706
-2.86893 0.292165
-2.86393 0.292647
-2.85893 0.293152
-2.85393 0.29368
-2.84892 0.294232
-2.84392 0.294808
-2.83892 0.295407
-2.83392 0.29603
-2.82891 0.296677
-2.82391 0.297347
-2.81891 0.298041
-2.81391 0.298759
-2.8089 0.299501
-2.8039 0.300267
-2.7989 0.301057
-2.7939 0.301872
-2.78889 0.30271
-2.78389 0.303573
-2.77889 0.30446
-2.77389 0.305371
-2.76888 0.306306
-2.76388 0.307267
-2.75888 0.308251
-2.75388 0.30926
-2.74887 0.310294
-2.74387 0.311352
-2.73887 0.312435
-2.73387 0.313543
-2.72886 0.314675
-2.72386 0.315832
-2.71886 0.317014
-2.71386 0.318221
-2.70885 0.319452
-2.70385 0.320709
-2.69885 0.32199
-2.69385 0.323297
-2.68884 0.324628
-2.68384 0.325985
-2.67884 0.327366
-2.67384 0.328773
-2.66883 0.330205
-2.66383 0.331662
-2.65883 0.333144
-2.65383 0.334651
-2.64882 0.336184
-2.64382 0.337742
-2.63882 0.339325
-2.63382 0.340933
-2.62881 0.342567
-2.62381 0.344226
-2.61881 0.34591
-2.61381 0.34762
-2.6088 0.349355
-2.6038 0.351115
-2.5988 0.352901
-2.5938 0.354712
-2.58879 0.356548
-2.58379 0.35841
-2.57879 0.360297
-2.57379 0.36221
-2.56878 0.364148
-2.56378 0.366111
-2.55878 0.3681
-2.55378 0.370114
-2.54877 0.372154
-2.54377 0.374219
-2.53877 0.376309
-2.53377 0.378425
-2.52876 0.380566
-2.52376 0.382733
-2.51876 0.384925
-2.51376 0.387142
-2.50875 0.389384
-2.50375 0.391652
-2.49875 0.393946
-2.49375 0.396264
-2.48874 0.398608
-2.48374 0.400977
-2.47874 0.403371
-2.47374 0.405791
-2.46873 0.408236
-2.46373 0.410706
-2.45873 0.413201
-2.45373 0.415721
-2.44872 0.418266
-2.44372 0.420837
-2.43872 0.423432
-2.43372 0.426053
-2.42871 0.428699
-2.42371 0.431369
-2.41871 0.434065
-2.41371 0.436785
-2.4087 0.43953
-2.4037 0.4423
-2.3987 0.445095
-2.3937 0.447915
-2.38869 0.450759
-2.38369 0.453628
-2.37869 0.456522
-2.37369 0.45944
-2.36868 0.462383
-2.36368 0.46535
-2.35868 0.468342
-2.35368 0.471358
-2.34867 0.474398
-2.34367 0.477463
-2.33867 0.480552
-2.33367 0.483666
-2.32866 0.486803
-2.32366 0.489965
-2.31866 0.49315
-2.31366 0.49636
-2.30865 0.499593
-2.30365 0.502851
-2.29865 0.506132
-2.29365 0.509437
-2.28864 0.512766
-2.28364 0.516118
-2.27864 0.519494
-2.27364 0.522894
-2.26863 0.526316
-2.26363 0.529763
-2.25863 0.533232
-2.25363 0.536725
-2.24862 0.540241
-2.24362 0.54378
-2.23862 0.547342
-2.23362 0.550927
-2.22861 0.554535
-2.22361 0.558166
-2.21861 0.561819
-2.21361 0.565495
-2.2086 0.569194
-2.2036 0.572915
-2.1986 0.576659
-2.1936 0.580424
-2.18859 0.584213
-2.18359 0.588023
-2.17859 0.591855
-2.17359 0.59571
-2.16858 0.599586
-2.16358 0.603484
-2.15858 0.607404
-2.15358 0.611345
-2.14857 0.615308
-2.14357 0.619293
-2.13857 0.623298
-2.13357 0.627326
-2.12856 0.631374
-2.12356 0.635443
-2.11856 0.639534
-2.11356 0.643645
-2.10855 0.647777
-2.10355 0.65193
-2.09855 0.656103
-2.09355 0.660297
-2.08854 0.664511
-2.08354 0.668745
-2.07854 0.673
-2.07354 0.677275
-2.06853 0.68157
-2.06353 0.685884
-2.05853 0.690218
-2.05353 0.694572
-2.04852 0.698946
-2.04352 0.703339
-2.03852 0.707751
-2.03352 0.712183
-2.02851 0.716633
-2.02351 0.721103
-2.01851 0.725591
-2.01351 0.730099
-2.0085 0.734625
-2.0035 0.739169
-1.9985 0.743732
-1.9935 0.748313
-1.98849 0.752912
-1.98349 0.757529
-1.97849 0.762165
-1.97349 0.766818
-1.96848 0.771488
-1.96348 0.776176
-1.95848 0.780882
-1.95348 0.785605
-1.94847 0.790345
-1.94347 0.795103
-1.93847 0.799877
-1.93347 0.804668
-1.92846 0.809475
-1.92346 0.8143
-1.91846 0.81914
-1.91346 0.823997
-1.90845 0.82887
-1.90345 0.833759
-1.89845 0.838664
-1.89345 0.843585
-1.88844 0.848521
-1.88344 0.853473
-1.87844 0.85844
-1.87344 0.863422
-1.86843 0.868419
-1.86343 0.873432
-1.85843 0.878459
-1.85343 0.883501
-1.84842 0.888557
-1.84342 0.893627
-1.83842 0.898712
-1.83342 0.903811
-1.82841 0.908924
-1.82341 0.914051
-1.81841 0.919191
-1.81341 0.924345
-1.8084 0.929512
-1.8034 0.934693
-1.7984 0.939886
-1.7934 0.945093
-1.78839 0.950312
-1.78339 0.955544
-1.77839 0.960788
-1.77339 0.966045
-1.76838 0.971314
-1.76338 0.976594
-1.75838 0.981887
-1.75338 0.987192
-1.74837 0.992508
-1.74337 0.997835
-1.73837 1.00317
-1.73337 1.00852
-1.72836 1.01388
-1.72336 1.01926
-1.71836 1.02464
-1.71336 1.03003
-1.70835 1.03543
-1.70335 1.04085
-1.69835 1.04627
-1.69335 1.0517
-1.68834 1.05715
-1.68334 1.0626
-1.67834 1.06806
-1.67334 1.07353
-1.66833 1.07901
-1.66333 1.0845
-1.65833 1.09
-1.65333 1.09551
-1.64832 1.10102
-1.64332 1.10654
-1.63832 1.11207
-1.63332 1.11761
-1.62831 1.12316
-1.62331 1.12871
-1.61831 1.13428
-1.61331 1.13985
-1.6083 1.14542
-1.6033 1.151
-1.5983 1.15659
-1.5933 1.16219
-1.58829 1.16779
-1.58329 1.1734
-1.57829 1.17902
-1.57329 1.18464
-1.56828 1.19027
-1.56328 1.1959
-1.55828 1.20154
-1.55328 1.20718
-1.54827 1.21283
-1.54327 1.21848
-1.53827 1.22414
-1.53327 1.2298
-1.52826 1.23547
-1.52326 1.24114
-1.51826 1.24682
-1.51326 1.2525
-1.50825 1.25818
-1.50325 1.26387
-1.49825 1.26956
-1.49325 1.27525
-1.48824 1.28095
-1.48324 1.28665
-1.47824 1.29235
-1.47324 1.29805
-1.46823 1.30376
-1.46323 1.30947
-1.45823 1.31518
-1.45323 1.32089
-1.44822 1.32661
-1.44322 1.33233
-1.43822 1.33804
-1.43322 1.34376
-1.42821 1.34948
-1.42321 1.3552
-1.41821 1.36092
-1.41321 1.36664
-1.4082 1.37237
-1.4032 1.37809
-1.3982 1.38381
-1.3932 1.38953
-1.38819 1.39525
-1.38319 1.40097
-1.37819 1.40669
-1.37319 1.41241
-1.36818 1.41813
-1.36318 1.42384
-1.35818 1.42956
-1.35318 1.43527
-1.34817 1.44098
-1.34317 1.44669
-1.33817 1.4524
-1.33317 1.45811
-1.32816 1.46381
-1.32316 1.46951
-1.31816 1.4752
-1.31316 1.4809
-1.30815 1.48659
-1.30315 1.49228
-1.29815 1.49796
-1.29315 1.50364
-1.28814 1.50931
-1.28314 1.51499
-1.27814 1.52065
-1.27314 1.52632
-1.26813 1.53197
-1.26313 1.53763
-1.25813 1.54328
-1.25313 1.54892
-1.24812 1.55456
-1.24312 1.56019
-1.23812 1.56582
-1.23312 1.57144
-1.22811 1.57705
-1.22311 1.58266
-1.21811 1.58826
-1.21311 1.59386
-1.2081 1.59945
-1.2031 1.60503
-1.1981 1.6106
-1.1931 1.61617
-1.18809 1.62173
-1.18309 1.62729
-1.17809 1.63283
-1.17309 1.63837
-1.16808 1.6439
-1.16308 1.64942
-1.15808 1.65493
-1.15308 1.66043
-1.14807 1.66593
-1.14307 1.67141
-1.13807 1.67689
-1.13307 1.68236
-1.12806 1.68782
-1.12306 1.69326
-1.11806 1.6987
-1.11306 1.70413
-1.10805 1.70955
-1.10305 1.71496
-1.09805 1.72035
-1.09305 1.72574
-1.08804 1.73112
-1.08304 1.73648
-1.07804 1.74184
-1.07304 1.74718
-1.06803 1.75251
-1.06303 1.75783
-1.05803 1.76313
-1.05303 1.76843
-1.04802 1.77371
-1.04302 1.77898
-1.03802 1.78424
-1.03302 1.78949
-1.02801 1.79472
-1.02301 1.79994
-1.01801 1.80515
-1.01301 1.81034
-1.008 1.81552
-1.003 1.82069
-0.997999 1.82584
-0.992996 1.83098
-0.987994 1.8361
-0.982991 1.84121
-0.977989 1.84631
-0.972986 1.85139
-0.967984 1.85646
-0.962981 1.86151
-0.957979 1.86654
-0.952976 1.87156
-0.947974 1.87657
-0.942971 1.88156
-0.937969 1.88653
-0.932966 1.89149
-0.927964 1.89643
-0.922961 1.90136
-0.917959 1.90627
-0.912956 1.91116
-0.907954 1.91604
-0.902951 1.9209
-0.897949 1.92574
-0.892946 1.93057
-0.887944 1.93538
-0.882941 1.94017
-0.877939 1.94494
-0.872936 1.9497
-0.867934 1.95444
-0.862931 1.95916
-0.857929 1.96386
-0.852926 1.96854
-0.847924 1.97321
-0.842921 1.97785
-0.837919 1.98248
-0.832916 1.98709
-0.827914 1.99168
-0.822911 1.99625
-0.817909 2.0008
-0.812906 2.00533
-0.807904 2.00984
-0.802901 2.01434
-0.797899 2.01881
-0.792896 2.02326
-0.787894 2.02769
-0.782891 2.03211
-0.777889 2.0365
-0.772886 2.04087
-0.767884 2.04522
-0.762881 2.04955
-0.757879 2.05386
-0.752876 2.05814
-0.747874 2.06241
-0.742871 2.06665
-0.737869 2.07088
-0.732866 2.07508
-0.727864 2.07926
-0.722861 2.08341
-0.717859 2.08755
-0.712856 2.09166
-0.707854 2.09575
-0.702851 2.09982
-0.697849 2.10387
-0.692846 2.10789
-0.687844 2.11189
-0.682841 2.11587
-0.677839 2.11982
-0.672836 2.12375
-0.667834 2.12766
-0.662831 2.13155
-0.657829 2.13541
-0.652826 2.13924
-0.647824 2.14306
-0.642821 2.14684
-0.637819 2.15061
-0.632816 2.15435
-0.627814 2.15807
-0.622811 2.16176
-0.617809 2.16542
-0.612806 2.16907
-0.607804 2.17269
-0.602801 2.17628
-0.597799 2.17985
-0.592796 2.18339
-0.587794 2.18691
-0.582791 2.1904
-0.577789 2.19387
-0.572786 2.19731
-0.567784 2.20072
-0.562781 2.20411
-0.557779 2.20748
-0.552776 2.21081
-0.547774 2.21413
-0.542771 2.21741
-0.537769 2.22067
-0.532766 2.2239
-0.527764 2.22711
-0.522761 2.23029
-0.517759 2.23344
-0.512756 2.23657
-0.507754 2.23967
-0.502751 2.24274
-0.497749 2.24578
-0.492746 2.2488
-0.487744 2.25179
-0.482741 2.25476
-0.477739 2.25769
-0.472736 2.2606
-0.467734 2.26348
-0.462731 2.26633
-0.457729 2.26916
-0.452726 2.27195
-0.447724 2.27472
-0.442721 2.27746
-0.437719 2.28018
-0.432716 2.28286
-0.427714 2.28551
-0.422711 2.28814
-0.417709 2.29074
-0.412706 2.29331
-0.407704 2.29585
-0.402701 2.29836
-0.397699 2.30085
-0.392696 2.3033
-0.387694 2.30573
-0.382691 2.30812
-0.377689 2.31049
-0.372686 2.31283
-0.367684 2.31514
-0.362681 2.31742
-0.357679 2.31967
-0.352676 2.32189
-0.347674 2.32408
-0.342671 2.32624
-0.337669 2.32837
-0.332666 2.33047
-0.327664 2.33254
-0.322661 2.33459
-0.317659 2.3366
-0.312656 2.33858
-0.307654 2.34053
-0.302651 2.34245
-0.297649 2.34434
-0.292646 2.3462
-0.287644 2.34803
-0.282641 2.34983
-0.277639 2.3516
-0.272636 2.35334
-0.267634 2.35505
-0.262631 2.35672
-0.257629 2.35837
-0.252626 2.35999
-0.247624 2.36157
-0.242621 2.36313
-0.237619 2.36465
-0.232616 2.36614
-0.227614 2.3676
-0.222611 2.36903
-0.217609 2.37043
-0.212606 2.3718
-0.207604 2.37313
-0.202601 2.37444
-0.197599 2.37571
-0.192596 2.37696
-0.187594 2.37817
-0.182591 2.37935
-0.177589 2.3805
-0.172586 2.38161
-0.167584 2.3827
-0.162581 2.38375
-0.157579 2.38477
-0.152576 2.38577
-0.147574 2.38672
-0.142571 2.38765
-0.137569 2.38855
-0.132566 2.38941
-0.127564 2.39024
-0.122561 2.39104
-0.117559 2.39181
-0.112556 2.39255
-0.107554 2.39325
-0.102551 2.39393
-0.0975488 2.39457
-0.0925463 2.39518
-0.0875438 2.39575
-0.0825413 2.3963
-0.0775388 2.39681
-0.0725363 2.39729
-0.0675338 2.39774
-0.0625313 2.39816
-0.0575288 2.39855
-0.0525263 2.3989
-0.0475238 2.39922
-0.0425213 2.39951
-0.0375188 2.39977
-0.0325163 2.39999
-0.0275138 2.40018
-0.0225113 2.40034
-0.0175088 2.40047
-0.0125063 2.40057
-0.00750375 2.40063
-0.00250125 2.40066
0.00250125 2.40066
0.00750375 2.40063
0.0125063 2.40057
0.0175088 2.40047
0.0225113 2.40034
0.0275138 2.40018
0.0325163 2.39999
0.0375188 2.39977
0.0425213 2.39951
0.0475238 2.39922
0.0525263 2.3989
0.0575288 2.39855
0.0625313 2.39816
0.0675338 2.39774
0.0725363 2.39729
0.0775388 2.39681
0.0825413 2.3963
0.0875438 2.39575
0.0925463 2.39518
0.0975488 2.39457
0.102551 2.39393
0.107554 2.39325
0.112556 2.39255
0.117559 2.39181
0.122561 2.39104
0.127564 2.39024
0.132566 2.38941
0.137569 2.38855
0.142571 2.38765
0.147574 2.38672
0.152576 2.38577
0.157579 2.38477
0.162581 2.38375
0.167584 2.3827
0.172586 2.38161
0.177589 2.3805
0.182591 2.37935
0.187594 2.37817
0.192596 2.37696
0.197599 2.37571
0.202601 2.37444
0.207604 2.37313
0.212606 2.3718
0.217609 2.37043
0.222611 2.36903
0.227614 2.3676
0.232616 2.36614
0.237619 2.36465
0.242621 2.36313
0.247624 2.36157
0.252626 2.35999
0.257629 2.35837
0.262631 2.35672
0.267634 2.35505
0.272636 2.35334
0.277639 2.3516
0.282641 2.34983
0.287644 2.34803
0.292646 2.3462
0.297649 2.34434
0.302651 2.34245
0.307654 2.34053
0.312656 2.33858
0.317659 2.3366
0.322661 2.33459
0.327664 2.33254
0.332666 2.33047
0.337669 2.32837
0.342671 2.32624
0.347674 2.32408
0.352676 2.32189
0.357679 2.31967
0.362681 2.31742
0.367684 2.31514
0.372686 2.31283
0.377689 2.31049
0.382691 2.30812
0.387694 2.30573
0.392696 2.3033
0.397699 2.30085
0.402701 2.29836
0.407704 2.29585
0.412706 2.29331
0.417709 2.29074
0.422711 2.28814
0.427714 2.28551
0.432716 2.28286
0.437719 2.28018
0.442721 2.27746
0.447724 2.27472
0.452726 2.27195
0.457729 2.26916
0.462731 2.26633
0.467734 2.26348
0.472736 2.2606
0.477739 2.25769
0.482741 2.25476
0.487744 2.25179
0.492746 2.2488
0.497749 2.24578
0.502751 2.24274
0.507754 2.23967
0.512756 2.23657
0.517759 2.23344
0.522761 2.23029
0.527764 2.22711
0.532766 2.2239
0.537769 2.22067
0.542771 2.21741
0.547774 2.21413
0.552776 2.21081
0.557779 2.20748
0.562781 2.20411
0.567784 2.20072
0.572786 2.19731
0.577789 2.19387
0.582791 2.1904
0.587794 2.18691
0.592796 2.18339
0.597799 2.17985
0.602801 2.17628
0.607804 2.17269
0.612806 2.16907
0.617809 2.16542
0.622811 2.16176
0.627814 2.15807
0.632816 2.15435
0.637819 2.15061
0.642821 2.14684
0.647824 2.14306
0.652826 2.13924
0.657829 2.13541
0.662831 2.13155
0.667834 2.12766
0.672836 2.12375
0.677839 2.11982
0.682841 2.11587
0.687844 2.11189
0.692846 2.10789
0.697849 2.10387
0.702851 2.09982
0.707854 2.09575
0.712856 2.09166
0.717859 2.08755
0.722861 2.08341
0.727864 2.07926
0.732866 2.07508
0.737869 2.07088
0.742871 2.06665
0.747874 2.06241
0.752876 2.05814
0.757879 2.05386
0.762881 2.04955
0.767884 2.04522
0.772886 2.04087
0.777889 2.0365
0.782891 2.03211
0.787894 2.02769
0.792896 2.02326
0.797899 2.01881
0.802901 2.01434
0.807904 2.00984
0.812906 2.00533
0.817909 2.0008
0.822911 1.99625
0.827914 1.99168
0.832916 1.98709
0.837919 1.98248
0.842921 1.97785
0.847924 1.97321
0.852926 1.96854
0.857929 1.96386
0.862931 1.95916
0.867934 1.95444
0.872936 1.9497
0.877939 1.94494
0.882941 1.94017
0.887944 1.93538
0.892946 1.93057
0.897949 1.92574
0.902951 1.9209
0.907954 1.91604
0.912956 1.91116
0.917959 1.90627
0.922961 1.90136
0.927964 1.89643
0.932966 1.89149
0.937969 1.88653
0.942971 1.88156
0.947974 1.87657
0.952976 1.87156
0.957979 1.86654
0.962981 1.86151
0.967984 1.85646
0.972986 1.85139
0.977989 1.84631
0.982991 1.84121
0.987994 1.8361
0.992996 1.83098
0.997999 1.82584
1.003 1.82069
1.008 1.81552
1.01301 1.81034
1.01801 1.80515
1.02301 1.79994
1.02801 1.79472
1.03302 1.78949
1.03802 1.78424
1.04302 1.77898
1.04802 1.77371
1.05303 1.76843
1.05803 1.76313
1.06303 1.75783
1.06803 1.75251
1.07304 1.74718
1.07804 1.74184
1.08304 1.73648
1.08804 1.73112
1.09305 1.72574
1.09805 1.72035
1.10305 1.71496
1.10805 1.70955
1.11306 1.70413
1.11806 1.6987
1.12306 1.69326
1.12806 1.68782
1.13307 1.68236
1.13807 1.67689
1.14307 1.67141
1.14807 1.66593
1.15308 1.66043
1.15808 1.65493
1.16308 1.64942
1.16808 1.6439
1.17309 1.63837
1.17809 1.63283
1.18309 1.62729
1.18809 1.62173
1.1931 1.61617
1.1981 1.6106
1.2031 1.60503
1.2081 1.59945
1.21311 1.59386
1.21811 1.58826
1.22311 1.58266
1.22811 1.57705
1.23312 1.57144
1.23812 1.56582
1.24312 1.56019
1.24812 1.55456
1.25313 1.54892
1.25813 1.54328
1.26313 1.53763
1.26813 1.53197
1.27314 1.52632
1.27814 1.52065
1.28314 1.51499
1.28814 1.50931
1.29315 1.50364
1.29815 1.49796
1.30315 1.49228
1.30815 1.48659
1.31316 1.4809
1.31816 1.4752
1.32316 1.46951
1.32816 1.46381
1.33317 1.45811
1.33817 1.4524
1.34317 1.44669
1.34817 1.44098
1.35318 1.43527
1.35818 1.42956
1.36318 1.42384
1.36818 1.41813
1.37319 1.41241
1.37819 1.40669
1.38319 1.40097
1.38819 1.39525
1.3932 1.38953
1.3982 1.38381
1.4032 1.37809
1.4082 1.37237
1.41321 1.36664
1.41821 1.36092
1.42321 1.3552
1.42821 1.34948
1.43322 1.34376
1.43822 1.33804
1.44322 1.33233
1.44822 1.32661
1.45323 1.32089
1.45823 1.31518
1.46323 1.30947
1.46823 1.30376
1.47324 1.29805
1.47824 1.29235
1.48324 1.28665
1.48824 1.28095
1.49325 1.27525
1.49825 1.26956
1.50325 1.26387
1.50825 1.25818
1.51326 1.2525
1.51826 1.24682
1.52326 1.24114
1.52826 1.23547
1.53327 1.2298
1.53827 1.22414
1.54327 1.21848
1.54827 1.21283
1.55328 1.20718
1.55828 1.20154
1.56328 1.1959
1.56828 1.19027
1.57329 1.18464
1.57829 1.17902
1.58329 1.1734
1.58829 1.16779
1.5933 1.16219
1.5983 1.15659
1.6033 1.151
1.6083 1.14542
1.61331 1.13985
1.61831 1.13428
1.62331 1.12871
1.62831 1.12316
1.63332 1.11761
1.63832 1.11207
1.64332 1.10654
1.64832 1.10102
1.65333 1.09551
1.65833 1.09
1.66333 1.0845
1.66833 1.07901
1.67334 1.07353
1.67834 1.06806
1.68334 1.0626
1.68834 1.05715
1.69335 1.0517
1.69835 1.04627
1.70335 1.04085
1.70835 1.03543
1.71336 1.03003
1.71836 1.02464
1.72336 1.01926
1.72836 1.01388
1.73337 1.00852
1.73837 1.00317
1.74337 0.997835
1.74837 0.992508
1.75338 0.987192
1.75838 0.981887
1.76338 0.976594
1.76838 0.971314
1.77339 0.966045
1.77839 0.960788
1.78339 0.955544
1.78839 0.950312
1.7934 0.945093
1.7984 0.939886
1.8034 0.934693
1.8084 0.929512
1.81341 0.924345
1.81841 0.919191
1.82341 0.914051
1.82841 0.908924
1.83342 0.903811
1.83842 0.898712
1.84342 0.893627
1.84842 0.888557
1.85343 0.883501
1.85843 0.878459
1.86343 0.873432
1.86843 0.868419
1.87344 0.863422
1.87844 0.85844
1.88344 0.853473
1.88844 0.848521
1.89345 0.843585
1.89845 0.838664
1.90345 0.833759
1.90845 0.82887
1.91346 0.823997
1.91846 0.81914
1.92346 0.8143
1.92846 0.809475
1.93347 0.804668
1.93847 0.799877
1.94347 0.795103
1.94847 0.790345
1.95348 0.785605
1.95848 0.780882
1.96348 0.776176
1.96848 0.771488
1.97349 0.766818
1.97849 0.762165
1.98349 0.757529
1.98849 0.752912
1.9935 0.748313
1.9985 0.743732
2.0035 0.739169
2.0085 0.734625
2.01351 0.730099
2.01851 0.725591
2.02351 0.721103
2.02851 0.716633
2.03352 0.712183
2.03852 0.707751
2.04352 0.703339
2.04852 0.698946
2.05353 0.694572
2.05853 0.690218
2.06353 0.685884
2.06853 0.68157
2.07354 0.677275
2.07854 0.673
2.08354 0.668745
2.08854 0.664511
2.09355 0.660297
2.09855 0.656103
2.10355 0.65193
2.10855 0.647777
2.11356 0.643645
2.11856 0.639534
2.12356 0.635443
2.12856 0.631374
2.13357 0.627326
2.13857 0.623298
2.14357 0.619293
2.14857 0.615308
2.15358 0.611345
2.15858 0.607404
2.16358 0.603484
2.16858 0.599586
2.17359 0.59571
2.17859 0.591855
2.18359 0.588023
2.18859 0.584213
2.1936 0.580424
2.1986 0.576659
2.2036 0.572915
2.2086 0.569194
2.21361 0.565495
2.21861 0.561819
2.22361 0.558166
2.22861 0.554535
2.23362 0.550927
2.23862 0.547342
2.24362 0.54378
2.24862 0.540241
2.25363 0.536725
2.25863 0.533232
2.26363 0.529763
2.26863 0.526316
2.27364 0.522894
2.27864 0.519494
2.28364 0.516118
2.28864 0.512766
2.29365 0.509437
2.29865 0.506132
2.30365 0.502851
2.30865 0.499593
2.31366 0.49636
2.31866 0.49315
2.32366 0.489965
2.32866 0.486803
2.33367 0.483666
2.33867 0.480552
2.34367 0.477463
2.34867 0.474398
2.35368 0.471358
2.35868 0.468342
2.36368 0.46535
2.36868 0.462383
2.37369 0.45944
2.37869 0.456522
2.38369 0.453628
2.38869 0.450759
2.3937 0.447915
2.3987 0.445095
2.4037 0.4423
2.4087 0.43953
2.41371 0.436785
2.41871 0.434065
2.42371 0.431369
2.42871 0.428699
2.43372 0.426053
2.43872 0.423432
2.44372 0.420837
2.44872 0.418266
2.45373 0.415721
2.45873 0.413201
2.46373 0.410706
2.46873 0.408236
2.47374 0.405791
2.47874 0.403371
2.48374 0.400977
2.48874 0.398608
2.49375 0.396264
2.49875 0.393946
2.50375 0.391652
2.50875 0.389384
2.51376 0.387142
2.51876 0.384925
2.52376 0.382733
2.52876 0.380566
2.53377 0.378425
2.53877 0.376309
2.54377 0.374219
2.54877 0.372154
2.55378 0.370114
2.55878 0.3681
2.56378 0.366111
2.56878 0.364148
2.57379 0.36221
2.57879 0.360297
2.58379 0.35841
2.58879 0.356548
2.5938 0.354712
2.5988 0.352901
2.6038 0.351115
2.6088 0.349355
2.61381 0.34762
2.61881 0.34591
2.62381 0.344226
2.62881 0.342567
2.63382 0.340933
2.63882 0.339325
2.64382 0.337742
2.64882 0.336184
2.65383 0.334651
2.65883 0.333144
2.66383 0.331662
2.66883 0.330205
2.67384 0.328773
2.67884 0.327366
2.68384 0.325985
2.68884 0.324628
2.69385 0.323297
2.69885 0.32199
2.70385 0.320709
2.70885 0.319452
2.71386 0.318221
2.71886 0.317014
2.72386 0.315832
2.72886 0.314675
2.73387 0.313543
2.73887 0.312435
2.74387 0.311352
2.74887 0.310294
2.75388 0.30926
2.75888 0.308251
2.76388 0.307267
2.76888 0.306306
2.77389 0.305371
2.77889 0.30446
2.78389 0.303573
2.78889 0.30271
2.7939 0.301872
2.7989 0.301057
2.8039 0.300267
2.8089 0.299501
2.81391 0.298759
2.81891 0.298041
2.82391 0.297347
2.82891 0.296677
2.83392 0.29603
2.83892 0.295407
2.84392 0.294808
2.84892 0.294232
2.85393 0.29368
2.85893 0.293152
2.86393 0.292647
2.86893 0.292165
2.87394 0.291706
2.87894 0.291271
2.88394 0.290859
2.88894 0.290469
2.89395 0.290103
2.89895 0.28976
2.90395 0.289439
2.90895 0.289141
2.91396 0.288866
2.91896 0.288614
2.92396 0.288384
2.92896 0.288176
2.93397 0.287991
2.93897 0.287828
2.94397 0.287687
2.94897 0.287569
2.95398 0.287472
2.95898 0.287397
2.96398 0.287344
2.96898 0.287313
2.97399 0.287304
2.97899 0.287316
2.98399 0.28735
2.98899 0.287405
2.994 0.287481
2.999 0.287579
3.004 0.287697
3.009 0.287837
3.01401 0.287998
3.01901 0.288179
3.02401 0.288381
3.02901 0.288604
3.03402 0.288847
3.03902 0.289111
3.04402 0.289395
3.04902 0.2897
3.05403 0.290024
3.05903 0.290369
3.06403 0.290733
3.06903 0.291117
3.07404 0.291521
3.07904 0.291945
3.08404 0.292388
3.08904 0.29285
3.09405 0.293332
3.09905 0.293832
3.10405 0.294352
3.10905 0.294891
3.11406 0.295449
3.11906 0.296025
3.12406 0.29662
3.12906 0.297233
3.13407 0.297865
3.13907 0.298515
3.14407 0.299183
3.14907 0.299869
3.15408 0.300573
3.15908 0.301295
3.16408 0.302034
3.16908 0.302791
3.17409 0.303566
3.17909 0.304358
3.18409 0.305166
3.18909 0.305992
3.1941 0.306835
3.1991 0.307695
3.2041 0.308571
3.2091 0.309464
3.21411 0.310374
3.21911 0.311299
3.22411 0.312241
3.22911 0.313199
3.23412 0.314173
3.23912 0.315162
3.24412 0.316167
3.24912 0.317188
3.25413 0.318224
3.25913 0.319276
3.26413 0.320343
3.26913 0.321424
3.27414 0.322521
3.27914 0.323632
3.28414 0.324758
3.28914 0.325898
3.29415 0.327053
3.29915 0.328222
3.30415 0.329405
3.30915 0.330602
3.31416 0.331813
3.31916 0.333038
3.32416 0.334276
3.32916 0.335528
3.33417 0.336792
3.33917 0.338071
3.34417 0.339362
3.34917 0.340666
3.35418 0.341982
3.35918 0.343312
3.36418 0.344653
3.36918 0.346008
3.37419 0.347374
3.37919 0.348752
3.38419 0.350143
3.38919 0.351545
3.3942 0.352959
3.3992 0.354384
3.4042 0.355821
3.4092 0.357269
3.41421 0.358728
3.41921 0.360199
3.42421 0.36168
3.42921 0.363171
3.43422 0.364674
3.43922 0.366187
3.44422 0.36771
3.44922 0.369243
3.45423 0.370786
3.45923 0.37234
3.46423 0.373903
3.46923 0.375475
3.47424 0.377058
3.47924 0.378649
3.48424 0.38025
3.48924 0.38186
3.49425 0.383479
3.49925 0.385106
3.50425 0.386743
3.50925 0.388388
3.51426 0.390041
3.51926 0.391703
3.52426 0.393373
3.52926 0.395051
3.53427 0.396737
3.53927 0.398431
3.54427 0.400132
3.54927 0.401841
3.55428 0.403557
3.55928 0.405281
3.56428 0.407012
3.56928 0.408749
3.57429 0.410494
3.57929 0.412246
3.58429 0.414004
3.58929 0.415768
3.5943 0.417539
3.5993 0.419317
3.6043 0.4211
3.6093 0.42289
3.61431 0.424685
3.61931 0.426487
3.62431 0.428294
3.62931 0.430106
3.63432 0.431924
3.63932 0.433748
3.64432 0.435577
3.64932 0.43741
3.65433 0.439249
3.65933 0.441093
3.66433 0.442941
3.66933 0.444794
3.67434 0.446652
3.67934 0.448514
3.68434 0.450381
3.68934 0.452251
3.69435 0.454126
3.69935 0.456005
3.70435 0.457888
3.70935 0.459775
3.71436 0.461665
3.71936 0.46356
3.72436 0.465457
3.72936 0.467359
3.73437 0.469263
3.73937 0.471171
3.74437 0.473082
3.74937 0.474996
3.75438 0.476913
3.75938 0.478833
3.76438 0.480756
3.76938 0.482682
3.77439 0.48461
3.77939 0.486541
3.78439 0.488475
3.78939 0.490411
3.7944 0.492349
3.7994 0.49429
3.8044 0.496232
3.8094 0.498177
3.81441 0.500125
3.81941 0.502074
3.82441 0.504025
3.82941 0.505978
3.83442 0.507933
3.83942 0.50989
3.84442 0.511848
3.84942 0.513808
3.85443 0.51577
3.85943 0.517733
3.86443 0.519698
3.86943 0.521665
3.87444 0.523633
3.87944 0.525602
3.88444 0.527573
3.88944 0.529545
3.89445 0.531518
3.89945 0.533493
3.90445 0.535469
3.90945 0.537446
3.91446 0.539424
3.91946 0.541404
3.92446 0.543385
3.92946 0.545367
3.93447 0.54735
3.93947 0.549334
3.94447 0.551319
3.94947 0.553306
3.95448 0.555293
3.95948 0.557282
3.96448 0.559272
3.96948 0.561262
3.97449 0.563255
3.97949 0.565248
3.98449 0.567242
3.98949 0.569238
3.9945 0.571235
3.9995 0.573233
4.0045 0.575232
4.0095 0.577233
4.01451 0.579234
4.01951 0.581238
4.02451 0.583242
4.02951 0.585249
4.03452 0.587256
4.03952 0.589265
4.04452 0.591276
4.04952 0.593289
4.05453 0.595303
4.05953 0.597319
4.06453 0.599337
4.06953 0.601356
4.07454 0.603378
4.07954 0.605402
4.08454 0.607428
4.08954 0.609456
4.09455 0.611487
4.09955 0.61352
4.10455 0.615555
4.10955 0.617593
4.11456 0.619634
4.11956 0.621678
4.12456 0.623725
4.12956 0.625774
4.13457 0.627827
4.13957 0.629884
4.14457 0.631943
4.14957 0.634007
4.15458 0.636074
4.15958 0.638145
4.16458 0.64022
4.16958 0.642299
4.17459 0.644383
4.17959 0.646471
4.18459 0.648563
4.18959 0.650661
4.1946 0.652763
4.1996 0.654871
4.2046 0.656984
4.2096 0.659103
4.21461 0.661227
4.21961 0.663357
4.22461 0.665494
4.22961 0.667637
4.23462 0.669786
4.23962 0.671943
4.24462 0.674106
4.24962 0.676276
4.25463 0.678455
4.25963 0.68064
4.26463 0.682834
4.26963 0.685036
4.27464 0.687247
4.27964 0.689466
4.28464 0.691694
4.28964 0.693932
4.29465 0.696179
4.29965 0.698436
4.30465 0.700703
4.30965 0.70298
4.31466 0.705269
4.31966 0.707568
4.32466 0.709879
4.32966 0.712201
4.33467 0.714535
4.33967 0.716882
4.34467 0.719241
4.34967 0.721614
4.35468 0.723999
4.35968 0.726399
4.36468 0.728812
4.36968 0.73124
4.37469 0.733683
4.37969 0.736141
4.38469 0.738615
4.38969 0.741104
4.3947 0.743611
4.3997 0.746133
4.4047 0.748673
4.4097 0.751231
4.41471 0.753807
4.41971 0.756401
4.42471 0.759014
4.42971 0.761647
4.43472 0.764299
4.43972 0.766972
4.44472 0.769666
4.44972 0.77238
4.45473 0.775117
4.45973 0.777876
4.46473 0.780657
4.46973 0.783462
4.47474 0.786291
4.47974 0.789144
4.48474 0.792022
4.48974 0.794925
4.49475 0.797854
4.49975 0.800809
4.50475 0.803792
4.50975 0.806802
4.51476 0.80984
4.51976 0.812907
4.52476 0.816003
4.52976 0.81913
4.53477 0.822287
4.53977 0.825475
4.54477 0.828695
4.54977 0.831947
4.55478 0.835233
4.55978 0.838552
4.56478 0.841906
4.56978 0.845294
4.57479 0.848719
4.57979 0.85218
4.58479 0.855678
4.58979 0.859214
4.5948 0.862789
4.5998 0.866403
4.6048 0.870056
4.6098 0.873751
4.61481 0.877487
4.61981 0.881266
4.62481 0.885088
4.62981 0.888953
4.63482 0.892863
4.63982 0.896819
4.64482 0.90082
4.64982 0.904869
4.65483 0.908966
4.65983 0.913112
4.66483 0.917307
4.66983 0.921552
4.67484 0.925849
4.67984 0.930198
4.68484 0.9346
4.68984 0.939056
4.69485 0.943567
4.69985 0.948134
4.70485 0.952758
4.70985 0.957439
4.71486 0.962179
4.71986 0.966978
4.72486 0.971839
4.72986 0.97676
4.73487 0.981744
4.73987 0.986792
4.74487 0.991905
4.74987 0.997083
4.75488 1.00233
4.75988 1.00764
4.76488 1.01302
4.76988 1.01847
4.77489 1.02399
4.77989 1.02959
4.78489 1.03526
4.78989 1.041
4.7949 1.04681
4.7999 1.05271
4.8049 1.05868
4.8099 1.06473
4.81491 1.07086
4.81991 1.07707
4.82491 1.08337
4.82991 1.08974
4.83492 1.09621
4.83992 1.10275
4.84492 1.10939
4.84992 1.11612
4.85493 1.12293
4.85993 1.12984
4.86493 1.13684
4.86993 1.14393
4.87494 1.15112
4.87994 1.1584
4.88494 1.16578
4.88994 1.17327
4.89495 1.18085
4.89995 1.18853
4.90495 1.19632
4.90995 1.20422
4.91496 1.21222
4.91996 1.22032
4.92496 1.22854
4.92996 1.23687
4.93497 1.24531
4.93997 1.25386
4.94497 1.26253
4.94997 1.27132
4.95498 1.28022
4.95998 1.28925
4.96498 1.29839
4.96998 1.30766
4.97499 1.31706
4.97999 1.32658
4.98499 1.33623
4.98999 1.34601
4.995 1.35592
5 1.36596
