-5 1.32598
-4.995 1.31999
-4.98999 1.31398
-4.98499 1.30794
-4.97999 1.30188
-4.97499 1.29581
-4.96998 1.28972
-4.96498 1.28363
-4.95998 1.27753
-4.95498 1.27142
-4.94997 1.26531
-4.94497 1.2592
-4.93997 1.2531
-4.93497 1.247
-4.92996 1.24091
-4.92496 1.23483
-4.91996 1.22876
-4.91496 1.2227
-4.90995 1.21665
-4.90495 1.21063
-4.89995 1.20461
-4.89495 1.19862
-4.88994 1.19265
-4.88494 1.1867
-4.87994 1.18076
-4.87494 1.17486
-4.86993 1.16897
-4.86493 1.16311
-4.85993 1.15727
-4.85493 1.15146
-4.84992 1.14568
-4.84492 1.13992
-4.83992 1.13419
-4.83492 1.12849
-4.82991 1.12281
-4.82491 1.11717
-4.81991 1.11155
-4.81491 1.10596
-4.8099 1.1004
-4.8049 1.09487
-4.7999 1.08937
-4.7949 1.0839
-4.78989 1.07846
-4.78489 1.07305
-4.77989 1.06767
-4.77489 1.06232
-4.76988 1.05699
-4.76488 1.0517
-4.75988 1.04644
-4.75488 1.04121
-4.74987 1.036
-4.74487 1.03083
-4.73987 1.02568
-4.73487 1.02057
-4.72986 1.01548
-4.72486 1.01042
-4.71986 1.00539
-4.71486 1.00039
-4.70985 0.99542
-4.70485 0.990476
-4.69985 0.98556
-4.69485 0.980672
-4.68984 0.975811
-4.68484 0.970978
-4.67984 0.966172
-4.67484 0.961393
-4.66983 0.95664
-4.66483 0.951915
-4.65983 0.947215
-4.65483 0.942542
-4.64982 0.937895
-4.64482 0.933273
-4.63982 0.928678
-4.63482 0.924107
-4.62981 0.919562
-4.62481 0.915041
-4.61981 0.910546
-4.61481 0.906075
-4.6098 0.901628
-4.6048 0.897205
-4.5998 0.892807
-4.5948 0.888432
-4.58979 0.884082
-4.58479 0.879754
-4.57979 0.87545
-4.57479 0.871169
-4.56978 0.866911
-4.56478 0.862676
-4.55978 0.858464
-4.55478 0.854275
-4.54977 0.850108
-4.54477 0.845963
-4.53977 0.84184
-4.53477 0.83774
-4.52976 0.833661
-4.52476 0.829605
-4.51976 0.82557
-4.51476 0.821557
-4.50975 0.817565
-4.50475 0.813595
-4.49975 0.809646
-4.49475 0.805718
-4.48974 0.801812
-4.48474 0.797927
-4.47974 0.794063
-4.47474 0.79022
-4.46973 0.786397
-4.46473 0.782596
-4.45973 0.778816
-4.45473 0.775056
-4.44972 0.771317
-4.44472 0.767599
-4.43972 0.763901
-4.43472 0.760224
-4.42971 0.756567
-4.42471 0.752931
-4.41971 0.749315
-4.41471 0.74572
-4.4097 0.742146
-4.4047 0.738591
-4.3997 0.735057
-4.3947 0.731544
-4.38969 0.72805
-4.38469 0.724577
-4.37969 0.721125
-4.37469 0.717693
-4.36968 0.714281
-4.36468 0.710889
-4.35968 0.707517
-4.35468 0.704166
-4.34967 0.700835
-4.34467 0.697524
-4.33967 0.694234
-4.33467 0.690964
-4.32966 0.687714
-4.32466 0.684484
-4.31966 0.681274
-4.31466 0.678085
-4.30965 0.674916
-4.30465 0.671767
-4.29965 0.668638
-4.29465 0.66553
-4.28964 0.662441
-4.28464 0.659373
-4.27964 0.656325
-4.27464 0.653297
-4.26963 0.65029
-4.26463 0.647302
-4.25963 0.644335
-4.25463 0.641388
-4.24962 0.638461
-4.24462 0.635554
-4.23962 0.632667
-4.23462 0.6298
-4.22961 0.626954
-4.22461 0.624127
-4.21961 0.621321
-4.21461 0.618534
-4.2096 0.615768
-4.2046 0.613021
-4.1996 0.610295
-4.1946 0.607588
-4.18959 0.604901
-4.18459 0.602235
-4.17959 0.599588
-4.17459 0.596961
-4.16958 0.594353
-4.16458 0.591766
-4.15958 0.589198
-4.15458 0.58665
-4.14957 0.584121
-4.14457 0.581612
-4.13957 0.579123
-4.13457 0.576653
-4.12956 0.574202
-4.12456 0.571771
-4.11956 0.569359
-4.11456 0.566967
-4.10955 0.564594
-4.10455 0.56224
-4.09955 0.559905
-4.09455 0.557589
-4.08954 0.555292
-4.08454 0.553014
-4.07954 0.550755
-4.07454 0.548515
-4.06953 0.546294
-4.06453 0.544091
-4.05953 0.541907
-4.05453 0.539741
-4.04952 0.537594
-4.04452 0.535465
-4.03952 0.533354
-4.03452 0.531262
-4.02951 0.529188
-4.02451 0.527131
-4.01951 0.525093
-4.01451 0.523073
-4.0095 0.52107
-4.0045 0.519085
-3.9995 0.517118
-3.9945 0.515168
-3.98949 0.513235
-3.98449 0.51132
-3.97949 0.509422
-3.97449 0.507541
-3.96948 0.505678
-3.96448 0.503831
-3.95948 0.502001
-3.95448 0.500188
-3.94947 0.498391
-3.94447 0.496611
-3.93947 0.494847
-3.93447 0.4931
-3.92946 0.491368
-3.92446 0.489653
-3.91946 0.487954
-3.91446 0.486271
-3.90945 0.484604
-3.90445 0.482952
-3.89945 0.481316
-3.89445 0.479695
-3.88944 0.47809
-3.88444 0.476499
-3.87944 0.474924
-3.87444 0.473364
-3.86943 0.471819
-3.86443 0.470289
-3.85943 0.468774
-3.85443 0.467273
-3.84942 0.465786
-3.84442 0.464314
-3.83942 0.462856
-3.83442 0.461413
-3.82941 0.459983
-3.82441 0.458567
-3.81941 0.457165
-3.81441 0.455777
-3.8094 0.454403
-3.8044 0.453042
-3.7994 0.451694
-3.7944 0.45036
-3.78939 0.449038
-3.78439 0.44773
-3.77939 0.446435
-3.77439 0.445153
-3.76938 0.443884
-3.76438 0.442627
-3.75938 0.441382
-3.75438 0.440151
-3.74937 0.438931
-3.74437 0.437724
-3.73937 0.436529
-3.73437 0.435346
-3.72936 0.434175
-3.72436 0.433016
-3.71936 0.431869
-3.71436 0.430734
-3.70935 0.42961
-3.70435 0.428497
-3.69935 0.427396
-3.69435 0.426307
-3.68934 0.425228
-3.68434 0.424161
-3.67934 0.423105
-3.67434 0.42206
-3.66933 0.421026
-3.66433 0.420003
-3.65933 0.41899
-3.65433 0.417988
-3.64932 0.416997
-3.64432 0.416016
-3.63932 0.415046
-3.63432 0.414086
-3.62931 0.413136
-3.62431 0.412197
-3.61931 0.411268
-3.61431 0.410349
-3.6093 0.40944
-3.6043 0.408541
-3.5993 0.407652
-3.5943 0.406772
-3.58929 0.405903
-3.58429 0.405043
-3.57929 0.404194
-3.57429 0.403353
-3.56928 0.402523
-3.56428 0.401701
-3.55928 0.40089
-3.55428 0.400088
-3.54927 0.399295
-3.54427 0.398511
-3.53927 0.397737
-3.53427 0.396972
-3.52926 0.396217
-3.52426 0.39547
-3.51926 0.394733
-3.51426 0.394005
-3.50925 0.393285
-3.50425 0.392575
-3.49925 0.391874
-3.49425 0.391182
-3.48924 0.390499
-3.48424 0.389825
-3.47924 0.38916
-3.47424 0.388504
-3.46923 0.387856
-3.46423 0.387218
-3.45923 0.386588
-3.45423 0.385967
-3.44922 0.385355
-3.44422 0.384751
-3.43922 0.384157
-3.43422 0.383571
-3.42921 0.382994
-3.42421 0.382425
-3.41921 0.381866
-3.41421 0.381315
-3.4092 0.380773
-3.4042 0.380239
-3.3992 0.379714
-3.3942 0.379198
-3.38919 0.378691
-3.38419 0.378192
-3.37919 0.377702
-3.37419 0.377221
-3.36918 0.376749
-3.36418 0.376285
-3.35918 0.37583
-3.35418 0.375384
-3.34917 0.374946
-3.34417 0.374517
-3.33917 0.374097
-3.33417 0.373686
-3.32916 0.373283
-3.32416 0.37289
-3.31916 0.372505
-3.31416 0.372129
-3.30915 0.371762
-3.30415 0.371403
-3.29915 0.371054
-3.29415 0.370713
-3.28914 0.370382
-3.28414 0.370059
-3.27914 0.369745
-3.27414 0.36944
-3.26913 0.369145
-3.26413 0.368858
-3.25913 0.36858
-3.25413 0.368312
-3.24912 0.368052
-3.24412 0.367802
-3.23912 0.36756
-3.23412 0.367328
-3.22911 0.367105
-3.22411 0.366892
-3.21911 0.366687
-3.21411 0.366492
-3.2091 0.366307
-3.2041 0.36613
-3.1991 0.365963
-3.1941 0.365805
-3.18909 0.365657
-3.18409 0.365518
-3.17909 0.365389
-3.17409 0.365269
-3.16908 0.365159
-3.16408 0.365058
-3.15908 0.364967
-3.15408 0.364886
-3.14907 0.364814
-3.14407 0.364752
-3.13907 0.364699
-3.13407 0.364657
-3.12906 0.364624
-3.12406 0.364601
-3.11906 0.364588
-3.11406 0.364585
-3.10905 0.364592
-3.10405 0.364608
-3.09905 0.364635
-3.09405 0.364672
-3.08904 0.364719
-3.08404 0.364776
-3.07904 0.364843
-3.07404 0.36492
-3.06903 0.365007
-3.06403 0.365105
-3.05903 0.365212
-3.05403 0.36533
-3.04902 0.365459
-3.04402 0.365597
-3.03902 0.365747
-3.03402 0.365906
-3.02901 0.366076
-3.02401 0.366256
-3.01901 0.366447
-3.01401 0.366648
-3.009 0.36686
-3.004 0.367083
-2.999 0.367316
-2.994 0.36756
-2.98899 0.367814
-2.98399 0.368079
-2.97899 0.368355
-2.97399 0.368641
-2.96898 0.368939
-2.96398 0.369247
-2.95898 0.369566
-2.95398 0.369895
-2.94897 0.370236
-2.94397 0.370587
-2.93897 0.37095
-2.93397 0.371323
-2.92896 0.371707
-2.92396 0.372103
-2.91896 0.372509
-2.91396 0.372927
-2.90895 0.373355
-2.90395 0.373794
-2.89895 0.374245
-2.89395 0.374707
-2.88894 0.37518
-2.88394 0.375664
-2.87894 0.376159
-2.87394 0.376666
-2.86893 0.377183
-2.86393 0.377712
-2.85893 0.378252
-2.85393 0.378804
-2.84892 0.379367
-2.84392 0.379941
-2.83892 0.380526
-2.83392 0.381123
-2.82891 0.381731
-2.82391 0.382351
-2.81891 0.382982
-2.81391 0.383625
-2.8089 0.384279
-2.8039 0.384944
-2.7989 0.385621
-2.7939 0.386309
-2.78889 0.387009
-2.78389 0.38772
-2.77889 0.388443
-2.77389 0.389178
-2.76888 0.389924
-2.76388 0.390681
-2.75888 0.391451
-2.75388 0.392231
-2.74887 0.393024
-2.74387 0.393828
-2.73887 0.394644
-2.73387 0.395471
-2.72886 0.39631
-2.72386 0.397161
-2.71886 0.398023
-2.71386 0.398898
-2.70885 0.399784
-2.70385 0.400681
-2.69885 0.401591
-2.69385 0.402512
-2.68884 0.403445
-2.68384 0.40439
-2.67884 0.405346
-2.67384 0.406315
-2.66883 0.407295
-2.66383 0.408287
-2.65883 0.409291
-2.65383 0.410307
-2.64882 0.411335
-2.64382 0.412375
-2.63882 0.413427
-2.63382 0.41449
-2.62881 0.415566
-2.62381 0.416653
-2.61881 0.417753
-2.61381 0.418864
-2.6088 0.419988
-2.6038 0.421123
-2.5988 0.422271
-2.5938 0.423431
-2.58879 0.424602
-2.58379 0.425786
-2.57879 0.426982
-2.57379 0.42819
-2.56878 0.429411
-2.56378 0.430643
-2.55878 0.431888
-2.55378 0.433145
-2.54877 0.434414
-2.54377 0.435695
-2.53877 0.436989
-2.53377 0.438295
-2.52876 0.439613
-2.52376 0.440944
-2.51876 0.442287
-2.51376 0.443642
-2.50875 0.44501
-2.50375 0.44639
-2.49875 0.447783
-2.49375 0.449188
-2.48874 0.450606
-2.48374 0.452036
-2.47874 0.453479
-2.47374 0.454934
-2.46873 0.456402
-2.46373 0.457883
-2.45873 0.459377
-2.45373 0.460883
-2.44872 0.462402
-2.44372 0.463934
-2.43872 0.465479
-2.43372 0.467036
-2.42871 0.468607
-2.42371 0.47019
-2.41871 0.471786
-2.41371 0.473396
-2.4087 0.475018
-2.4037 0.476654
-2.3987 0.478303
-2.3937 0.479964
-2.38869 0.48164
-2.38369 0.483328
-2.37869 0.48503
-2.37369 0.486745
-2.36868 0.488473
-2.36368 0.490215
-2.35868 0.491971
-2.35368 0.49374
-2.34867 0.495523
-2.34367 0.497319
-2.33867 0.499129
-2.33367 0.500953
-2.32866 0.502791
-2.32366 0.504642
-2.31866 0.506508
-2.31366 0.508387
-2.30865 0.510281
-2.30365 0.512189
-2.29865 0.51411
-2.29365 0.516047
-2.28864 0.517997
-2.28364 0.519962
-2.27864 0.521941
-2.27364 0.523935
-2.26863 0.525943
-2.26363 0.527966
-2.25863 0.530003
-2.25363 0.532056
-2.24862 0.534123
-2.24362 0.536205
-2.23862 0.538302
-2.23362 0.540414
-2.22861 0.542542
-2.22361 0.544684
-2.21861 0.546842
-2.21361 0.549015
-2.2086 0.551204
-2.2036 0.553408
-2.1986 0.555628
-2.1936 0.557864
-2.18859 0.560115
-2.18359 0.562382
-2.17859 0.564665
-2.17359 0.566964
-2.16858 0.569279
-2.16358 0.571611
-2.15858 0.573959
-2.15358 0.576323
-2.14857 0.578703
-2.14357 0.581101
-2.13857 0.583514
-2.13357 0.585945
-2.12856 0.588392
-2.12356 0.590857
-2.11856 0.593338
-2.11356 0.595837
-2.10855 0.598353
-2.10355 0.600886
-2.09855 0.603436
-2.09355 0.606004
-2.08854 0.60859
-2.08354 0.611194
-2.07854 0.613815
-2.07354 0.616454
-2.06853 0.619111
-2.06353 0.621787
-2.05853 0.62448
-2.05353 0.627192
-2.04852 0.629923
-2.04352 0.632672
-2.03852 0.63544
-2.03352 0.638226
-2.02851 0.641031
-2.02351 0.643856
-2.01851 0.646699
-2.01351 0.649562
-2.0085 0.652444
-2.0035 0.655345
-1.9985 0.658266
-1.9935 0.661207
-1.98849 0.664167
-1.98349 0.667147
-1.97849 0.670147
-1.97349 0.673168
-1.96848 0.676208
-1.96348 0.679269
-1.95848 0.68235
-1.95348 0.685452
-1.94847 0.688574
-1.94347 0.691718
-1.93847 0.694882
-1.93347 0.698067
-1.92846 0.701273
-1.92346 0.7045
-1.91846 0.707749
-1.91346 0.711019
-1.90845 0.714311
-1.90345 0.717624
-1.89845 0.720959
-1.89345 0.724316
-1.88844 0.727695
-1.88344 0.731096
-1.87844 0.734519
-1.87344 0.737965
-1.86843 0.741433
-1.86343 0.744923
-1.85843 0.748437
-1.85343 0.751973
-1.84842 0.755531
-1.84342 0.759113
-1.83842 0.762718
-1.83342 0.766346
-1.82841 0.769997
-1.82341 0.773672
-1.81841 0.77737
-1.81341 0.781092
-1.8084 0.784837
-1.8034 0.788607
-1.7984 0.7924
-1.7934 0.796217
-1.78839 0.800058
-1.78339 0.803923
-1.77839 0.807813
-1.77339 0.811727
-1.76838 0.815666
-1.76338 0.819629
-1.75838 0.823616
-1.75338 0.827629
-1.74837 0.831666
-1.74337 0.835728
-1.73837 0.839815
-1.73337 0.843928
-1.72836 0.848065
-1.72336 0.852228
-1.71836 0.856416
-1.71336 0.860629
-1.70835 0.864868
-1.70335 0.869132
-1.69835 0.873422
-1.69335 0.877738
-1.68834 0.88208
-1.68334 0.886447
-1.67834 0.89084
-1.67334 0.895259
-1.66833 0.899704
-1.66333 0.904176
-1.65833 0.908673
-1.65333 0.913197
-1.64832 0.917747
-1.64332 0.922323
-1.63832 0.926926
-1.63332 0.931555
-1.62831 0.93621
-1.62331 0.940892
-1.61831 0.9456
-1.61331 0.950335
-1.6083 0.955097
-1.6033 0.959885
-1.5983 0.9647
-1.5933 0.969542
-1.58829 0.97441
-1.58329 0.979306
-1.57829 0.984227
-1.57329 0.989176
-1.56828 0.994152
-1.56328 0.999154
-1.55828 1.00418
-1.55328 1.00924
-1.54827 1.01432
-1.54327 1.01943
-1.53827 1.02457
-1.53327 1.02973
-1.52826 1.03492
-1.52326 1.04014
-1.51826 1.04538
-1.51326 1.05066
-1.50825 1.05595
-1.50325 1.06128
-1.49825 1.06663
-1.49325 1.07201
-1.48824 1.07741
-1.48324 1.08284
-1.47824 1.0883
-1.47324 1.09379
-1.46823 1.0993
-1.46323 1.10483
-1.45823 1.1104
-1.45323 1.11599
-1.44822 1.12161
-1.44322 1.12725
-1.43822 1.13292
-1.43322 1.13861
-1.42821 1.14434
-1.42321 1.15008
-1.41821 1.15586
-1.41321 1.16166
-1.4082 1.16748
-1.4032 1.17333
-1.3982 1.17921
-1.3932 1.18511
-1.38819 1.19104
-1.38319 1.19699
-1.37819 1.20297
-1.37319 1.20897
-1.36818 1.215
-1.36318 1.22105
-1.35818 1.22713
-1.35318 1.23324
-1.34817 1.23936
-1.34317 1.24551
-1.33817 1.25169
-1.33317 1.25789
-1.32816 1.26411
-1.32316 1.27036
-1.31816 1.27663
-1.31316 1.28293
-1.30815 1.28925
-1.30315 1.29559
-1.29815 1.30195
-1.29315 1.30834
-1.28814 1.31475
-1.28314 1.32118
-1.27814 1.32764
-1.27314 1.33411
-1.26813 1.34061
-1.26313 1.34713
-1.25813 1.35368
-1.25313 1.36024
-1.24812 1.36683
-1.24312 1.37343
-1.23812 1.38006
-1.23312 1.38671
-1.22811 1.39338
-1.22311 1.40006
-1.21811 1.40677
-1.21311 1.4135
-1.2081 1.42025
-1.2031 1.42701
-1.1981 1.4338
-1.1931 1.4406
-1.18809 1.44743
-1.18309 1.45427
-1.17809 1.46113
-1.17309 1.468
-1.16808 1.4749
-1.16308 1.48181
-1.15808 1.48874
-1.15308 1.49568
-1.14807 1.50264
-1.14307 1.50962
-1.13807 1.51661
-1.13307 1.52362
-1.12806 1.53064
-1.12306 1.53768
-1.11806 1.54473
-1.11306 1.5518
-1.10805 1.55888
-1.10305 1.56598
-1.09805 1.57309
-1.09305 1.58021
-1.08804 1.58734
-1.08304 1.59449
-1.07804 1.60165
-1.07304 1.60882
-1.06803 1.616
-1.06303 1.62319
-1.05803 1.6304
-1.05303 1.63761
-1.04802 1.64483
-1.04302 1.65207
-1.03802 1.65931
-1.03302 1.66656
-1.02801 1.67382
-1.02301 1.68109
-1.01801 1.68837
-1.01301 1.69565
-1.008 1.70294
-1.003 1.71024
-0.997999 1.71754
-0.992996 1.72485
-0.987994 1.73217
-0.982991 1.73949
-0.977989 1.74682
-0.972986 1.75415
-0.967984 1.76148
-0.962981 1.76882
-0.957979 1.77616
-0.952976 1.7835
-0.947974 1.79085
-0.942971 1.79819
-0.937969 1.80554
-0.932966 1.81289
-0.927964 1.82024
-0.922961 1.82759
-0.917959 1.83494
-0.912956 1.84229
-0.907954 1.84964
-0.902951 1.85699
-0.897949 1.86433
-0.892946 1.87168
-0.887944 1.87902
-0.882941 1.88636
-0.877939 1.89369
-0.872936 1.90102
-0.867934 1.90834
-0.862931 1.91566
-0.857929 1.92298
-0.852926 1.93028
-0.847924 1.93759
-0.842921 1.94488
-0.837919 1.95217
-0.832916 1.95945
-0.827914 1.96672
-0.822911 1.97398
-0.817909 1.98123
-0.812906 1.98848
-0.807904 1.99571
-0.802901 2.00293
-0.797899 2.01014
-0.792896 2.01734
-0.787894 2.02453
-0.782891 2.03171
-0.777889 2.03887
-0.772886 2.04602
-0.767884 2.05315
-0.762881 2.06028
-0.757879 2.06738
-0.752876 2.07447
-0.747874 2.08155
-0.742871 2.0886
-0.737869 2.09564
-0.732866 2.10267
-0.727864 2.10967
-0.722861 2.11666
-0.717859 2.12363
-0.712856 2.13058
-0.707854 2.13751
-0.702851 2.14442
-0.697849 2.15131
-0.692846 2.15817
-0.687844 2.16502
-0.682841 2.17184
-0.677839 2.17864
-0.672836 2.18542
-0.667834 2.19217
-0.662831 2.1989
-0.657829 2.20561
-0.652826 2.21228
-0.647824 2.21894
-0.642821 2.22557
-0.637819 2.23217
-0.632816 2.23874
-0.627814 2.24529
-0.622811 2.2518
-0.617809 2.25829
-0.612806 2.26475
-0.607804 2.27118
-0.602801 2.27758
-0.597799 2.28395
-0.592796 2.29029
-0.587794 2.2966
-0.582791 2.30287
-0.577789 2.30912
-0.572786 2.31533
-0.567784 2.3215
-0.562781 2.32765
-0.557779 2.33375
-0.552776 2.33983
-0.547774 2.34587
-0.542771 2.35187
-0.537769 2.35783
-0.532766 2.36376
-0.527764 2.36966
-0.522761 2.37551
-0.517759 2.38133
-0.512756 2.38711
-0.507754 2.39284
-0.502751 2.39854
-0.497749 2.4042
-0.492746 2.40982
-0.487744 2.4154
-0.482741 2.42094
-0.477739 2.42644
-0.472736 2.43189
-0.467734 2.4373
-0.462731 2.44267
-0.457729 2.44799
-0.452726 2.45327
-0.447724 2.45851
-0.442721 2.4637
-0.437719 2.46885
-0.432716 2.47395
-0.427714 2.47901
-0.422711 2.48401
-0.417709 2.48898
-0.412706 2.49389
-0.407704 2.49876
-0.402701 2.50358
-0.397699 2.50835
-0.392696 2.51307
-0.387694 2.51775
-0.382691 2.52237
-0.377689 2.52694
-0.372686 2.53147
-0.367684 2.53594
-0.362681 2.54036
-0.357679 2.54473
-0.352676 2.54905
-0.347674 2.55332
-0.342671 2.55753
-0.337669 2.5617
-0.332666 2.5658
-0.327664 2.56986
-0.322661 2.57386
-0.317659 2.57781
-0.312656 2.5817
-0.307654 2.58554
-0.302651 2.58932
-0.297649 2.59305
-0.292646 2.59672
-0.287644 2.60033
-0.282641 2.60389
-0.277639 2.60739
-0.272636 2.61084
-0.267634 2.61423
-0.262631 2.61756
-0.257629 2.62083
-0.252626 2.62404
-0.247624 2.6272
-0.242621 2.6303
-0.237619 2.63334
-0.232616 2.63631
-0.227614 2.63923
-0.222611 2.64209
-0.217609 2.64489
-0.212606 2.64763
-0.207604 2.65031
-0.202601 2.65293
-0.197599 2.65549
-0.192596 2.65799
-0.187594 2.66042
-0.182591 2.6628
-0.177589 2.66511
-0.172586 2.66736
-0.167584 2.66955
-0.162581 2.67167
-0.157579 2.67374
-0.152576 2.67574
-0.147574 2.67768
-0.142571 2.67955
-0.137569 2.68136
-0.132566 2.68311
-0.127564 2.6848
-0.122561 2.68642
-0.117559 2.68797
-0.112556 2.68947
-0.107554 2.6909
-0.102551 2.69226
-0.0975488 2.69357
-0.0925463 2.6948
-0.0875438 2.69598
-0.0825413 2.69708
-0.0775388 2.69813
-0.0725363 2.6991
-0.0675338 2.70002
-0.0625313 2.70087
-0.0575288 2.70165
-0.0525263 2.70237
-0.0475238 2.70302
-0.0425213 2.70361
-0.0375188 2.70413
-0.0325163 2.70459
-0.0275138 2.70498
-0.0225113 2.70531
-0.0175088 2.70557
-0.0125063 2.70577
-0.00750375 2.7059
-0.00250125 2.70597
0.00250125 2.70597
0.00750375 2.7059
0.0125063 2.70577
0.0175088 2.70557
0.0225113 2.70531
0.0275138 2.70498
0.0325163 2.70459
0.0375188 2.70413
0.0425213 2.70361
0.0475238 2.70302
0.0525263 2.70237
0.0575288 2.70165
0.0625313 2.70087
0.0675338 2.70002
0.0725363 2.6991
0.0775388 2.69813
0.0825413 2.69708
0.0875438 2.69598
0.0925463 2.6948
0.0975488 2.69357
0.102551 2.69226
0.107554 2.6909
0.112556 2.68947
0.117559 2.68797
0.122561 2.68642
0.127564 2.6848
0.132566 2.68311
0.137569 2.68136
0.142571 2.67955
0.147574 2.67768
0.152576 2.67574
0.157579 2.67374
0.162581 2.67167
0.167584 2.66955
0.172586 2.66736
0.177589 2.66511
0.182591 2.6628
0.187594 2.66042
0.192596 2.65799
0.197599 2.65549
0.202601 2.65293
0.207604 2.65031
0.212606 2.64763
0.217609 2.64489
0.222611 2.64209
0.227614 2.63923
0.232616 2.63631
0.237619 2.63334
0.242621 2.6303
0.247624 2.6272
0.252626 2.62404
0.257629 2.62083
0.262631 2.61756
0.267634 2.61423
0.272636 2.61084
0.277639 2.60739
0.282641 2.60389
0.287644 2.60033
0.292646 2.59672
0.297649 2.59305
0.302651 2.58932
0.307654 2.58554
0.312656 2.5817
0.317659 2.57781
0.322661 2.57386
0.327664 2.56986
0.332666 2.5658
0.337669 2.5617
0.342671 2.55753
0.347674 2.55332
0.352676 2.54905
0.357679 2.54473
0.362681 2.54036
0.367684 2.53594
0.372686 2.53147
0.377689 2.52694
0.382691 2.52237
0.387694 2.51775
0.392696 2.51307
0.397699 2.50835
0.402701 2.50358
0.407704 2.49876
0.412706 2.49389
0.417709 2.48898
0.422711 2.48401
0.427714 2.47901
0.432716 2.47395
0.437719 2.46885
0.442721 2.4637
0.447724 2.45851
0.452726 2.45327
0.457729 2.44799
0.462731 2.44267
0.467734 2.4373
0.472736 2.43189
0.477739 2.42644
0.482741 2.42094
0.487744 2.4154
0.492746 2.40982
0.497749 2.4042
0.502751 2.39854
0.507754 2.39284
0.512756 2.38711
0.517759 2.38133
0.522761 2.37551
0.527764 2.36966
0.532766 2.36376
0.537769 2.35783
0.542771 2.35187
0.547774 2.34587
0.552776 2.33983
0.557779 2.33375
0.562781 2.32765
0.567784 2.3215
0.572786 2.31533
0.577789 2.30912
0.582791 2.30287
0.587794 2.2966
0.592796 2.29029
0.597799 2.28395
0.602801 2.27758
0.607804 2.27118
0.612806 2.26475
0.617809 2.25829
0.622811 2.2518
0.627814 2.24529
0.632816 2.23874
0.637819 2.23217
0.642821 2.22557
0.647824 2.21894
0.652826 2.21228
0.657829 2.20561
0.662831 2.1989
0.667834 2.19217
0.672836 2.18542
0.677839 2.17864
0.682841 2.17184
0.687844 2.16502
0.692846 2.15817
0.697849 2.15131
0.702851 2.14442
0.707854 2.13751
0.712856 2.13058
0.717859 2.12363
0.722861 2.11666
0.727864 2.10967
0.732866 2.10267
0.737869 2.09564
0.742871 2.0886
0.747874 2.08155
0.752876 2.07447
0.757879 2.06738
0.762881 2.06028
0.767884 2.05315
0.772886 2.04602
0.777889 2.03887
0.782891 2.03171
0.787894 2.02453
0.792896 2.01734
0.797899 2.01014
0.802901 2.00293
0.807904 1.99571
0.812906 1.98848
0.817909 1.98123
0.822911 1.97398
0.827914 1.96672
0.832916 1.95945
0.837919 1.95217
0.842921 1.94488
0.847924 1.93759
0.852926 1.93028
0.857929 1.92298
0.862931 1.91566
0.867934 1.90834
0.872936 1.90102
0.877939 1.89369
0.882941 1.88636
0.887944 1.87902
0.892946 1.87168
0.897949 1.86433
0.902951 1.85699
0.907954 1.84964
0.912956 1.84229
0.917959 1.83494
0.922961 1.82759
0.927964 1.82024
0.932966 1.81289
0.937969 1.80554
0.942971 1.79819
0.947974 1.79085
0.952976 1.7835
0.957979 1.77616
0.962981 1.76882
0.967984 1.76148
0.972986 1.75415
0.977989 1.74682
0.982991 1.73949
0.987994 1.73217
0.992996 1.72485
0.997999 1.71754
1.003 1.71024
1.008 1.70294
1.01301 1.69565
1.01801 1.68837
1.02301 1.68109
1.02801 1.67382
1.03302 1.66656
1.03802 1.65931
1.04302 1.65207
1.04802 1.64483
1.05303 1.63761
1.05803 1.6304
1.06303 1.62319
1.06803 1.616
1.07304 1.60882
1.07804 1.60165
1.08304 1.59449
1.08804 1.58734
1.09305 1.58021
1.09805 1.57309
1.10305 1.56598
1.10805 1.55888
1.11306 1.5518
1.11806 1.54473
1.12306 1.53768
1.12806 1.53064
1.13307 1.52362
1.13807 1.51661
1.14307 1.50962
1.14807 1.50264
1.15308 1.49568
1.15808 1.48874
1.16308 1.48181
1.16808 1.4749
1.17309 1.468
1.17809 1.46113
1.18309 1.45427
1.18809 1.44743
1.1931 1.4406
1.1981 1.4338
1.2031 1.42701
1.2081 1.42025
1.21311 1.4135
1.21811 1.40677
1.22311 1.40006
1.22811 1.39338
1.23312 1.38671
1.23812 1.38006
1.24312 1.37343
1.24812 1.36683
1.25313 1.36024
1.25813 1.35368
1.26313 1.34713
1.26813 1.34061
1.27314 1.33411
1.27814 1.32764
1.28314 1.32118
1.28814 1.31475
1.29315 1.30834
1.29815 1.30195
1.30315 1.29559
1.30815 1.28925
1.31316 1.28293
1.31816 1.27663
1.32316 1.27036
1.32816 1.26411
1.33317 1.25789
1.33817 1.25169
1.34317 1.24551
1.34817 1.23936
1.35318 1.23324
1.35818 1.22713
1.36318 1.22105
1.36818 1.215
1.37319 1.20897
1.37819 1.20297
1.38319 1.19699
1.38819 1.19104
1.3932 1.18511
1.3982 1.17921
1.4032 1.17333
1.4082 1.16748
1.41321 1.16166
1.41821 1.15586
1.42321 1.15008
1.42821 1.14434
1.43322 1.13861
1.43822 1.13292
1.44322 1.12725
1.44822 1.12161
1.45323 1.11599
1.45823 1.1104
1.46323 1.10483
1.46823 1.0993
1.47324 1.09379
1.47824 1.0883
1.48324 1.08284
1.48824 1.07741
1.49325 1.07201
1.49825 1.06663
1.50325 1.06128
1.50825 1.05595
1.51326 1.05066
1.51826 1.04538
1.52326 1.04014
1.52826 1.03492
1.53327 1.02973
1.53827 1.02457
1.54327 1.01943
1.54827 1.01432
1.55328 1.00924
1.55828 1.00418
1.56328 0.999154
1.56828 0.994152
1.57329 0.989176
1.57829 0.984227
1.58329 0.979306
1.58829 0.97441
1.5933 0.969542
1.5983 0.9647
1.6033 0.959885
1.6083 0.955097
1.61331 0.950335
1.61831 0.9456
1.62331 0.940892
1.62831 0.93621
1.63332 0.931555
1.63832 0.926926
1.64332 0.922323
1.64832 0.917747
1.65333 0.913197
1.65833 0.908673
1.66333 0.904176
1.66833 0.899704
1.67334 0.895259
1.67834 0.89084
1.68334 0.886447
1.68834 0.88208
1.69335 0.877738
1.69835 0.873422
1.70335 0.869132
1.70835 0.864868
1.71336 0.860629
1.71836 0.856416
1.72336 0.852228
1.72836 0.848065
1.73337 0.843928
1.73837 0.839815
1.74337 0.835728
1.74837 0.831666
1.75338 0.827629
1.75838 0.823616
1.76338 0.819629
1.76838 0.815666
1.77339 0.811727
1.77839 0.807813
1.78339 0.803923
1.78839 0.800058
1.7934 0.796217
1.7984 0.7924
1.8034 0.788607
1.8084 0.784837
1.81341 0.781092
1.81841 0.77737
1.82341 0.773672
1.82841 0.769997
1.83342 0.766346
1.83842 0.762718
1.84342 0.759113
1.84842 0.755531
1.85343 0.751973
1.85843 0.748437
1.86343 0.744923
1.86843 0.741433
1.87344 0.737965
1.87844 0.734519
1.88344 0.731096
1.88844 0.727695
1.89345 0.724316
1.89845 0.720959
1.90345 0.717624
1.90845 0.714311
1.91346 0.711019
1.91846 0.707749
1.92346 0.7045
1.92846 0.701273
1.93347 0.698067
1.93847 0.694882
1.94347 0.691718
1.94847 0.688574
1.95348 0.685452
1.95848 0.68235
1.96348 0.679269
1.96848 0.676208
1.97349 0.673168
1.97849 0.670147
1.98349 0.667147
1.98849 0.664167
1.9935 0.661207
1.9985 0.658266
2.0035 0.655345
2.0085 0.652444
2.01351 0.649562
2.01851 0.646699
2.02351 0.643856
2.02851 0.641031
2.03352 0.638226
2.03852 0.63544
2.04352 0.632672
2.04852 0.629923
2.05353 0.627192
2.05853 0.62448
2.06353 0.621787
2.06853 0.619111
2.07354 0.616454
2.07854 0.613815
2.08354 0.611194
2.08854 0.60859
2.09355 0.606004
2.09855 0.603436
2.10355 0.600886
2.10855 0.598353
2.11356 0.595837
2.11856 0.593338
2.12356 0.590857
2.12856 0.588392
2.13357 0.585945
2.13857 0.583514
2.14357 0.581101
2.14857 0.578703
2.15358 0.576323
2.15858 0.573959
2.16358 0.571611
2.16858 0.569279
2.17359 0.566964
2.17859 0.564665
2.18359 0.562382
2.18859 0.560115
2.1936 0.557864
2.1986 0.555628
2.2036 0.553408
2.2086 0.551204
2.21361 0.549015
2.21861 0.546842
2.22361 0.544684
2.22861 0.542542
2.23362 0.540414
2.23862 0.538302
2.24362 0.536205
2.24862 0.534123
2.25363 0.532056
2.25863 0.530003
2.26363 0.527966
2.26863 0.525943
2.27364 0.523935
2.27864 0.521941
2.28364 0.519962
2.28864 0.517997
2.29365 0.516047
2.29865 0.51411
2.30365 0.512189
2.30865 0.510281
2.31366 0.508387
2.31866 0.506508
2.32366 0.504642
2.32866 0.502791
2.33367 0.500953
2.33867 0.499129
2.34367 0.497319
2.34867 0.495523
2.35368 0.49374
2.35868 0.491971
2.36368 0.490215
2.36868 0.488473
2.37369 0.486745
2.37869 0.48503
2.38369 0.483328
2.38869 0.48164
2.3937 0.479964
2.3987 0.478303
2.4037 0.476654
2.4087 0.475018
2.41371 0.473396
2.41871 0.471786
2.42371 0.47019
2.42871 0.468607
2.43372 0.467036
2.43872 0.465479
2.44372 0.463934
2.44872 0.462402
2.45373 0.460883
2.45873 0.459377
2.46373 0.457883
2.46873 0.456402
2.47374 0.454934
2.47874 0.453479
2.48374 0.452036
2.48874 0.450606
2.49375 0.449188
2.49875 0.447783
2.50375 0.44639
2.50875 0.44501
2.51376 0.443642
2.51876 0.442287
2.52376 0.440944
2.52876 0.439613
2.53377 0.438295
2.53877 0.436989
2.54377 0.435695
2.54877 0.434414
2.55378 0.433145
2.55878 0.431888
2.56378 0.430643
2.56878 0.429411
2.57379 0.42819
2.57879 0.426982
2.58379 0.425786
2.58879 0.424602
2.5938 0.423431
2.5988 0.422271
2.6038 0.421123
2.6088 0.419988
2.61381 0.418864
2.61881 0.417753
2.62381 0.416653
2.62881 0.415566
2.63382 0.41449
2.63882 0.413427
2.64382 0.412375
2.64882 0.411335
2.65383 0.410307
2.65883 0.409291
2.66383 0.408287
2.66883 0.407295
2.67384 0.406315
2.67884 0.405346
2.68384 0.40439
2.68884 0.403445
2.69385 0.402512
2.69885 0.401591
2.70385 0.400681
2.70885 0.399784
2.71386 0.398898
2.71886 0.398023
2.72386 0.397161
2.72886 0.39631
2.73387 0.395471
2.73887 0.394644
2.74387 0.393828
2.74887 0.393024
2.75388 0.392231
2.75888 0.391451
2.76388 0.390681
2.76888 0.389924
2.77389 0.389178
2.77889 0.388443
2.78389 0.38772
2.78889 0.387009
2.7939 0.386309
2.7989 0.385621
2.8039 0.384944
2.8089 0.384279
2.81391 0.383625
2.81891 0.382982
2.82391 0.382351
2.82891 0.381731
2.83392 0.381123
2.83892 0.380526
2.84392 0.379941
2.84892 0.379367
2.85393 0.378804
2.85893 0.378252
2.86393 0.377712
2.86893 0.377183
2.87394 0.376666
2.87894 0.376159
2.88394 0.375664
2.88894 0.37518
2.89395 0.374707
2.89895 0.374245
2.90395 0.373794
2.90895 0.373355
2.91396 0.372927
2.91896 0.372509
2.92396 0.372103
2.92896 0.371707
2.93397 0.371323
2.93897 0.37095
2.94397 0.370587
2.94897 0.370236
2.95398 0.369895
2.95898 0.369566
2.96398 0.369247
2.96898 0.368939
2.97399 0.368641
2.97899 0.368355
2.98399 0.368079
2.98899 0.367814
2.994 0.36756
2.999 0.367316
3.004 0.367083
3.009 0.36686
3.01401 0.366648
3.01901 0.366447
3.02401 0.366256
3.02901 0.366076
3.03402 0.365906
3.03902 0.365747
3.04402 0.365597
3.04902 0.365459
3.05403 0.36533
3.05903 0.365212
3.06403 0.365105
3.06903 0.365007
3.07404 0.36492
3.07904 0.364843
3.08404 0.364776
3.08904 0.364719
3.09405 0.364672
3.09905 0.364635
3.10405 0.364608
3.10905 0.364592
3.11406 0.364585
3.11906 0.364588
3.12406 0.364601
3.12906 0.364624
3.13407 0.364657
3.13907 0.364699
3.14407 0.364752
3.14907 0.364814
3.15408 0.364886
3.15908 0.364967
3.16408 0.365058
3.16908 0.365159
3.17409 0.365269
3.17909 0.365389
3.18409 0.365518
3.18909 0.365657
3.1941 0.365805
3.1991 0.365963
3.2041 0.36613
3.2091 0.366307
3.21411 0.366492
3.21911 0.366687
3.22411 0.366892
3.22911 0.367105
3.23412 0.367328
3.23912 0.36756
3.24412 0.367802
3.24912 0.368052
3.25413 0.368312
3.25913 0.36858
3.26413 0.368858
3.26913 0.369145
3.27414 0.36944
3.27914 0.369745
3.28414 0.370059
3.28914 0.370382
3.29415 0.370713
3.29915 0.371054
3.30415 0.371403
3.30915 0.371762
3.31416 0.372129
3.31916 0.372505
3.32416 0.37289
3.32916 0.373283
3.33417 0.373686
3.33917 0.374097
3.34417 0.374517
3.34917 0.374946
3.35418 0.375384
3.35918 0.37583
3.36418 0.376285
3.36918 0.376749
3.37419 0.377221
3.37919 0.377702
3.38419 0.378192
3.38919 0.378691
3.3942 0.379198
3.3992 0.379714
3.4042 0.380239
3.4092 0.380773
3.41421 0.381315
3.41921 0.381866
3.42421 0.382425
3.42921 0.382994
3.43422 0.383571
3.43922 0.384157
3.44422 0.384751
3.44922 0.385355
3.45423 0.385967
3.45923 0.386588
3.46423 0.387218
3.46923 0.387856
3.47424 0.388504
3.47924 0.38916
3.48424 0.389825
3.48924 0.390499
3.49425 0.391182
3.49925 0.391874
3.50425 0.392575
3.50925 0.393285
3.51426 0.394005
3.51926 0.394733
3.52426 0.39547
3.52926 0.396217
3.53427 0.396972
3.53927 0.397737
3.54427 0.398511
3.54927 0.399295
3.55428 0.400088
3.55928 0.40089
3.56428 0.401701
3.56928 0.402523
3.57429 0.403353
3.57929 0.404194
3.58429 0.405043
3.58929 0.405903
3.5943 0.406772
3.5993 0.407652
3.6043 0.408541
3.6093 0.40944
3.61431 0.410349
3.61931 0.411268
3.62431 0.412197
3.62931 0.413136
3.63432 0.414086
3.63932 0.415046
3.64432 0.416016
3.64932 0.416997
3.65433 0.417988
3.65933 0.41899
3.66433 0.420003
3.66933 0.421026
3.67434 0.42206
3.67934 0.423105
3.68434 0.424161
3.68934 0.425228
3.69435 0.426307
3.69935 0.427396
3.70435 0.428497
3.70935 0.42961
3.71436 0.430734
3.71936 0.431869
3.72436 0.433016
3.72936 0.434175
3.73437 0.435346
3.73937 0.436529
3.74437 0.437724
3.74937 0.438931
3.75438 0.440151
3.75938 0.441382
3.76438 0.442627
3.76938 0.443884
3.77439 0.445153
3.77939 0.446435
3.78439 0.44773
3.78939 0.449038
3.7944 0.45036
3.7994 0.451694
3.8044 0.453042
3.8094 0.454403
3.81441 0.455777
3.81941 0.457165
3.82441 0.458567
3.82941 0.459983
3.83442 0.461413
3.83942 0.462856
3.84442 0.464314
3.84942 0.465786
3.85443 0.467273
3.85943 0.468774
3.86443 0.470289
3.86943 0.471819
3.87444 0.473364
3.87944 0.474924
3.88444 0.476499
3.88944 0.47809
3.89445 0.479695
3.89945 0.481316
3.90445 0.482952
3.90945 0.484604
3.91446 0.486271
3.91946 0.487954
3.92446 0.489653
3.92946 0.491368
3.93447 0.4931
3.93947 0.494847
3.94447 0.496611
3.94947 0.498391
3.95448 0.500188
3.95948 0.502001
3.96448 0.503831
3.96948 0.505678
3.97449 0.507541
3.97949 0.509422
3.98449 0.51132
3.98949 0.513235
3.9945 0.515168
3.9995 0.517118
4.0045 0.519085
4.0095 0.52107
4.01451 0.523073
4.01951 0.525093
4.02451 0.527131
4.02951 0.529188
4.03452 0.531262
4.03952 0.533354
4.04452 0.535465
4.04952 0.537594
4.05453 0.539741
4.05953 0.541907
4.06453 0.544091
4.06953 0.546294
4.07454 0.548515
4.07954 0.550755
4.08454 0.553014
4.08954 0.555292
4.09455 0.557589
4.09955 0.559905
4.10455 0.56224
4.10955 0.564594
4.11456 0.566967
4.11956 0.569359
4.12456 0.571771
4.12956 0.574202
4.13457 0.576653
4.13957 0.579123
4.14457 0.581612
4.14957 0.584121
4.15458 0.58665
4.15958 0.589198
4.16458 0.591766
4.16958 0.594353
4.17459 0.596961
4.17959 0.599588
4.18459 0.602235
4.18959 0.604901
4.1946 0.607588
4.1996 0.610295
4.2046 0.613021
4.2096 0.615768
4.21461 0.618534
4.21961 0.621321
4.22461 0.624127
4.22961 0.626954
4.23462 0.6298
4.23962 0.632667
4.24462 0.635554
4.24962 0.638461
4.25463 0.641388
4.25963 0.644335
4.26463 0.647302
4.26963 0.65029
4.27464 0.653297
4.27964 0.656325
4.28464 0.659373
4.28964 0.662441
4.29465 0.66553
4.29965 0.668638
4.30465 0.671767
4.30965 0.674916
4.31466 0.678085
4.31966 0.681274
4.32466 0.684484
4.32966 0.687714
4.33467 0.690964
4.33967 0.694234
4.34467 0.697524
4.34967 0.700835
4.35468 0.704166
4.35968 0.707517
4.36468 0.710889
4.36968 0.714281
4.37469 0.717693
4.37969 0.721125
4.38469 0.724577
4.38969 0.72805
4.3947 0.731544
4.3997 0.735057
4.4047 0.738591
4.4097 0.742146
4.41471 0.74572
4.41971 0.749315
4.42471 0.752931
4.42971 0.756567
4.43472 0.760224
4.43972 0.763901
4.44472 0.767599
4.44972 0.771317
4.45473 0.775056
4.45973 0.778816
4.46473 0.782596
4.46973 0.786397
4.47474 0.79022
4.47974 0.794063
4.48474 0.797927
4.48974 0.801812
4.49475 0.805718
4.49975 0.809646
4.50475 0.813595
4.50975 0.817565
4.51476 0.821557
4.51976 0.82557
4.52476 0.829605
4.52976 0.833661
4.53477 0.83774
4.53977 0.84184
4.54477 0.845963
4.54977 0.850108
4.55478 0.854275
4.55978 0.858464
4.56478 0.862676
4.56978 0.866911
4.57479 0.871169
4.57979 0.87545
4.58479 0.879754
4.58979 0.884082
4.5948 0.888432
4.5998 0.892807
4.6048 0.897205
4.6098 0.901628
4.61481 0.906075
4.61981 0.910546
4.62481 0.915041
4.62981 0.919562
4.63482 0.924107
4.63982 0.928678
4.64482 0.933273
4.64982 0.937895
4.65483 0.942542
4.65983 0.947215
4.66483 0.951915
4.66983 0.95664
4.67484 0.961393
4.67984 0.966172
4.68484 0.970978
4.68984 0.975811
4.69485 0.980672
4.69985 0.98556
4.70485 0.990476
4.70985 0.99542
4.71486 1.00039
4.71986 1.00539
4.72486 1.01042
4.72986 1.01548
4.73487 1.02057
4.73987 1.02568
4.74487 1.03083
4.74987 1.036
4.75488 1.04121
4.75988 1.04644
4.76488 1.0517
4.76988 1.05699
4.77489 1.06232
4.77989 1.06767
4.78489 1.07305
4.78989 1.07846
4.7949 1.0839
4.7999 1.08937
4.8049 1.09487
4.8099 1.1004
4.81491 1.10596
4.81991 1.11155
4.82491 1.11717
4.82991 1.12281
4.83492 1.12849
4.83992 1.13419
4.84492 1.13992
4.84992 1.14568
4.85493 1.15146
4.85993 1.15727
4.86493 1.16311
4.86993 1.16897
4.87494 1.17486
4.87994 1.18076
4.88494 1.1867
4.88994 1.19265
4.89495 1.19862
4.89995 1.20461
4.90495 1.21063
4.90995 1.21665
4.91496 1.2227
4.91996 1.22876
4.92496 1.23483
4.92996 1.24091
4.93497 1.247
4.93997 1.2531
4.94497 1.2592
4.94997 1.26531
4.95498 1.27142
4.95998 1.27753
4.96498 1.28363
4.96998 1.28972
4.97499 1.29581
4.97999 1.30188
4.98499 1.30794
4.98999 1.31398
4.995 1.31999
5 1.32598
