-3 0.371579
-2.99399 0.378662
-2.98799 0.385348
-2.98198 0.391651
-2.97598 0.397587
-2.96997 0.403169
-2.96396 0.408413
-2.95796 0.41333
-2.95195 0.417934
-2.94595 0.422239
-2.93994 0.426256
-2.93393 0.429998
-2.92793 0.433476
-2.92192 0.436703
-2.91592 0.439688
-2.90991 0.442444
-2.9039 0.44498
-2.8979 0.447307
-2.89189 0.449434
-2.88589 0.451372
-2.87988 0.453129
-2.87387 0.454716
-2.86787 0.45614
-2.86186 0.45741
-2.85586 0.458534
-2.84985 0.459521
-2.84384 0.460379
-2.83784 0.461114
-2.83183 0.461734
-2.82583 0.462247
-2.81982 0.462659
-2.81381 0.462976
-2.80781 0.463206
-2.8018 0.463355
-2.7958 0.463427
-2.78979 0.46343
-2.78378 0.463369
-2.77778 0.463249
-2.77177 0.463076
-2.76577 0.462854
-2.75976 0.462588
-2.75375 0.462284
-2.74775 0.461945
-2.74174 0.461576
-2.73574 0.461181
-2.72973 0.460765
-2.72372 0.46033
-2.71772 0.459882
-2.71171 0.459423
-2.70571 0.458956
-2.6997 0.458486
-2.69369 0.458015
-2.68769 0.457547
-2.68168 0.457083
-2.67568 0.456628
-2.66967 0.456183
-2.66366 0.455752
-2.65766 0.455336
-2.65165 0.454939
-2.64565 0.454561
-2.63964 0.454206
-2.63363 0.453875
-2.62763 0.453571
-2.62162 0.453294
-2.61562 0.453047
-2.60961 0.452832
-2.6036 0.452649
-2.5976 0.452501
-2.59159 0.452388
-2.58559 0.452312
-2.57958 0.452275
-2.57357 0.452277
-2.56757 0.452319
-2.56156 0.452403
-2.55556 0.452528
-2.54955 0.452697
-2.54354 0.45291
-2.53754 0.453168
-2.53153 0.453471
-2.52553 0.45382
-2.51952 0.454215
-2.51351 0.454657
-2.50751 0.455147
-2.5015 0.455685
-2.4955 0.45627
-2.48949 0.456905
-2.48348 0.457588
-2.47748 0.45832
-2.47147 0.459102
-2.46547 0.459932
-2.45946 0.460813
-2.45345 0.461742
-2.44745 0.462722
-2.44144 0.463751
-2.43544 0.464829
-2.42943 0.465957
-2.42342 0.467135
-2.41742 0.468362
-2.41141 0.469638
-2.40541 0.470963
-2.3994 0.472337
-2.39339 0.473759
-2.38739 0.47523
-2.38138 0.47675
-2.37538 0.478317
-2.36937 0.479932
-2.36336 0.481594
-2.35736 0.483304
-2.35135 0.48506
-2.34535 0.486863
-2.33934 0.488712
-2.33333 0.490606
-2.32733 0.492546
-2.32132 0.494532
-2.31532 0.496561
-2.30931 0.498635
-2.3033 0.500753
-2.2973 0.502915
-2.29129 0.505119
-2.28529 0.507366
-2.27928 0.509656
-2.27327 0.511987
-2.26727 0.51436
-2.26126 0.516774
-2.25526 0.519229
-2.24925 0.521723
-2.24324 0.524258
-2.23724 0.526832
-2.23123 0.529445
-2.22523 0.532096
-2.21922 0.534786
-2.21321 0.537513
-2.20721 0.540278
-2.2012 0.543079
-2.1952 0.545917
-2.18919 0.548792
-2.18318 0.551702
-2.17718 0.554647
-2.17117 0.557628
-2.16517 0.560643
-2.15916 0.563693
-2.15315 0.566776
-2.14715 0.569893
-2.14114 0.573044
-2.13514 0.576227
-2.12913 0.579443
-2.12312 0.582691
-2.11712 0.585971
-2.11111 0.589282
-2.10511 0.592625
-2.0991 0.595999
-2.09309 0.599404
-2.08709 0.60284
-2.08108 0.606306
-2.07508 0.609801
-2.06907 0.613327
-2.06306 0.616882
-2.05706 0.620466
-2.05105 0.624079
-2.04505 0.627722
-2.03904 0.631393
-2.03303 0.635092
-2.02703 0.63882
-2.02102 0.642576
-2.01502 0.64636
-2.00901 0.650172
-2.003 0.654011
-1.997 0.657878
-1.99099 0.661773
-1.98498 0.665695
-1.97898 0.669644
-1.97297 0.67362
-1.96697 0.677623
-1.96096 0.681654
-1.95495 0.685711
-1.94895 0.689795
-1.94294 0.693905
-1.93694 0.698043
-1.93093 0.702207
-1.92492 0.706398
-1.91892 0.710615
-1.91291 0.71486
-1.90691 0.71913
-1.9009 0.723428
-1.89489 0.727752
-1.88889 0.732103
-1.88288 0.73648
-1.87688 0.740885
-1.87087 0.745316
-1.86486 0.749773
-1.85886 0.754258
-1.85285 0.75877
-1.84685 0.763309
-1.84084 0.767874
-1.83483 0.772467
-1.82883 0.777087
-1.82282 0.781735
-1.81682 0.78641
-1.81081 0.791112
-1.8048 0.795843
-1.7988 0.8006
-1.79279 0.805386
-1.78679 0.8102
-1.78078 0.815042
-1.77477 0.819912
-1.76877 0.82481
-1.76276 0.829737
-1.75676 0.834693
-1.75075 0.839677
-1.74474 0.844691
-1.73874 0.849733
-1.73273 0.854804
-1.72673 0.859905
-1.72072 0.865036
-1.71471 0.870196
-1.70871 0.875386
-1.7027 0.880606
-1.6967 0.885856
-1.69069 0.891136
-1.68468 0.896447
-1.67868 0.901789
-1.67267 0.907161
-1.66667 0.912564
-1.66066 0.917999
-1.65465 0.923464
-1.64865 0.928962
-1.64264 0.93449
-1.63664 0.940051
-1.63063 0.945643
-1.62462 0.951267
-1.61862 0.956924
-1.61261 0.962613
-1.60661 0.968334
-1.6006 0.974089
-1.59459 0.979876
-1.58859 0.985696
-1.58258 0.991549
-1.57658 0.997435
-1.57057 1.00335
-1.56456 1.00931
-1.55856 1.01529
-1.55255 1.02131
-1.54655 1.02737
-1.54054 1.03346
-1.53453 1.03958
-1.52853 1.04574
-1.52252 1.05193
-1.51652 1.05815
-1.51051 1.06441
-1.5045 1.07071
-1.4985 1.07704
-1.49249 1.0834
-1.48649 1.0898
-1.48048 1.09623
-1.47447 1.1027
-1.46847 1.1092
-1.46246 1.11574
-1.45646 1.12231
-1.45045 1.12892
-1.44444 1.13557
-1.43844 1.14225
-1.43243 1.14896
-1.42643 1.15571
-1.42042 1.16249
-1.41441 1.16931
-1.40841 1.17616
-1.4024 1.18305
-1.3964 1.18998
-1.39039 1.19694
-1.38438 1.20393
-1.37838 1.21096
-1.37237 1.21803
-1.36637 1.22512
-1.36036 1.23226
-1.35435 1.23942
-1.34835 1.24663
-1.34234 1.25386
-1.33634 1.26113
-1.33033 1.26844
-1.32432 1.27578
-1.31832 1.28315
-1.31231 1.29056
-1.30631 1.298
-1.3003 1.30547
-1.29429 1.31298
-1.28829 1.32052
-1.28228 1.32809
-1.27628 1.33569
-1.27027 1.34333
-1.26426 1.351
-1.25826 1.3587
-1.25225 1.36643
-1.24625 1.3742
-1.24024 1.38199
-1.23423 1.38982
-1.22823 1.39768
-1.22222 1.40556
-1.21622 1.41348
-1.21021 1.42143
-1.2042 1.4294
-1.1982 1.4374
-1.19219 1.44544
-1.18619 1.4535
-1.18018 1.46159
-1.17417 1.4697
-1.16817 1.47785
-1.16216 1.48602
-1.15616 1.49422
-1.15015 1.50244
-1.14414 1.51069
-1.13814 1.51896
-1.13213 1.52726
-1.12613 1.53558
-1.12012 1.54392
-1.11411 1.55229
-1.10811 1.56068
-1.1021 1.5691
-1.0961 1.57753
-1.09009 1.58599
-1.08408 1.59447
-1.07808 1.60296
-1.07207 1.61148
-1.06607 1.62002
-1.06006 1.62857
-1.05405 1.63714
-1.04805 1.64573
-1.04204 1.65434
-1.03604 1.66296
-1.03003 1.6716
-1.02402 1.68025
-1.01802 1.68892
-1.01201 1.6976
-1.00601 1.7063
-1 1.715
-0.993994 1.72372
-0.987988 1.73245
-0.981982 1.74119
-0.975976 1.74994
-0.96997 1.7587
-0.963964 1.76747
-0.957958 1.77625
-0.951952 1.78503
-0.945946 1.79382
-0.93994 1.80261
-0.933934 1.81141
-0.927928 1.82022
-0.921922 1.82902
-0.915916 1.83783
-0.90991 1.84664
-0.903904 1.85546
-0.897898 1.86427
-0.891892 1.87308
-0.885886 1.88189
-0.87988 1.8907
-0.873874 1.89951
-0.867868 1.90831
-0.861862 1.91711
-0.855856 1.92591
-0.84985 1.93469
-0.843844 1.94347
-0.837838 1.95225
-0.831832 1.96101
-0.825826 1.96977
-0.81982 1.97851
-0.813814 1.98725
-0.807808 1.99597
-0.801802 2.00468
-0.795796 2.01338
-0.78979 2.02206
-0.783784 2.03073
-0.777778 2.03938
-0.771772 2.04801
-0.765766 2.05663
-0.75976 2.06522
-0.753754 2.0738
-0.747748 2.08236
-0.741742 2.09089
-0.735736 2.09941
-0.72973 2.1079
-0.723724 2.11636
-0.717718 2.12481
-0.711712 2.13322
-0.705706 2.14161
-0.6997 2.14997
-0.693694 2.15831
-0.687688 2.16661
-0.681682 2.17488
-0.675676 2.18313
-0.66967 2.19134
-0.663664 2.19951
-0.657658 2.20766
-0.651652 2.21577
-0.645646 2.22384
-0.63964 2.23188
-0.633634 2.23988
-0.627628 2.24784
-0.621622 2.25576
-0.615616 2.26364
-0.60961 2.27148
-0.603604 2.27928
-0.597598 2.28704
-0.591592 2.29475
-0.585586 2.30242
-0.57958 2.31004
-0.573574 2.31762
-0.567568 2.32515
-0.561562 2.33263
-0.555556 2.34006
-0.54955 2.34744
-0.543544 2.35477
-0.537538 2.36205
-0.531532 2.36928
-0.525526 2.37646
-0.51952 2.38358
-0.513514 2.39064
-0.507508 2.39765
-0.501502 2.40461
-0.495495 2.4115
-0.489489 2.41834
-0.483483 2.42512
-0.477477 2.43184
-0.471471 2.4385
-0.465465 2.4451
-0.459459 2.45163
-0.453453 2.4581
-0.447447 2.46451
-0.441441 2.47085
-0.435435 2.47713
-0.429429 2.48334
-0.423423 2.48949
-0.417417 2.49556
-0.411411 2.50157
-0.405405 2.50751
-0.399399 2.51338
-0.393393 2.51918
-0.387387 2.52491
-0.381381 2.53056
-0.375375 2.53614
-0.369369 2.54165
-0.363363 2.54709
-0.357357 2.55245
-0.351351 2.55773
-0.345345 2.56294
-0.339339 2.56807
-0.333333 2.57313
-0.327327 2.5781
-0.321321 2.583
-0.315315 2.58782
-0.309309 2.59255
-0.303303 2.59721
-0.297297 2.60179
-0.291291 2.60628
-0.285285 2.61069
-0.279279 2.61502
-0.273273 2.61927
-0.267267 2.62343
-0.261261 2.6275
-0.255255 2.6315
-0.249249 2.6354
-0.243243 2.63922
-0.237237 2.64296
-0.231231 2.6466
-0.225225 2.65016
-0.219219 2.65363
-0.213213 2.65702
-0.207207 2.66031
-0.201201 2.66351
-0.195195 2.66663
-0.189189 2.66965
-0.183183 2.67259
-0.177177 2.67543
-0.171171 2.67818
-0.165165 2.68084
-0.159159 2.68341
-0.153153 2.68589
-0.147147 2.68827
-0.141141 2.69056
-0.135135 2.69276
-0.129129 2.69487
-0.123123 2.69688
-0.117117 2.69879
-0.111111 2.70061
-0.105105 2.70234
-0.0990991 2.70398
-0.0930931 2.70551
-0.0870871 2.70696
-0.0810811 2.7083
-0.0750751 2.70956
-0.0690691 2.71071
-0.0630631 2.71177
-0.0570571 2.71274
-0.0510511 2.71361
-0.045045 2.71438
-0.039039 2.71505
-0.033033 2.71563
-0.027027 2.71612
-0.021021 2.7165
-0.015015 2.71679
-0.00900901 2.71699
-0.003003 2.71708
0.003003 2.71708
0.00900901 2.71699
0.015015 2.71679
0.021021 2.7165
0.027027 2.71612
0.033033 2.71563
0.039039 2.71505
0.045045 2.71438
0.0510511 2.71361
0.0570571 2.71274
0.0630631 2.71177
0.0690691 2.71071
0.0750751 2.70956
0.0810811 2.7083
0.0870871 2.70696
0.0930931 2.70551
0.0990991 2.70398
0.105105 2.70234
0.111111 2.70061
0.117117 2.69879
0.123123 2.69688
0.129129 2.69487
0.135135 2.69276
0.141141 2.69056
0.147147 2.68827
0.153153 2.68589
0.159159 2.68341
0.165165 2.68084
0.171171 2.67818
0.177177 2.67543
0.183183 2.67259
0.189189 2.66965
0.195195 2.66663
0.201201 2.66351
0.207207 2.66031
0.213213 2.65702
0.219219 2.65363
0.225225 2.65016
0.231231 2.6466
0.237237 2.64296
0.243243 2.63922
0.249249 2.6354
0.255255 2.6315
0.261261 2.6275
0.267267 2.62343
0.273273 2.61927
0.279279 2.61502
0.285285 2.61069
0.291291 2.60628
0.297297 2.60179
0.303303 2.59721
0.309309 2.59255
0.315315 2.58782
0.321321 2.583
0.327327 2.5781
0.333333 2.57313
0.339339 2.56807
0.345345 2.56294
0.351351 2.55773
0.357357 2.55245
0.363363 2.54709
0.369369 2.54165
0.375375 2.53614
0.381381 2.53056
0.387387 2.52491
0.393393 2.51918
0.399399 2.51338
0.405405 2.50751
0.411411 2.50157
0.417417 2.49556
0.423423 2.48949
0.429429 2.48334
0.435435 2.47713
0.441441 2.47085
0.447447 2.46451
0.453453 2.4581
0.459459 2.45163
0.465465 2.4451
0.471471 2.4385
0.477477 2.43184
0.483483 2.42512
0.489489 2.41834
0.495495 2.4115
0.501502 2.40461
0.507508 2.39765
0.513514 2.39064
0.51952 2.38358
0.525526 2.37646
0.531532 2.36928
0.537538 2.36205
0.543544 2.35477
0.54955 2.34744
0.555556 2.34006
0.561562 2.33263
0.567568 2.32515
0.573574 2.31762
0.57958 2.31004
0.585586 2.30242
0.591592 2.29475
0.597598 2.28704
0.603604 2.27928
0.60961 2.27148
0.615616 2.26364
0.621622 2.25576
0.627628 2.24784
0.633634 2.23988
0.63964 2.23188
0.645646 2.22384
0.651652 2.21577
0.657658 2.20766
0.663664 2.19951
0.66967 2.19134
0.675676 2.18313
0.681682 2.17488
0.687688 2.16661
0.693694 2.15831
0.6997 2.14997
0.705706 2.14161
0.711712 2.13322
0.717718 2.12481
0.723724 2.11636
0.72973 2.1079
0.735736 2.09941
0.741742 2.09089
0.747748 2.08236
0.753754 2.0738
0.75976 2.06522
0.765766 2.05663
0.771772 2.04801
0.777778 2.03938
0.783784 2.03073
0.78979 2.02206
0.795796 2.01338
0.801802 2.00468
0.807808 1.99597
0.813814 1.98725
0.81982 1.97851
0.825826 1.96977
0.831832 1.96101
0.837838 1.95225
0.843844 1.94347
0.84985 1.93469
0.855856 1.92591
0.861862 1.91711
0.867868 1.90831
0.873874 1.89951
0.87988 1.8907
0.885886 1.88189
0.891892 1.87308
0.897898 1.86427
0.903904 1.85546
0.90991 1.84664
0.915916 1.83783
0.921922 1.82902
0.927928 1.82022
0.933934 1.81141
0.93994 1.80261
0.945946 1.79382
0.951952 1.78503
0.957958 1.77625
0.963964 1.76747
0.96997 1.7587
0.975976 1.74994
0.981982 1.74119
0.987988 1.73245
0.993994 1.72372
1 1.715
1.00601 1.7063
1.01201 1.6976
1.01802 1.68892
1.02402 1.68025
1.03003 1.6716
1.03604 1.66296
1.04204 1.65434
1.04805 1.64573
1.05405 1.63714
1.06006 1.62857
1.06607 1.62002
1.07207 1.61148
1.07808 1.60296
1.08408 1.59447
1.09009 1.58599
1.0961 1.57753
1.1021 1.5691
1.10811 1.56068
1.11411 1.55229
1.12012 1.54392
1.12613 1.53558
1.13213 1.52726
1.13814 1.51896
1.14414 1.51069
1.15015 1.50244
1.15616 1.49422
1.16216 1.48602
1.16817 1.47785
1.17417 1.4697
1.18018 1.46159
1.18619 1.4535
1.19219 1.44544
1.1982 1.4374
1.2042 1.4294
1.21021 1.42143
1.21622 1.41348
1.22222 1.40556
1.22823 1.39768
1.23423 1.38982
1.24024 1.38199
1.24625 1.3742
1.25225 1.36643
1.25826 1.3587
1.26426 1.351
1.27027 1.34333
1.27628 1.33569
1.28228 1.32809
1.28829 1.32052
1.29429 1.31298
1.3003 1.30547
1.30631 1.298
1.31231 1.29056
1.31832 1.28315
1.32432 1.27578
1.33033 1.26844
1.33634 1.26113
1.34234 1.25386
1.34835 1.24663
1.35435 1.23942
1.36036 1.23226
1.36637 1.22512
1.37237 1.21803
1.37838 1.21096
1.38438 1.20393
1.39039 1.19694
1.3964 1.18998
1.4024 1.18305
1.40841 1.17616
1.41441 1.16931
1.42042 1.16249
1.42643 1.15571
1.43243 1.14896
1.43844 1.14225
1.44444 1.13557
1.45045 1.12892
1.45646 1.12231
1.46246 1.11574
1.46847 1.1092
1.47447 1.1027
1.48048 1.09623
1.48649 1.0898
1.49249 1.0834
1.4985 1.07704
1.5045 1.07071
1.51051 1.06441
1.51652 1.05815
1.52252 1.05193
1.52853 1.04574
1.53453 1.03958
1.54054 1.03346
1.54655 1.02737
1.55255 1.02131
1.55856 1.01529
1.56456 1.00931
1.57057 1.00335
1.57658 0.997435
1.58258 0.991549
1.58859 0.985696
1.59459 0.979876
1.6006 0.974089
1.60661 0.968334
1.61261 0.962613
1.61862 0.956924
1.62462 0.951267
1.63063 0.945643
1.63664 0.940051
1.64264 0.93449
1.64865 0.928962
1.65465 0.923464
1.66066 0.917999
1.66667 0.912564
1.67267 0.907161
1.67868 0.901789
1.68468 0.896447
1.69069 0.891136
1.6967 0.885856
1.7027 0.880606
1.70871 0.875386
1.71471 0.870196
1.72072 0.865036
1.72673 0.859905
1.73273 0.854804
1.73874 0.849733
1.74474 0.844691
1.75075 0.839677
1.75676 0.834693
1.76276 0.829737
1.76877 0.82481
1.77477 0.819912
1.78078 0.815042
1.78679 0.8102
1.79279 0.805386
1.7988 0.8006
1.8048 0.795843
1.81081 0.791112
1.81682 0.78641
1.82282 0.781735
1.82883 0.777087
1.83483 0.772467
1.84084 0.767874
1.84685 0.763309
1.85285 0.75877
1.85886 0.754258
1.86486 0.749773
1.87087 0.745316
1.87688 0.740885
1.88288 0.73648
1.88889 0.732103
1.89489 0.727752
1.9009 0.723428
1.90691 0.71913
1.91291 0.71486
1.91892 0.710615
1.92492 0.706398
1.93093 0.702207
1.93694 0.698043
1.94294 0.693905
1.94895 0.689795
1.95495 0.685711
1.96096 0.681654
1.96697 0.677623
1.97297 0.67362
1.97898 0.669644
1.98498 0.665695
1.99099 0.661773
1.997 0.657878
2.003 0.654011
2.00901 0.650172
2.01502 0.64636
2.02102 0.642576
2.02703 0.63882
2.03303 0.635092
2.03904 0.631393
2.04505 0.627722
2.05105 0.624079
2.05706 0.620466
2.06306 0.616882
2.06907 0.613327
2.07508 0.609801
2.08108 0.606306
2.08709 0.60284
2.09309 0.599404
2.0991 0.595999
2.10511 0.592625
2.11111 0.589282
2.11712 0.585971
2.12312 0.582691
2.12913 0.579443
2.13514 0.576227
2.14114 0.573044
2.14715 0.569893
2.15315 0.566776
2.15916 0.563693
2.16517 0.560643
2.17117 0.557628
2.17718 0.554647
2.18318 0.551702
2.18919 0.548792
2.1952 0.545917
2.2012 0.543079
2.20721 0.540278
2.21321 0.537513
2.21922 0.534786
2.22523 0.532096
2.23123 0.529445
2.23724 0.526832
2.24324 0.524258
2.24925 0.521723
2.25526 0.519229
2.26126 0.516774
2.26727 0.51436
2.27327 0.511987
2.27928 0.509656
2.28529 0.507366
2.29129 0.505119
2.2973 0.502915
2.3033 0.500753
2.30931 0.498635
2.31532 0.496561
2.32132 0.494532
2.32733 0.492546
2.33333 0.490606
2.33934 0.488712
2.34535 0.486863
2.35135 0.48506
2.35736 0.483304
2.36336 0.481594
2.36937 0.479932
2.37538 0.478317
2.38138 0.47675
2.38739 0.47523
2.39339 0.473759
2.3994 0.472337
2.40541 0.470963
2.41141 0.469638
2.41742 0.468362
2.42342 0.467135
2.42943 0.465957
2.43544 0.464829
2.44144 0.463751
2.44745 0.462722
2.45345 0.461742
2.45946 0.460813
2.46547 0.459932
2.47147 0.459102
2.47748 0.45832
2.48348 0.457588
2.48949 0.456905
2.4955 0.45627
2.5015 0.455685
2.50751 0.455147
2.51351 0.454657
2.51952 0.454215
2.52553 0.45382
2.53153 0.453471
2.53754 0.453168
2.54354 0.45291
2.54955 0.452697
2.55556 0.452528
2.56156 0.452403
2.56757 0.452319
2.57357 0.452277
2.57958 0.452275
2.58559 0.452312
2.59159 0.452388
2.5976 0.452501
2.6036 0.452649
2.60961 0.452832
2.61562 0.453047
2.62162 0.453294
2.62763 0.453571
2.63363 0.453875
2.63964 0.454206
2.64565 0.454561
2.65165 0.454939
2.65766 0.455336
2.66366 0.455752
2.66967 0.456183
2.67568 0.456628
2.68168 0.457083
2.68769 0.457547
2.69369 0.458015
2.6997 0.458486
2.70571 0.458956
2.71171 0.459423
2.71772 0.459882
2.72372 0.46033
2.72973 0.460765
2.73574 0.461181
2.74174 0.461576
2.74775 0.461945
2.75375 0.462284
2.75976 0.462588
2.76577 0.462854
2.77177 0.463076
2.77778 0.463249
2.78378 0.463369
2.78979 0.46343
2.7958 0.463427
2.8018 0.463355
2.80781 0.463206
2.81381 0.462976
2.81982 0.462659
2.82583 0.462247
2.83183 0.461734
2.83784 0.461114
2.84384 0.460379
2.84985 0.459521
2.85586 0.458534
2.86186 0.45741
2.86787 0.45614
2.87387 0.454716
2.87988 0.453129
2.88589 0.451372
2.89189 0.449434
2.8979 0.447307
2.9039 0.44498
2.90991 0.442444
2.91592 0.439688
2.92192 0.436703
2.92793 0.433476
2.93393 0.429998
2.93994 0.426256
2.94595 0.422239
2.95195 0.417934
2.95796 0.41333
2.96396 0.408413
2.96997 0.403169
2.97598 0.397587
2.98198 0.391651
2.98799 0.385348
2.99399 0.378662
3 0.371579
