-5 1.32798
-4.995 1.47377
-4.98999 1.60991
-4.98499 1.73682
-4.97999 1.85486
-4.97499 1.96442
-4.96998 2.06585
-4.96498 2.15951
-4.95998 2.24572
-4.95498 2.32483
-4.94997 2.39713
-4.94497 2.46294
-4.93997 2.52255
-4.93497 2.57625
-4.92996 2.62431
-4.92496 2.667
-4.91996 2.70457
-4.91496 2.73727
-4.90995 2.76534
-4.90495 2.78902
-4.89995 2.80851
-4.89495 2.82405
-4.88994 2.83583
-4.88494 2.84405
-4.87994 2.84891
-4.87494 2.85059
-4.86993 2.84927
-4.86493 2.84512
-4.85993 2.83831
-4.85493 2.82899
-4.84992 2.81732
-4.84492 2.80345
-4.83992 2.78751
-4.83492 2.76963
-4.82991 2.74996
-4.82491 2.72862
-4.81991 2.70572
-4.81491 2.68138
-4.8099 2.65571
-4.8049 2.62882
-4.7999 2.6008
-4.7949 2.57176
-4.78989 2.54178
-4.78489 2.51096
-4.77989 2.47937
-4.77489 2.44711
-4.76988 2.41424
-4.76488 2.38084
-4.75988 2.34698
-4.75488 2.31273
-4.74987 2.27815
-4.74487 2.2433
-4.73987 2.20823
-4.73487 2.17301
-4.72986 2.13768
-4.72486 2.1023
-4.71986 2.0669
-4.71486 2.03154
-4.70985 1.99625
-4.70485 1.96107
-4.69985 1.92605
-4.69485 1.89121
-4.68984 1.85659
-4.68484 1.82221
-4.67984 1.78811
-4.67484 1.75432
-4.66983 1.72085
-4.66483 1.68774
-4.65983 1.65499
-4.65483 1.62264
-4.64982 1.59071
-4.64482 1.5592
-4.63982 1.52813
-4.63482 1.49752
-4.62981 1.46738
-4.62481 1.43773
-4.61981 1.40857
-4.61481 1.37991
-4.6098 1.35176
-4.6048 1.32413
-4.5998 1.29703
-4.5948 1.27045
-4.58979 1.24441
-4.58479 1.2189
-4.57979 1.19393
-4.57479 1.16951
-4.56978 1.14563
-4.56478 1.12229
-4.55978 1.0995
-4.55478 1.07724
-4.54977 1.05553
-4.54477 1.03436
-4.53977 1.01373
-4.53477 0.993625
-4.52976 0.974054
-4.52476 0.955008
-4.51976 0.936483
-4.51476 0.918476
-4.50975 0.90098
-4.50475 0.883991
-4.49975 0.867501
-4.49475 0.851506
-4.48974 0.835999
-4.48474 0.820973
-4.47974 0.806421
-4.47474 0.792336
-4.46973 0.778711
-4.46473 0.765539
-4.45973 0.752811
-4.45473 0.74052
-4.44972 0.728659
-4.44472 0.717218
-4.43972 0.70619
-4.43472 0.695566
-4.42971 0.685339
-4.42471 0.6755
-4.41971 0.66604
-4.41471 0.656951
-4.4097 0.648225
-4.4047 0.639853
-4.3997 0.631826
-4.3947 0.624136
-4.38969 0.616775
-4.38469 0.609734
-4.37969 0.603005
-4.37469 0.596579
-4.36968 0.590448
-4.36468 0.584603
-4.35968 0.579037
-4.35468 0.573741
-4.34967 0.568707
-4.34467 0.563927
-4.33967 0.559393
-4.33467 0.555097
-4.32966 0.551032
-4.32466 0.547189
-4.31966 0.543562
-4.31466 0.540142
-4.30965 0.536922
-4.30465 0.533896
-4.29965 0.531055
-4.29465 0.528393
-4.28964 0.525903
-4.28464 0.523578
-4.27964 0.521412
-4.27464 0.519397
-4.26963 0.517528
-4.26463 0.515798
-4.25963 0.5142
-4.25463 0.51273
-4.24962 0.511381
-4.24462 0.510146
-4.23962 0.509021
-4.23462 0.508
-4.22961 0.507077
-4.22461 0.506248
-4.21961 0.505506
-4.21461 0.504848
-4.2096 0.504268
-4.2046 0.503761
-4.1996 0.503323
-4.1946 0.502949
-4.18959 0.502634
-4.18459 0.502376
-4.17959 0.502169
-4.17459 0.502009
-4.16958 0.501893
-4.16458 0.501817
-4.15958 0.501776
-4.15458 0.501769
-4.14957 0.501791
-4.14457 0.501839
-4.13957 0.501909
-4.13457 0.501999
-4.12956 0.502107
-4.12456 0.502228
-4.11956 0.50236
-4.11456 0.502501
-4.10955 0.502649
-4.10455 0.5028
-4.09955 0.502952
-4.09455 0.503104
-4.08954 0.503253
-4.08454 0.503397
-4.07954 0.503534
-4.07454 0.503663
-4.06953 0.503782
-4.06453 0.503888
-4.05953 0.503981
-4.05453 0.50406
-4.04952 0.504122
-4.04452 0.504166
-4.03952 0.504192
-4.03452 0.504198
-4.02951 0.504182
-4.02451 0.504145
-4.01951 0.504085
-4.01451 0.504001
-4.0095 0.503893
-4.0045 0.50376
-3.9995 0.503601
-3.9945 0.503415
-3.98949 0.503203
-3.98449 0.502963
-3.97949 0.502695
-3.97449 0.502399
-3.96948 0.502075
-3.96448 0.501723
-3.95948 0.501341
-3.95448 0.500931
-3.94947 0.500491
-3.94447 0.500023
-3.93947 0.499525
-3.93447 0.498999
-3.92946 0.498443
-3.92446 0.497859
-3.91946 0.497246
-3.91446 0.496605
-3.90945 0.495935
-3.90445 0.495238
-3.89945 0.494513
-3.89445 0.49376
-3.88944 0.492981
-3.88444 0.492175
-3.87944 0.491343
-3.87444 0.490485
-3.86943 0.489601
-3.86443 0.488693
-3.85943 0.487761
-3.85443 0.486805
-3.84942 0.485826
-3.84442 0.484824
-3.83942 0.4838
-3.83442 0.482754
-3.82941 0.481687
-3.82441 0.4806
-3.81941 0.479494
-3.81441 0.478368
-3.8094 0.477224
-3.8044 0.476062
-3.7994 0.474883
-3.7944 0.473688
-3.78939 0.472476
-3.78439 0.47125
-3.77939 0.47001
-3.77439 0.468755
-3.76938 0.467488
-3.76438 0.466208
-3.75938 0.464917
-3.75438 0.463614
-3.74937 0.462302
-3.74437 0.46098
-3.73937 0.459649
-3.73437 0.458309
-3.72936 0.456963
-3.72436 0.455609
-3.71936 0.45425
-3.71436 0.452884
-3.70935 0.451514
-3.70435 0.45014
-3.69935 0.448763
-3.69435 0.447382
-3.68934 0.446
-3.68434 0.444616
-3.67934 0.443231
-3.67434 0.441845
-3.66933 0.44046
-3.66433 0.439076
-3.65933 0.437694
-3.65433 0.436313
-3.64932 0.434935
-3.64432 0.433561
-3.63932 0.43219
-3.63432 0.430824
-3.62931 0.429462
-3.62431 0.428106
-3.61931 0.426756
-3.61431 0.425412
-3.6093 0.424076
-3.6043 0.422746
-3.5993 0.421425
-3.5943 0.420112
-3.58929 0.418808
-3.58429 0.417512
-3.57929 0.416227
-3.57429 0.414952
-3.56928 0.413687
-3.56428 0.412433
-3.55928 0.41119
-3.55428 0.409959
-3.54927 0.40874
-3.54427 0.407533
-3.53927 0.406339
-3.53427 0.405158
-3.52926 0.40399
-3.52426 0.402835
-3.51926 0.401695
-3.51426 0.400568
-3.50925 0.399456
-3.50425 0.398359
-3.49925 0.397276
-3.49425 0.396209
-3.48924 0.395157
-3.48424 0.39412
-3.47924 0.393099
-3.47424 0.392094
-3.46923 0.391105
-3.46423 0.390133
-3.45923 0.389177
-3.45423 0.388237
-3.44922 0.387314
-3.44422 0.386407
-3.43922 0.385518
-3.43422 0.384646
-3.42921 0.38379
-3.42421 0.382952
-3.41921 0.382132
-3.41421 0.381328
-3.4092 0.380542
-3.4042 0.379773
-3.3992 0.379022
-3.3942 0.378288
-3.38919 0.377572
-3.38419 0.376873
-3.37919 0.376192
-3.37419 0.375529
-3.36918 0.374883
-3.36418 0.374254
-3.35918 0.373644
-3.35418 0.37305
-3.34917 0.372474
-3.34417 0.371916
-3.33917 0.371374
-3.33417 0.37085
-3.32916 0.370344
-3.32416 0.369854
-3.31916 0.369382
-3.31416 0.368927
-3.30915 0.368489
-3.30415 0.368067
-3.29915 0.367663
-3.29415 0.367275
-3.28914 0.366904
-3.28414 0.366549
-3.27914 0.366211
-3.27414 0.365889
-3.26913 0.365584
-3.26413 0.365294
-3.25913 0.36502
-3.25413 0.364763
-3.24912 0.364521
-3.24412 0.364294
-3.23912 0.364083
-3.23412 0.363888
-3.22911 0.363707
-3.22411 0.363542
-3.21911 0.363392
-3.21411 0.363256
-3.2091 0.363135
-3.2041 0.363029
-3.1991 0.362937
-3.1941 0.36286
-3.18909 0.362796
-3.18409 0.362746
-3.17909 0.362711
-3.17409 0.362689
-3.16908 0.36268
-3.16408 0.362685
-3.15908 0.362703
-3.15408 0.362734
-3.14907 0.362778
-3.14407 0.362835
-3.13907 0.362905
-3.13407 0.362987
-3.12906 0.363082
-3.12406 0.363189
-3.11906 0.363308
-3.11406 0.363439
-3.10905 0.363581
-3.10405 0.363736
-3.09905 0.363902
-3.09405 0.364079
-3.08904 0.364268
-3.08404 0.364468
-3.07904 0.364679
-3.07404 0.364901
-3.06903 0.365134
-3.06403 0.365377
-3.05903 0.365631
-3.05403 0.365895
-3.04902 0.36617
-3.04402 0.366455
-3.03902 0.36675
-3.03402 0.367055
-3.02901 0.36737
-3.02401 0.367694
-3.01901 0.368029
-3.01401 0.368373
-3.009 0.368726
-3.004 0.369089
-2.999 0.369461
-2.994 0.369842
-2.98899 0.370232
-2.98399 0.370632
-2.97899 0.37104
-2.97399 0.371457
-2.96898 0.371884
-2.96398 0.372318
-2.95898 0.372762
-2.95398 0.373214
-2.94897 0.373674
-2.94397 0.374144
-2.93897 0.374621
-2.93397 0.375107
-2.92896 0.375601
-2.92396 0.376104
-2.91896 0.376614
-2.91396 0.377133
-2.90895 0.37766
-2.90395 0.378195
-2.89895 0.378739
-2.89395 0.37929
-2.88894 0.379849
-2.88394 0.380416
-2.87894 0.380992
-2.87394 0.381575
-2.86893 0.382166
-2.86393 0.382765
-2.85893 0.383372
-2.85393 0.383987
-2.84892 0.38461
-2.84392 0.385241
-2.83892 0.38588
-2.83392 0.386526
-2.82891 0.387181
-2.82391 0.387844
-2.81891 0.388514
-2.81391 0.389192
-2.8089 0.389879
-2.8039 0.390573
-2.7989 0.391276
-2.7939 0.391986
-2.78889 0.392705
-2.78389 0.393432
-2.77889 0.394167
-2.77389 0.39491
-2.76888 0.395661
-2.76388 0.396421
-2.75888 0.397189
-2.75388 0.397965
-2.74887 0.398749
-2.74387 0.399542
-2.73887 0.400344
-2.73387 0.401154
-2.72886 0.401973
-2.72386 0.4028
-2.71886 0.403637
-2.71386 0.404481
-2.70885 0.405335
-2.70385 0.406198
-2.69885 0.40707
-2.69385 0.40795
-2.68884 0.40884
-2.68384 0.409739
-2.67884 0.410647
-2.67384 0.411565
-2.66883 0.412492
-2.66383 0.413429
-2.65883 0.414375
-2.65383 0.41533
-2.64882 0.416296
-2.64382 0.417271
-2.63882 0.418256
-2.63382 0.419251
-2.62881 0.420257
-2.62381 0.421272
-2.61881 0.422298
-2.61381 0.423333
-2.6088 0.42438
-2.6038 0.425437
-2.5988 0.426504
-2.5938 0.427582
-2.58879 0.428671
-2.58379 0.429771
-2.57879 0.430882
-2.57379 0.432004
-2.56878 0.433137
-2.56378 0.434281
-2.55878 0.435437
-2.55378 0.436604
-2.54877 0.437783
-2.54377 0.438973
-2.53877 0.440175
-2.53377 0.441389
-2.52876 0.442615
-2.52376 0.443853
-2.51876 0.445103
-2.51376 0.446366
-2.50875 0.44764
-2.50375 0.448928
-2.49875 0.450227
-2.49375 0.45154
-2.48874 0.452865
-2.48374 0.454203
-2.47874 0.455554
-2.47374 0.456918
-2.46873 0.458296
-2.46373 0.459686
-2.45873 0.46109
-2.45373 0.462508
-2.44872 0.463939
-2.44372 0.465383
-2.43872 0.466842
-2.43372 0.468314
-2.42871 0.4698
-2.42371 0.471301
-2.41871 0.472815
-2.41371 0.474344
-2.4087 0.475887
-2.4037 0.477445
-2.3987 0.479017
-2.3937 0.480604
-2.38869 0.482206
-2.38369 0.483822
-2.37869 0.485454
-2.37369 0.487101
-2.36868 0.488762
-2.36368 0.490439
-2.35868 0.492132
-2.35368 0.493839
-2.34867 0.495563
-2.34367 0.497302
-2.33867 0.499056
-2.33367 0.500827
-2.32866 0.502613
-2.32366 0.504416
-2.31866 0.506234
-2.31366 0.508069
-2.30865 0.50992
-2.30365 0.511787
-2.29865 0.513671
-2.29365 0.515571
-2.28864 0.517488
-2.28364 0.519421
-2.27864 0.521372
-2.27364 0.523339
-2.26863 0.525323
-2.26363 0.527325
-2.25863 0.529343
-2.25363 0.531379
-2.24862 0.533432
-2.24362 0.535502
-2.23862 0.53759
-2.23362 0.539695
-2.22861 0.541818
-2.22361 0.543959
-2.21861 0.546118
-2.21361 0.548294
-2.2086 0.550489
-2.2036 0.552701
-2.1986 0.554932
-2.1936 0.557181
-2.18859 0.559448
-2.18359 0.561733
-2.17859 0.564037
-2.17359 0.566359
-2.16858 0.5687
-2.16358 0.571059
-2.15858 0.573438
-2.15358 0.575835
-2.14857 0.578251
-2.14357 0.580685
-2.13857 0.583139
-2.13357 0.585612
-2.12856 0.588104
-2.12356 0.590615
-2.11856 0.593146
-2.11356 0.595696
-2.10855 0.598265
-2.10355 0.600854
-2.09855 0.603463
-2.09355 0.606091
-2.08854 0.608739
-2.08354 0.611406
-2.07854 0.614094
-2.07354 0.616801
-2.06853 0.619528
-2.06353 0.622276
-2.05853 0.625043
-2.05353 0.627831
-2.04852 0.630639
-2.04352 0.633467
-2.03852 0.636315
-2.03352 0.639184
-2.02851 0.642074
-2.02351 0.644984
-2.01851 0.647914
-2.01351 0.650865
-2.0085 0.653837
-2.0035 0.65683
-1.9985 0.659844
-1.9935 0.662878
-1.98849 0.665934
-1.98349 0.669011
-1.97849 0.672108
-1.97349 0.675227
-1.96848 0.678367
-1.96348 0.681529
-1.95848 0.684712
-1.95348 0.687916
-1.94847 0.691141
-1.94347 0.694389
-1.93847 0.697657
-1.93347 0.700948
-1.92846 0.70426
-1.92346 0.707593
-1.91846 0.710949
-1.91346 0.714327
-1.90845 0.717726
-1.90345 0.721147
-1.89845 0.724591
-1.89345 0.728056
-1.88844 0.731544
-1.88344 0.735054
-1.87844 0.738586
-1.87344 0.74214
-1.86843 0.745717
-1.86343 0.749316
-1.85843 0.752938
-1.85343 0.756582
-1.84842 0.760249
-1.84342 0.763939
-1.83842 0.767651
-1.83342 0.771386
-1.82841 0.775143
-1.82341 0.778924
-1.81841 0.782727
-1.81341 0.786554
-1.8084 0.790403
-1.8034 0.794275
-1.7984 0.798171
-1.7934 0.802089
-1.78839 0.806031
-1.78339 0.809996
-1.77839 0.813984
-1.77339 0.817996
-1.76838 0.822031
-1.76338 0.826089
-1.75838 0.830171
-1.75338 0.834277
-1.74837 0.838406
-1.74337 0.842558
-1.73837 0.846734
-1.73337 0.850934
-1.72836 0.855158
-1.72336 0.859405
-1.71836 0.863677
-1.71336 0.867972
-1.70835 0.872291
-1.70335 0.876633
-1.69835 0.881
-1.69335 0.885391
-1.68834 0.889806
-1.68334 0.894245
-1.67834 0.898708
-1.67334 0.903195
-1.66833 0.907706
-1.66333 0.912242
-1.65833 0.916801
-1.65333 0.921385
-1.64832 0.925994
-1.64332 0.930626
-1.63832 0.935283
-1.63332 0.939965
-1.62831 0.94467
-1.62331 0.9494
-1.61831 0.954155
-1.61331 0.958934
-1.6083 0.963737
-1.6033 0.968565
-1.5983 0.973418
-1.5933 0.978294
-1.58829 0.983196
-1.58329 0.988122
-1.57829 0.993073
-1.57329 0.998048
-1.56828 1.00305
-1.56328 1.00807
-1.55828 1.01312
-1.55328 1.01819
-1.54827 1.02329
-1.54327 1.02841
-1.53827 1.03356
-1.53327 1.03873
-1.52826 1.04393
-1.52326 1.04915
-1.51826 1.0544
-1.51326 1.05967
-1.50825 1.06496
-1.50325 1.07028
-1.49825 1.07562
-1.49325 1.08099
-1.48824 1.08638
-1.48324 1.0918
-1.47824 1.09724
-1.47324 1.10271
-1.46823 1.1082
-1.46323 1.11371
-1.45823 1.11925
-1.45323 1.12481
-1.44822 1.1304
-1.44322 1.13601
-1.43822 1.14165
-1.43322 1.14731
-1.42821 1.15299
-1.42321 1.1587
-1.41821 1.16443
-1.41321 1.17018
-1.4082 1.17596
-1.4032 1.18177
-1.3982 1.18759
-1.3932 1.19344
-1.38819 1.19932
-1.38319 1.20521
-1.37819 1.21114
-1.37319 1.21708
-1.36818 1.22305
-1.36318 1.22904
-1.35818 1.23505
-1.35318 1.24109
-1.34817 1.24715
-1.34317 1.25323
-1.33817 1.25933
-1.33317 1.26546
-1.32816 1.27161
-1.32316 1.27778
-1.31816 1.28398
-1.31316 1.2902
-1.30815 1.29643
-1.30315 1.30269
-1.29815 1.30898
-1.29315 1.31528
-1.28814 1.32161
-1.28314 1.32796
-1.27814 1.33432
-1.27314 1.34071
-1.26813 1.34712
-1.26313 1.35356
-1.25813 1.36001
-1.25313 1.36648
-1.24812 1.37297
-1.24312 1.37949
-1.23812 1.38602
-1.23312 1.39257
-1.22811 1.39915
-1.22311 1.40574
-1.21811 1.41235
-1.21311 1.41898
-1.2081 1.42563
-1.2031 1.4323
-1.1981 1.43899
-1.1931 1.4457
-1.18809 1.45242
-1.18309 1.45916
-1.17809 1.46592
-1.17309 1.4727
-1.16808 1.4795
-1.16308 1.48631
-1.15808 1.49314
-1.15308 1.49998
-1.14807 1.50684
-1.14307 1.51372
-1.13807 1.52062
-1.13307 1.52753
-1.12806 1.53445
-1.12306 1.54139
-1.11806 1.54835
-1.11306 1.55532
-1.10805 1.56231
-1.10305 1.5693
-1.09805 1.57632
-1.09305 1.58335
-1.08804 1.59039
-1.08304 1.59744
-1.07804 1.6045
-1.07304 1.61158
-1.06803 1.61867
-1.06303 1.62578
-1.05803 1.63289
-1.05303 1.64002
-1.04802 1.64715
-1.04302 1.6543
-1.03802 1.66146
-1.03302 1.66863
-1.02801 1.67581
-1.02301 1.68299
-1.01801 1.69019
-1.01301 1.69739
-1.008 1.70461
-1.003 1.71183
-0.997999 1.71906
-0.992996 1.72629
-0.987994 1.73354
-0.982991 1.74079
-0.977989 1.74804
-0.972986 1.75531
-0.967984 1.76258
-0.962981 1.76985
-0.957979 1.77713
-0.952976 1.78441
-0.947974 1.7917
-0.942971 1.79899
-0.937969 1.80628
-0.932966 1.81357
-0.927964 1.82087
-0.922961 1.82817
-0.917959 1.83548
-0.912956 1.84278
-0.907954 1.85009
-0.902951 1.85739
-0.897949 1.8647
-0.892946 1.872
-0.887944 1.8793
-0.882941 1.88661
-0.877939 1.89391
-0.872936 1.90121
-0.867934 1.9085
-0.862931 1.9158
-0.857929 1.92309
-0.852926 1.93037
-0.847924 1.93766
-0.842921 1.94493
-0.837919 1.9522
-0.832916 1.95947
-0.827914 1.96673
-0.822911 1.97398
-0.817909 1.98123
-0.812906 1.98847
-0.807904 1.9957
-0.802901 2.00292
-0.797899 2.01014
-0.792896 2.01734
-0.787894 2.02454
-0.782891 2.03172
-0.777889 2.0389
-0.772886 2.04606
-0.767884 2.05321
-0.762881 2.06035
-0.757879 2.06747
-0.752876 2.07459
-0.747874 2.08168
-0.742871 2.08877
-0.737869 2.09584
-0.732866 2.10289
-0.727864 2.10993
-0.722861 2.11695
-0.717859 2.12396
-0.712856 2.13095
-0.707854 2.13792
-0.702851 2.14487
-0.697849 2.15181
-0.692846 2.15872
-0.687844 2.16562
-0.682841 2.17249
-0.677839 2.17935
-0.672836 2.18618
-0.667834 2.19299
-0.662831 2.19978
-0.657829 2.20655
-0.652826 2.21329
-0.647824 2.22001
-0.642821 2.22671
-0.637819 2.23338
-0.632816 2.24002
-0.627814 2.24664
-0.622811 2.25323
-0.617809 2.2598
-0.612806 2.26634
-0.607804 2.27285
-0.602801 2.27933
-0.597799 2.28578
-0.592796 2.29221
-0.587794 2.2986
-0.582791 2.30496
-0.577789 2.3113
-0.572786 2.3176
-0.567784 2.32386
-0.562781 2.3301
-0.557779 2.3363
-0.552776 2.34247
-0.547774 2.34861
-0.542771 2.35471
-0.537769 2.36078
-0.532766 2.36681
-0.527764 2.3728
-0.522761 2.37876
-0.517759 2.38468
-0.512756 2.39057
-0.507754 2.39641
-0.502751 2.40222
-0.497749 2.40799
-0.492746 2.41372
-0.487744 2.41941
-0.482741 2.42505
-0.477739 2.43066
-0.472736 2.43623
-0.467734 2.44175
-0.462731 2.44723
-0.457729 2.45267
-0.452726 2.45807
-0.447724 2.46342
-0.442721 2.46873
-0.437719 2.47399
-0.432716 2.47921
-0.427714 2.48438
-0.422711 2.48951
-0.417709 2.49459
-0.412706 2.49962
-0.407704 2.5046
-0.402701 2.50954
-0.397699 2.51443
-0.392696 2.51927
-0.387694 2.52406
-0.382691 2.5288
-0.377689 2.53349
-0.372686 2.53813
-0.367684 2.54272
-0.362681 2.54726
-0.357679 2.55175
-0.352676 2.55618
-0.347674 2.56056
-0.342671 2.56489
-0.337669 2.56917
-0.332666 2.57339
-0.327664 2.57756
-0.322661 2.58167
-0.317659 2.58573
-0.312656 2.58973
-0.307654 2.59368
-0.302651 2.59757
-0.297649 2.60141
-0.292646 2.60519
-0.287644 2.60891
-0.282641 2.61257
-0.277639 2.61618
-0.272636 2.61973
-0.267634 2.62322
-0.262631 2.62665
-0.257629 2.63002
-0.252626 2.63334
-0.247624 2.63659
-0.242621 2.63978
-0.237619 2.64292
-0.232616 2.64599
-0.227614 2.649
-0.222611 2.65195
-0.217609 2.65484
-0.212606 2.65767
-0.207604 2.66043
-0.202601 2.66314
-0.197599 2.66578
-0.192596 2.66836
-0.187594 2.67087
-0.182591 2.67332
-0.177589 2.67571
-0.172586 2.67804
-0.167584 2.6803
-0.162581 2.6825
-0.157579 2.68463
-0.152576 2.6867
-0.147574 2.6887
-0.142571 2.69064
-0.137569 2.69251
-0.132566 2.69432
-0.127564 2.69606
-0.122561 2.69774
-0.117559 2.69935
-0.112556 2.70089
-0.107554 2.70237
-0.102551 2.70379
-0.0975488 2.70513
-0.0925463 2.70641
-0.0875438 2.70762
-0.0825413 2.70877
-0.0775388 2.70985
-0.0725363 2.71086
-0.0675338 2.71181
-0.0625313 2.71269
-0.0575288 2.7135
-0.0525263 2.71424
-0.0475238 2.71492
-0.0425213 2.71553
-0.0375188 2.71607
-0.0325163 2.71654
-0.0275138 2.71695
-0.0225113 2.71729
-0.0175088 2.71756
-0.0125063 2.71776
-0.00750375 2.7179
-0.00250125 2.71797
0.00250125 2.71797
0.00750375 2.7179
0.0125063 2.71776
0.0175088 2.71756
0.0225113 2.71729
0.0275138 2.71695
0.0325163 2.71654
0.0375188 2.71607
0.0425213 2.71553
0.0475238 2.71492
0.0525263 2.71424
0.0575288 2.7135
0.0625313 2.71269
0.0675338 2.71181
0.0725363 2.71086
0.0775388 2.70985
0.0825413 2.70877
0.0875438 2.70762
0.0925463 2.70641
0.0975488 2.70513
0.102551 2.70379
0.107554 2.70237
0.112556 2.70089
0.117559 2.69935
0.122561 2.69774
0.127564 2.69606
0.132566 2.69432
0.137569 2.69251
0.142571 2.69064
0.147574 2.6887
0.152576 2.6867
0.157579 2.68463
0.162581 2.6825
0.167584 2.6803
0.172586 2.67804
0.177589 2.67571
0.182591 2.67332
0.187594 2.67087
0.192596 2.66836
0.197599 2.66578
0.202601 2.66314
0.207604 2.66043
0.212606 2.65767
0.217609 2.65484
0.222611 2.65195
0.227614 2.649
0.232616 2.64599
0.237619 2.64292
0.242621 2.63978
0.247624 2.63659
0.252626 2.63334
0.257629 2.63002
0.262631 2.62665
0.267634 2.62322
0.272636 2.61973
0.277639 2.61618
0.282641 2.61257
0.287644 2.60891
0.292646 2.60519
0.297649 2.60141
0.302651 2.59757
0.307654 2.59368
0.312656 2.58973
0.317659 2.58573
0.322661 2.58167
0.327664 2.57756
0.332666 2.57339
0.337669 2.56917
0.342671 2.56489
0.347674 2.56056
0.352676 2.55618
0.357679 2.55175
0.362681 2.54726
0.367684 2.54272
0.372686 2.53813
0.377689 2.53349
0.382691 2.5288
0.387694 2.52406
0.392696 2.51927
0.397699 2.51443
0.402701 2.50954
0.407704 2.5046
0.412706 2.49962
0.417709 2.49459
0.422711 2.48951
0.427714 2.48438
0.432716 2.47921
0.437719 2.47399
0.442721 2.46873
0.447724 2.46342
0.452726 2.45807
0.457729 2.45267
0.462731 2.44723
0.467734 2.44175
0.472736 2.43623
0.477739 2.43066
0.482741 2.42505
0.487744 2.41941
0.492746 2.41372
0.497749 2.40799
0.502751 2.40222
0.507754 2.39641
0.512756 2.39057
0.517759 2.38468
0.522761 2.37876
0.527764 2.3728
0.532766 2.36681
0.537769 2.36078
0.542771 2.35471
0.547774 2.34861
0.552776 2.34247
0.557779 2.3363
0.562781 2.3301
0.567784 2.32386
0.572786 2.3176
0.577789 2.3113
0.582791 2.30496
0.587794 2.2986
0.592796 2.29221
0.597799 2.28578
0.602801 2.27933
0.607804 2.27285
0.612806 2.26634
0.617809 2.2598
0.622811 2.25323
0.627814 2.24664
0.632816 2.24002
0.637819 2.23338
0.642821 2.22671
0.647824 2.22001
0.652826 2.21329
0.657829 2.20655
0.662831 2.19978
0.667834 2.19299
0.672836 2.18618
0.677839 2.17935
0.682841 2.17249
0.687844 2.16562
0.692846 2.15872
0.697849 2.15181
0.702851 2.14487
0.707854 2.13792
0.712856 2.13095
0.717859 2.12396
0.722861 2.11695
0.727864 2.10993
0.732866 2.10289
0.737869 2.09584
0.742871 2.08877
0.747874 2.08168
0.752876 2.07459
0.757879 2.06747
0.762881 2.06035
0.767884 2.05321
0.772886 2.04606
0.777889 2.0389
0.782891 2.03172
0.787894 2.02454
0.792896 2.01734
0.797899 2.01014
0.802901 2.00292
0.807904 1.9957
0.812906 1.98847
0.817909 1.98123
0.822911 1.97398
0.827914 1.96673
0.832916 1.95947
0.837919 1.9522
0.842921 1.94493
0.847924 1.93766
0.852926 1.93037
0.857929 1.92309
0.862931 1.9158
0.867934 1.9085
0.872936 1.90121
0.877939 1.89391
0.882941 1.88661
0.887944 1.8793
0.892946 1.872
0.897949 1.8647
0.902951 1.85739
0.907954 1.85009
0.912956 1.84278
0.917959 1.83548
0.922961 1.82817
0.927964 1.82087
0.932966 1.81357
0.937969 1.80628
0.942971 1.79899
0.947974 1.7917
0.952976 1.78441
0.957979 1.77713
0.962981 1.76985
0.967984 1.76258
0.972986 1.75531
0.977989 1.74804
0.982991 1.74079
0.987994 1.73354
0.992996 1.72629
0.997999 1.71906
1.003 1.71183
1.008 1.70461
1.01301 1.69739
1.01801 1.69019
1.02301 1.68299
1.02801 1.67581
1.03302 1.66863
1.03802 1.66146
1.04302 1.6543
1.04802 1.64715
1.05303 1.64002
1.05803 1.63289
1.06303 1.62578
1.06803 1.61867
1.07304 1.61158
1.07804 1.6045
1.08304 1.59744
1.08804 1.59039
1.09305 1.58335
1.09805 1.57632
1.10305 1.5693
1.10805 1.56231
1.11306 1.55532
1.11806 1.54835
1.12306 1.54139
1.12806 1.53445
1.13307 1.52753
1.13807 1.52062
1.14307 1.51372
1.14807 1.50684
1.15308 1.49998
1.15808 1.49314
1.16308 1.48631
1.16808 1.4795
1.17309 1.4727
1.17809 1.46592
1.18309 1.45916
1.18809 1.45242
1.1931 1.4457
1.1981 1.43899
1.2031 1.4323
1.2081 1.42563
1.21311 1.41898
1.21811 1.41235
1.22311 1.40574
1.22811 1.39915
1.23312 1.39257
1.23812 1.38602
1.24312 1.37949
1.24812 1.37297
1.25313 1.36648
1.25813 1.36001
1.26313 1.35356
1.26813 1.34712
1.27314 1.34071
1.27814 1.33432
1.28314 1.32796
1.28814 1.32161
1.29315 1.31528
1.29815 1.30898
1.30315 1.30269
1.30815 1.29643
1.31316 1.2902
1.31816 1.28398
1.32316 1.27778
1.32816 1.27161
1.33317 1.26546
1.33817 1.25933
1.34317 1.25323
1.34817 1.24715
1.35318 1.24109
1.35818 1.23505
1.36318 1.22904
1.36818 1.22305
1.37319 1.21708
1.37819 1.21114
1.38319 1.20521
1.38819 1.19932
1.3932 1.19344
1.3982 1.18759
1.4032 1.18177
1.4082 1.17596
1.41321 1.17018
1.41821 1.16443
1.42321 1.1587
1.42821 1.15299
1.43322 1.14731
1.43822 1.14165
1.44322 1.13601
1.44822 1.1304
1.45323 1.12481
1.45823 1.11925
1.46323 1.11371
1.46823 1.1082
1.47324 1.10271
1.47824 1.09724
1.48324 1.0918
1.48824 1.08638
1.49325 1.08099
1.49825 1.07562
1.50325 1.07028
1.50825 1.06496
1.51326 1.05967
1.51826 1.0544
1.52326 1.04915
1.52826 1.04393
1.53327 1.03873
1.53827 1.03356
1.54327 1.02841
1.54827 1.02329
1.55328 1.01819
1.55828 1.01312
1.56328 1.00807
1.56828 1.00305
1.57329 0.998048
1.57829 0.993073
1.58329 0.988122
1.58829 0.983196
1.5933 0.978294
1.5983 0.973418
1.6033 0.968565
1.6083 0.963737
1.61331 0.958934
1.61831 0.954155
1.62331 0.9494
1.62831 0.94467
1.63332 0.939965
1.63832 0.935283
1.64332 0.930626
1.64832 0.925994
1.65333 0.921385
1.65833 0.916801
1.66333 0.912242
1.66833 0.907706
1.67334 0.903195
1.67834 0.898708
1.68334 0.894245
1.68834 0.889806
1.69335 0.885391
1.69835 0.881
1.70335 0.876633
1.70835 0.872291
1.71336 0.867972
1.71836 0.863677
1.72336 0.859405
1.72836 0.855158
1.73337 0.850934
1.73837 0.846734
1.74337 0.842558
1.74837 0.838406
1.75338 0.834277
1.75838 0.830171
1.76338 0.826089
1.76838 0.822031
1.77339 0.817996
1.77839 0.813984
1.78339 0.809996
1.78839 0.806031
1.7934 0.802089
1.7984 0.798171
1.8034 0.794275
1.8084 0.790403
1.81341 0.786554
1.81841 0.782727
1.82341 0.778924
1.82841 0.775143
1.83342 0.771386
1.83842 0.767651
1.84342 0.763939
1.84842 0.760249
1.85343 0.756582
1.85843 0.752938
1.86343 0.749316
1.86843 0.745717
1.87344 0.74214
1.87844 0.738586
1.88344 0.735054
1.88844 0.731544
1.89345 0.728056
1.89845 0.724591
1.90345 0.721147
1.90845 0.717726
1.91346 0.714327
1.91846 0.710949
1.92346 0.707593
1.92846 0.70426
1.93347 0.700948
1.93847 0.697657
1.94347 0.694389
1.94847 0.691141
1.95348 0.687916
1.95848 0.684712
1.96348 0.681529
1.96848 0.678367
1.97349 0.675227
1.97849 0.672108
1.98349 0.669011
1.98849 0.665934
1.9935 0.662878
1.9985 0.659844
2.0035 0.65683
2.0085 0.653837
2.01351 0.650865
2.01851 0.647914
2.02351 0.644984
2.02851 0.642074
2.03352 0.639184
2.03852 0.636315
2.04352 0.633467
2.04852 0.630639
2.05353 0.627831
2.05853 0.625043
2.06353 0.622276
2.06853 0.619528
2.07354 0.616801
2.07854 0.614094
2.08354 0.611406
2.08854 0.608739
2.09355 0.606091
2.09855 0.603463
2.10355 0.600854
2.10855 0.598265
2.11356 0.595696
2.11856 0.593146
2.12356 0.590615
2.12856 0.588104
2.13357 0.585612
2.13857 0.583139
2.14357 0.580685
2.14857 0.578251
2.15358 0.575835
2.15858 0.573438
2.16358 0.571059
2.16858 0.5687
2.17359 0.566359
2.17859 0.564037
2.18359 0.561733
2.18859 0.559448
2.1936 0.557181
2.1986 0.554932
2.2036 0.552701
2.2086 0.550489
2.21361 0.548294
2.21861 0.546118
2.22361 0.543959
2.22861 0.541818
2.23362 0.539695
2.23862 0.53759
2.24362 0.535502
2.24862 0.533432
2.25363 0.531379
2.25863 0.529343
2.26363 0.527325
2.26863 0.525323
2.27364 0.523339
2.27864 0.521372
2.28364 0.519421
2.28864 0.517488
2.29365 0.515571
2.29865 0.513671
2.30365 0.511787
2.30865 0.50992
2.31366 0.508069
2.31866 0.506234
2.32366 0.504416
2.32866 0.502613
2.33367 0.500827
2.33867 0.499056
2.34367 0.497302
2.34867 0.495563
2.35368 0.493839
2.35868 0.492132
2.36368 0.490439
2.36868 0.488762
2.37369 0.487101
2.37869 0.485454
2.38369 0.483822
2.38869 0.482206
2.3937 0.480604
2.3987 0.479017
2.4037 0.477445
2.4087 0.475887
2.41371 0.474344
2.41871 0.472815
2.42371 0.471301
2.42871 0.4698
2.43372 0.468314
2.43872 0.466842
2.44372 0.465383
2.44872 0.463939
2.45373 0.462508
2.45873 0.46109
2.46373 0.459686
2.46873 0.458296
2.47374 0.456918
2.47874 0.455554
2.48374 0.454203
2.48874 0.452865
2.49375 0.45154
2.49875 0.450227
2.50375 0.448928
2.50875 0.44764
2.51376 0.446366
2.51876 0.445103
2.52376 0.443853
2.52876 0.442615
2.53377 0.441389
2.53877 0.440175
2.54377 0.438973
2.54877 0.437783
2.55378 0.436604
2.55878 0.435437
2.56378 0.434281
2.56878 0.433137
2.57379 0.432004
2.57879 0.430882
2.58379 0.429771
2.58879 0.428671
2.5938 0.427582
2.5988 0.426504
2.6038 0.425437
2.6088 0.42438
2.61381 0.423333
2.61881 0.422298
2.62381 0.421272
2.62881 0.420257
2.63382 0.419251
2.63882 0.418256
2.64382 0.417271
2.64882 0.416296
2.65383 0.41533
2.65883 0.414375
2.66383 0.413429
2.66883 0.412492
2.67384 0.411565
2.67884 0.410647
2.68384 0.409739
2.68884 0.40884
2.69385 0.40795
2.69885 0.40707
2.70385 0.406198
2.70885 0.405335
2.71386 0.404481
2.71886 0.403637
2.72386 0.4028
2.72886 0.401973
2.73387 0.401154
2.73887 0.400344
2.74387 0.399542
2.74887 0.398749
2.75388 0.397965
2.75888 0.397189
2.76388 0.396421
2.76888 0.395661
2.77389 0.39491
2.77889 0.394167
2.78389 0.393432
2.78889 0.392705
2.7939 0.391986
2.7989 0.391276
2.8039 0.390573
2.8089 0.389879
2.81391 0.389192
2.81891 0.388514
2.82391 0.387844
2.82891 0.387181
2.83392 0.386526
2.83892 0.38588
2.84392 0.385241
2.84892 0.38461
2.85393 0.383987
2.85893 0.383372
2.86393 0.382765
2.86893 0.382166
2.87394 0.381575
2.87894 0.380992
2.88394 0.380416
2.88894 0.379849
2.89395 0.37929
2.89895 0.378739
2.90395 0.378195
2.90895 0.37766
2.91396 0.377133
2.91896 0.376614
2.92396 0.376104
2.92896 0.375601
2.93397 0.375107
2.93897 0.374621
2.94397 0.374144
2.94897 0.373674
2.95398 0.373214
2.95898 0.372762
2.96398 0.372318
2.96898 0.371884
2.97399 0.371457
2.97899 0.37104
2.98399 0.370632
2.98899 0.370232
2.994 0.369842
2.999 0.369461
3.004 0.369089
3.009 0.368726
3.01401 0.368373
3.01901 0.368029
3.02401 0.367694
3.02901 0.36737
3.03402 0.367055
3.03902 0.36675
3.04402 0.366455
3.04902 0.36617
3.05403 0.365895
3.05903 0.365631
3.06403 0.365377
3.06903 0.365134
3.07404 0.364901
3.07904 0.364679
3.08404 0.364468
3.08904 0.364268
3.09405 0.364079
3.09905 0.363902
3.10405 0.363736
3.10905 0.363581
3.11406 0.363439
3.11906 0.363308
3.12406 0.363189
3.12906 0.363082
3.13407 0.362987
3.13907 0.362905
3.14407 0.362835
3.14907 0.362778
3.15408 0.362734
3.15908 0.362703
3.16408 0.362685
3.16908 0.36268
3.17409 0.362689
3.17909 0.362711
3.18409 0.362746
3.18909 0.362796
3.1941 0.36286
3.1991 0.362937
3.2041 0.363029
3.2091 0.363135
3.21411 0.363256
3.21911 0.363392
3.22411 0.363542
3.22911 0.363707
3.23412 0.363888
3.23912 0.364083
3.24412 0.364294
3.24912 0.364521
3.25413 0.364763
3.25913 0.36502
3.26413 0.365294
3.26913 0.365584
3.27414 0.365889
3.27914 0.366211
3.28414 0.366549
3.28914 0.366904
3.29415 0.367275
3.29915 0.367663
3.30415 0.368067
3.30915 0.368489
3.31416 0.368927
3.31916 0.369382
3.32416 0.369854
3.32916 0.370344
3.33417 0.37085
3.33917 0.371374
3.34417 0.371916
3.34917 0.372474
3.35418 0.37305
3.35918 0.373644
3.36418 0.374254
3.36918 0.374883
3.37419 0.375529
3.37919 0.376192
3.38419 0.376873
3.38919 0.377572
3.3942 0.378288
3.3992 0.379022
3.4042 0.379773
3.4092 0.380542
3.41421 0.381328
3.41921 0.382132
3.42421 0.382952
3.42921 0.38379
3.43422 0.384646
3.43922 0.385518
3.44422 0.386407
3.44922 0.387314
3.45423 0.388237
3.45923 0.389177
3.46423 0.390133
3.46923 0.391105
3.47424 0.392094
3.47924 0.393099
3.48424 0.39412
3.48924 0.395157
3.49425 0.396209
3.49925 0.397276
3.50425 0.398359
3.50925 0.399456
3.51426 0.400568
3.51926 0.401695
3.52426 0.402835
3.52926 0.40399
3.53427 0.405158
3.53927 0.406339
3.54427 0.407533
3.54927 0.40874
3.55428 0.409959
3.55928 0.41119
3.56428 0.412433
3.56928 0.413687
3.57429 0.414952
3.57929 0.416227
3.58429 0.417512
3.58929 0.418808
3.5943 0.420112
3.5993 0.421425
3.6043 0.422746
3.6093 0.424076
3.61431 0.425412
3.61931 0.426756
3.62431 0.428106
3.62931 0.429462
3.63432 0.430824
3.63932 0.43219
3.64432 0.433561
3.64932 0.434935
3.65433 0.436313
3.65933 0.437694
3.66433 0.439076
3.66933 0.44046
3.67434 0.441845
3.67934 0.443231
3.68434 0.444616
3.68934 0.446
3.69435 0.447382
3.69935 0.448763
3.70435 0.45014
3.70935 0.451514
3.71436 0.452884
3.71936 0.45425
3.72436 0.455609
3.72936 0.456963
3.73437 0.458309
3.73937 0.459649
3.74437 0.46098
3.74937 0.462302
3.75438 0.463614
3.75938 0.464917
3.76438 0.466208
3.76938 0.467488
3.77439 0.468755
3.77939 0.47001
3.78439 0.47125
3.78939 0.472476
3.7944 0.473688
3.7994 0.474883
3.8044 0.476062
3.8094 0.477224
3.81441 0.478368
3.81941 0.479494
3.82441 0.4806
3.82941 0.481687
3.83442 0.482754
3.83942 0.4838
3.84442 0.484824
3.84942 0.485826
3.85443 0.486805
3.85943 0.487761
3.86443 0.488693
3.86943 0.489601
3.87444 0.490485
3.87944 0.491343
3.88444 0.492175
3.88944 0.492981
3.89445 0.49376
3.89945 0.494513
3.90445 0.495238
3.90945 0.495935
3.91446 0.496605
3.91946 0.497246
3.92446 0.497859
3.92946 0.498443
3.93447 0.498999
3.93947 0.499525
3.94447 0.500023
3.94947 0.500491
3.95448 0.500931
3.95948 0.501341
3.96448 0.501723
3.96948 0.502075
3.97449 0.502399
3.97949 0.502695
3.98449 0.502963
3.98949 0.503203
3.9945 0.503415
3.9995 0.503601
4.0045 0.50376
4.0095 0.503893
4.01451 0.504001
4.01951 0.504085
4.02451 0.504145
4.02951 0.504182
4.03452 0.504198
4.03952 0.504192
4.04452 0.504166
4.04952 0.504122
4.05453 0.50406
4.05953 0.503981
4.06453 0.503888
4.06953 0.503782
4.07454 0.503663
4.07954 0.503534
4.08454 0.503397
4.08954 0.503253
4.09455 0.503104
4.09955 0.502952
4.10455 0.5028
4.10955 0.502649
4.11456 0.502501
4.11956 0.50236
4.12456 0.502228
4.12956 0.502107
4.13457 0.501999
4.13957 0.501909
4.14457 0.501839
4.14957 0.501791
4.15458 0.501769
4.15958 0.501776
4.16458 0.501817
4.16958 0.501893
4.17459 0.502009
4.17959 0.502169
4.18459 0.502376
4.18959 0.502634
4.1946 0.502949
4.1996 0.503323
4.2046 0.503761
4.2096 0.504268
4.21461 0.504848
4.21961 0.505506
4.22461 0.506248
4.22961 0.507077
4.23462 0.508
4.23962 0.509021
4.24462 0.510146
4.24962 0.511381
4.25463 0.51273
4.25963 0.5142
4.26463 0.515798
4.26963 0.517528
4.27464 0.519397
4.27964 0.521412
4.28464 0.523578
4.28964 0.525903
4.29465 0.528393
4.29965 0.531055
4.30465 0.533896
4.30965 0.536922
4.31466 0.540142
4.31966 0.543562
4.32466 0.547189
4.32966 0.551032
4.33467 0.555097
4.33967 0.559393
4.34467 0.563927
4.34967 0.568707
4.35468 0.573741
4.35968 0.579037
4.36468 0.584603
4.36968 0.590448
4.37469 0.596579
4.37969 0.603005
4.38469 0.609734
4.38969 0.616775
4.3947 0.624136
4.3997 0.631826
4.4047 0.639853
4.4097 0.648225
4.41471 0.656951
4.41971 0.66604
4.42471 0.6755
4.42971 0.685339
4.43472 0.695566
4.43972 0.70619
4.44472 0.717218
4.44972 0.728659
4.45473 0.74052
4.45973 0.752811
4.46473 0.765539
4.46973 0.778711
4.47474 0.792336
4.47974 0.806421
4.48474 0.820973
4.48974 0.835999
4.49475 0.851506
4.49975 0.867501
4.50475 0.883991
4.50975 0.90098
4.51476 0.918476
4.51976 0.936483
4.52476 0.955008
4.52976 0.974054
4.53477 0.993625
4.53977 1.01373
4.54477 1.03436
4.54977 1.05553
4.55478 1.07724
4.55978 1.0995
4.56478 1.12229
4.56978 1.14563
4.57479 1.16951
4.57979 1.19393
4.58479 1.2189
4.58979 1.24441
4.5948 1.27045
4.5998 1.29703
4.6048 1.32413
4.6098 1.35176
4.61481 1.37991
4.61981 1.40857
4.62481 1.43773
4.62981 1.46738
4.63482 1.49752
4.63982 1.52813
4.64482 1.5592
4.64982 1.59071
4.65483 1.62264
4.65983 1.65499
4.66483 1.68774
4.66983 1.72085
4.67484 1.75432
4.67984 1.78811
4.68484 1.82221
4.68984 1.85659
4.69485 1.89121
4.69985 1.92605
4.70485 1.96107
4.70985 1.99625
4.71486 2.03154
4.71986 2.0669
4.72486 2.1023
4.72986 2.13768
4.73487 2.17301
4.73987 2.20823
4.74487 2.2433
4.74987 2.27815
4.75488 2.31273
4.75988 2.34698
4.76488 2.38084
4.76988 2.41424
4.77489 2.44711
4.77989 2.47937
4.78489 2.51096
4.78989 2.54178
4.7949 2.57176
4.7999 2.6008
4.8049 2.62882
4.8099 2.65571
4.81491 2.68138
4.81991 2.70572
4.82491 2.72862
4.82991 2.74996
4.83492 2.76963
4.83992 2.78751
4.84492 2.80345
4.84992 2.81732
4.85493 2.82899
4.85993 2.83831
4.86493 2.84512
4.86993 2.84927
4.87494 2.85059
4.87994 2.84891
4.88494 2.84405
4.88994 2.83583
4.89495 2.82405
4.89995 2.80851
4.90495 2.78902
4.90995 2.76534
4.91496 2.73727
4.91996 2.70457
4.92496 2.667
4.92996 2.62431
4.93497 2.57625
4.93997 2.52255
4.94497 2.46294
4.94997 2.39713
4.95498 2.32483
4.95998 2.24572
4.96498 2.15951
4.96998 2.06585
4.97499 1.96442
4.97999 1.85486
4.98499 1.73682
4.98999 1.60991
4.995 1.47377
5 1.32798
