-5 1.32798
-4.995 1.32323
-4.98999 1.32141
-4.98499 1.32216
-4.97999 1.3251
-4.97499 1.32992
-4.96998 1.3363
-4.96498 1.34397
-4.95998 1.35268
-4.95498 1.3622
-4.94997 1.37233
-4.94497 1.38287
-4.93997 1.39366
-4.93497 1.40455
-4.92996 1.4154
-4.92496 1.42608
-4.91996 1.4365
-4.91496 1.44656
-4.90995 1.45617
-4.90495 1.46527
-4.89995 1.47379
-4.89495 1.48168
-4.88994 1.4889
-4.88494 1.49541
-4.87994 1.50118
-4.87494 1.5062
-4.86993 1.51045
-4.86493 1.51392
-4.85993 1.51659
-4.85493 1.51848
-4.84992 1.51959
-4.84492 1.51992
-4.83992 1.51949
-4.83492 1.5183
-4.82991 1.51637
-4.82491 1.51373
-4.81991 1.51039
-4.81491 1.50637
-4.8099 1.50171
-4.8049 1.49641
-4.7999 1.49051
-4.7949 1.48404
-4.78989 1.47701
-4.78489 1.46947
-4.77989 1.46143
-4.77489 1.45293
-4.76988 1.44398
-4.76488 1.43463
-4.75988 1.4249
-4.75488 1.41481
-4.74987 1.4044
-4.74487 1.39368
-4.73987 1.38269
-4.73487 1.37145
-4.72986 1.35999
-4.72486 1.34832
-4.71986 1.33648
-4.71486 1.32449
-4.70985 1.31237
-4.70485 1.30013
-4.69985 1.28781
-4.69485 1.27542
-4.68984 1.26297
-4.68484 1.2505
-4.67984 1.23801
-4.67484 1.22552
-4.66983 1.21305
-4.66483 1.20061
-4.65983 1.18821
-4.65483 1.17588
-4.64982 1.16361
-4.64482 1.15143
-4.63982 1.13935
-4.63482 1.12736
-4.62981 1.1155
-4.62481 1.10375
-4.61981 1.09213
-4.61481 1.08066
-4.6098 1.06932
-4.6048 1.05814
-4.5998 1.04711
-4.5948 1.03625
-4.58979 1.02555
-4.58479 1.01502
-4.57979 1.00466
-4.57479 0.994473
-4.56978 0.984467
-4.56478 0.97464
-4.55978 0.964995
-4.55478 0.955531
-4.54977 0.94625
-4.54477 0.937152
-4.53977 0.928236
-4.53477 0.919503
-4.52976 0.910952
-4.52476 0.902582
-4.51976 0.894391
-4.51476 0.886378
-4.50975 0.878542
-4.50475 0.87088
-4.49975 0.86339
-4.49475 0.85607
-4.48974 0.848918
-4.48474 0.84193
-4.47974 0.835105
-4.47474 0.828438
-4.46973 0.821928
-4.46473 0.815571
-4.45973 0.809363
-4.45473 0.803303
-4.44972 0.797385
-4.44472 0.791607
-4.43972 0.785966
-4.43472 0.780458
-4.42971 0.775079
-4.42471 0.769826
-4.41971 0.764695
-4.41471 0.759684
-4.4097 0.754788
-4.4047 0.750004
-4.3997 0.745328
-4.3947 0.740758
-4.38969 0.736289
-4.38469 0.731919
-4.37969 0.727643
-4.37469 0.72346
-4.36968 0.719364
-4.36468 0.715354
-4.35968 0.711427
-4.35468 0.707578
-4.34967 0.703806
-4.34467 0.700106
-4.33967 0.696478
-4.33467 0.692916
-4.32966 0.68942
-4.32466 0.685986
-4.31966 0.682611
-4.31466 0.679294
-4.30965 0.676031
-4.30465 0.672821
-4.29965 0.66966
-4.29465 0.666548
-4.28964 0.663482
-4.28464 0.660459
-4.27964 0.657478
-4.27464 0.654536
-4.26963 0.651633
-4.26463 0.648766
-4.25963 0.645934
-4.25463 0.643134
-4.24962 0.640367
-4.24462 0.637629
-4.23962 0.63492
-4.23462 0.632238
-4.22961 0.629582
-4.22461 0.626951
-4.21961 0.624343
-4.21461 0.621758
-4.2096 0.619195
-4.2046 0.616653
-4.1996 0.61413
-4.1946 0.611626
-4.18959 0.60914
-4.18459 0.606672
-4.17959 0.60422
-4.17459 0.601785
-4.16958 0.599364
-4.16458 0.596959
-4.15958 0.594568
-4.15458 0.592191
-4.14957 0.589828
-4.14457 0.587477
-4.13957 0.585139
-4.13457 0.582814
-4.12956 0.580501
-4.12456 0.5782
-4.11956 0.57591
-4.11456 0.573632
-4.10955 0.571366
-4.10455 0.56911
-4.09955 0.566866
-4.09455 0.564632
-4.08954 0.56241
-4.08454 0.560198
-4.07954 0.557997
-4.07454 0.555807
-4.06953 0.553628
-4.06453 0.551459
-4.05953 0.549302
-4.05453 0.547155
-4.04952 0.545019
-4.04452 0.542895
-4.03952 0.540781
-4.03452 0.538679
-4.02951 0.536588
-4.02451 0.534508
-4.01951 0.53244
-4.01451 0.530383
-4.0095 0.528338
-4.0045 0.526305
-3.9995 0.524284
-3.9945 0.522275
-3.98949 0.520278
-3.98449 0.518294
-3.97949 0.516322
-3.97449 0.514363
-3.96948 0.512416
-3.96448 0.510483
-3.95948 0.508562
-3.95448 0.506655
-3.94947 0.50476
-3.94447 0.502879
-3.93947 0.501012
-3.93447 0.499158
-3.92946 0.497318
-3.92446 0.495492
-3.91946 0.493679
-3.91446 0.491881
-3.90945 0.490097
-3.90445 0.488327
-3.89945 0.486571
-3.89445 0.484829
-3.88944 0.483102
-3.88444 0.48139
-3.87944 0.479692
-3.87444 0.478009
-3.86943 0.47634
-3.86443 0.474687
-3.85943 0.473048
-3.85443 0.471423
-3.84942 0.469814
-3.84442 0.46822
-3.83942 0.46664
-3.83442 0.465075
-3.82941 0.463526
-3.82441 0.461991
-3.81941 0.460471
-3.81441 0.458966
-3.8094 0.457477
-3.8044 0.456002
-3.7994 0.454541
-3.7944 0.453096
-3.78939 0.451666
-3.78439 0.450251
-3.77939 0.44885
-3.77439 0.447464
-3.76938 0.446093
-3.76438 0.444737
-3.75938 0.443395
-3.75438 0.442068
-3.74937 0.440755
-3.74437 0.439457
-3.73937 0.438173
-3.73437 0.436903
-3.72936 0.435648
-3.72436 0.434407
-3.71936 0.433181
-3.71436 0.431968
-3.70935 0.430769
-3.70435 0.429585
-3.69935 0.428414
-3.69435 0.427256
-3.68934 0.426113
-3.68434 0.424983
-3.67934 0.423867
-3.67434 0.422764
-3.66933 0.421675
-3.66433 0.420598
-3.65933 0.419535
-3.65433 0.418485
-3.64932 0.417448
-3.64432 0.416424
-3.63932 0.415413
-3.63432 0.414415
-3.62931 0.413429
-3.62431 0.412456
-3.61931 0.411495
-3.61431 0.410547
-3.6093 0.40961
-3.6043 0.408687
-3.5993 0.407775
-3.5943 0.406875
-3.58929 0.405987
-3.58429 0.405112
-3.57929 0.404247
-3.57429 0.403395
-3.56928 0.402554
-3.56428 0.401725
-3.55928 0.400907
-3.55428 0.400101
-3.54927 0.399306
-3.54427 0.398522
-3.53927 0.397749
-3.53427 0.396988
-3.52926 0.396237
-3.52426 0.395497
-3.51926 0.394769
-3.51426 0.394051
-3.50925 0.393343
-3.50425 0.392647
-3.49925 0.391961
-3.49425 0.391285
-3.48924 0.39062
-3.48424 0.389966
-3.47924 0.389322
-3.47424 0.388688
-3.46923 0.388064
-3.46423 0.387451
-3.45923 0.386848
-3.45423 0.386254
-3.44922 0.385671
-3.44422 0.385098
-3.43922 0.384535
-3.43422 0.383982
-3.42921 0.383438
-3.42421 0.382905
-3.41921 0.382381
-3.41421 0.381867
-3.4092 0.381363
-3.4042 0.380868
-3.3992 0.380383
-3.3942 0.379908
-3.38919 0.379442
-3.38419 0.378986
-3.37919 0.378539
-3.37419 0.378102
-3.36918 0.377675
-3.36418 0.377256
-3.35918 0.376848
-3.35418 0.376448
-3.34917 0.376058
-3.34417 0.375678
-3.33917 0.375306
-3.33417 0.374944
-3.32916 0.374591
-3.32416 0.374248
-3.31916 0.373914
-3.31416 0.373589
-3.30915 0.373273
-3.30415 0.372967
-3.29915 0.37267
-3.29415 0.372382
-3.28914 0.372103
-3.28414 0.371834
-3.27914 0.371573
-3.27414 0.371322
-3.26913 0.37108
-3.26413 0.370847
-3.25913 0.370624
-3.25413 0.370409
-3.24912 0.370204
-3.24412 0.370008
-3.23912 0.369821
-3.23412 0.369643
-3.22911 0.369474
-3.22411 0.369314
-3.21911 0.369164
-3.21411 0.369022
-3.2091 0.36889
-3.2041 0.368767
-3.1991 0.368653
-3.1941 0.368549
-3.18909 0.368453
-3.18409 0.368367
-3.17909 0.368289
-3.17409 0.368221
-3.16908 0.368162
-3.16408 0.368113
-3.15908 0.368072
-3.15408 0.368041
-3.14907 0.368018
-3.14407 0.368005
-3.13907 0.368002
-3.13407 0.368007
-3.12906 0.368022
-3.12406 0.368045
-3.11906 0.368078
-3.11406 0.368121
-3.10905 0.368172
-3.10405 0.368233
-3.09905 0.368303
-3.09405 0.368382
-3.08904 0.368471
-3.08404 0.368569
-3.07904 0.368676
-3.07404 0.368792
-3.06903 0.368918
-3.06403 0.369053
-3.05903 0.369197
-3.05403 0.369351
-3.04902 0.369514
-3.04402 0.369686
-3.03902 0.369868
-3.03402 0.370059
-3.02901 0.37026
-3.02401 0.37047
-3.01901 0.370689
-3.01401 0.370918
-3.009 0.371156
-3.004 0.371404
-2.999 0.371661
-2.994 0.371928
-2.98899 0.372204
-2.98399 0.37249
-2.97899 0.372785
-2.97399 0.37309
-2.96898 0.373404
-2.96398 0.373728
-2.95898 0.374062
-2.95398 0.374405
-2.94897 0.374757
-2.94397 0.37512
-2.93897 0.375492
-2.93397 0.375873
-2.92896 0.376265
-2.92396 0.376666
-2.91896 0.377077
-2.91396 0.377497
-2.90895 0.377928
-2.90395 0.378368
-2.89895 0.378817
-2.89395 0.379277
-2.88894 0.379747
-2.88394 0.380226
-2.87894 0.380715
-2.87394 0.381215
-2.86893 0.381724
-2.86393 0.382243
-2.85893 0.382772
-2.85393 0.383311
-2.84892 0.38386
-2.84392 0.384419
-2.83892 0.384988
-2.83392 0.385568
-2.82891 0.386157
-2.82391 0.386757
-2.81891 0.387366
-2.81391 0.387986
-2.8089 0.388616
-2.8039 0.389257
-2.7989 0.389908
-2.7939 0.390569
-2.78889 0.39124
-2.78389 0.391922
-2.77889 0.392614
-2.77389 0.393317
-2.76888 0.39403
-2.76388 0.394753
-2.75888 0.395487
-2.75388 0.396232
-2.74887 0.396987
-2.74387 0.397753
-2.73887 0.39853
-2.73387 0.399317
-2.72886 0.400115
-2.72386 0.400924
-2.71886 0.401744
-2.71386 0.402574
-2.70885 0.403416
-2.70385 0.404268
-2.69885 0.405131
-2.69385 0.406006
-2.68884 0.406891
-2.68384 0.407788
-2.67884 0.408695
-2.67384 0.409614
-2.66883 0.410544
-2.66383 0.411485
-2.65883 0.412438
-2.65383 0.413402
-2.64882 0.414377
-2.64382 0.415364
-2.63882 0.416362
-2.63382 0.417371
-2.62881 0.418393
-2.62381 0.419426
-2.61881 0.42047
-2.61381 0.421527
-2.6088 0.422595
-2.6038 0.423674
-2.5988 0.424766
-2.5938 0.42587
-2.58879 0.426985
-2.58379 0.428113
-2.57879 0.429253
-2.57379 0.430405
-2.56878 0.431569
-2.56378 0.432745
-2.55878 0.433933
-2.55378 0.435134
-2.54877 0.436347
-2.54377 0.437573
-2.53877 0.438811
-2.53377 0.440062
-2.52876 0.441325
-2.52376 0.442601
-2.51876 0.44389
-2.51376 0.445191
-2.50875 0.446506
-2.50375 0.447833
-2.49875 0.449173
-2.49375 0.450526
-2.48874 0.451892
-2.48374 0.453272
-2.47874 0.454664
-2.47374 0.45607
-2.46873 0.45749
-2.46373 0.458922
-2.45873 0.460368
-2.45373 0.461828
-2.44872 0.463301
-2.44372 0.464788
-2.43872 0.466288
-2.43372 0.467802
-2.42871 0.469331
-2.42371 0.470873
-2.41871 0.472428
-2.41371 0.473998
-2.4087 0.475583
-2.4037 0.477181
-2.3987 0.478793
-2.3937 0.48042
-2.38869 0.482061
-2.38369 0.483717
-2.37869 0.485387
-2.37369 0.487072
-2.36868 0.488771
-2.36368 0.490485
-2.35868 0.492214
-2.35368 0.493958
-2.34867 0.495717
-2.34367 0.49749
-2.33867 0.499279
-2.33367 0.501083
-2.32866 0.502902
-2.32366 0.504737
-2.31866 0.506587
-2.31366 0.508452
-2.30865 0.510333
-2.30365 0.512229
-2.29865 0.514141
-2.29365 0.516069
-2.28864 0.518012
-2.28364 0.519972
-2.27864 0.521947
-2.27364 0.523939
-2.26863 0.525946
-2.26363 0.52797
-2.25863 0.53001
-2.25363 0.532067
-2.24862 0.53414
-2.24362 0.536229
-2.23862 0.538335
-2.23362 0.540457
-2.22861 0.542597
-2.22361 0.544753
-2.21861 0.546926
-2.21361 0.549116
-2.2086 0.551323
-2.2036 0.553547
-2.1986 0.555789
-2.1936 0.558048
-2.18859 0.560324
-2.18359 0.562617
-2.17859 0.564928
-2.17359 0.567257
-2.16858 0.569603
-2.16358 0.571967
-2.15858 0.574349
-2.15358 0.576749
-2.14857 0.579167
-2.14357 0.581603
-2.13857 0.584058
-2.13357 0.58653
-2.12856 0.589021
-2.12356 0.59153
-2.11856 0.594058
-2.11356 0.596604
-2.10855 0.599169
-2.10355 0.601753
-2.09855 0.604355
-2.09355 0.606977
-2.08854 0.609617
-2.08354 0.612277
-2.07854 0.614956
-2.07354 0.617654
-2.06853 0.620371
-2.06353 0.623108
-2.05853 0.625864
-2.05353 0.628639
-2.04852 0.631435
-2.04352 0.63425
-2.03852 0.637085
-2.03352 0.63994
-2.02851 0.642814
-2.02351 0.645709
-2.01851 0.648624
-2.01351 0.651559
-2.0085 0.654515
-2.0035 0.657491
-1.9985 0.660487
-1.9935 0.663504
-1.98849 0.666541
-1.98349 0.6696
-1.97849 0.672678
-1.97349 0.675778
-1.96848 0.678899
-1.96348 0.682041
-1.95848 0.685204
-1.95348 0.688388
-1.94847 0.691593
-1.94347 0.69482
-1.93847 0.698068
-1.93347 0.701337
-1.92846 0.704628
-1.92346 0.707941
-1.91846 0.711276
-1.91346 0.714632
-1.90845 0.71801
-1.90345 0.72141
-1.89845 0.724832
-1.89345 0.728276
-1.88844 0.731743
-1.88344 0.735231
-1.87844 0.738742
-1.87344 0.742275
-1.86843 0.745831
-1.86343 0.749409
-1.85843 0.75301
-1.85343 0.756634
-1.84842 0.76028
-1.84342 0.763949
-1.83842 0.767641
-1.83342 0.771356
-1.82841 0.775094
-1.82341 0.778855
-1.81841 0.782639
-1.81341 0.786446
-1.8084 0.790277
-1.8034 0.794131
-1.7984 0.798008
-1.7934 0.801909
-1.78839 0.805833
-1.78339 0.809781
-1.77839 0.813753
-1.77339 0.817748
-1.76838 0.821767
-1.76338 0.825809
-1.75838 0.829876
-1.75338 0.833967
-1.74837 0.838081
-1.74337 0.84222
-1.73837 0.846382
-1.73337 0.850569
-1.72836 0.85478
-1.72336 0.859015
-1.71836 0.863274
-1.71336 0.867558
-1.70835 0.871866
-1.70335 0.876198
-1.69835 0.880555
-1.69335 0.884936
-1.68834 0.889342
-1.68334 0.893773
-1.67834 0.898228
-1.67334 0.902707
-1.66833 0.907211
-1.66333 0.91174
-1.65833 0.916294
-1.65333 0.920873
-1.64832 0.925476
-1.64332 0.930104
-1.63832 0.934757
-1.63332 0.939435
-1.62831 0.944137
-1.62331 0.948865
-1.61831 0.953617
-1.61331 0.958395
-1.6083 0.963197
-1.6033 0.968025
-1.5983 0.972877
-1.5933 0.977754
-1.58829 0.982657
-1.58329 0.987584
-1.57829 0.992537
-1.57329 0.997514
-1.56828 1.00252
-1.56328 1.00754
-1.55828 1.0126
-1.55328 1.01767
-1.54827 1.02278
-1.54327 1.0279
-1.53827 1.03306
-1.53327 1.03823
-1.52826 1.04344
-1.52326 1.04866
-1.51826 1.05392
-1.51326 1.05919
-1.50825 1.0645
-1.50325 1.06982
-1.49825 1.07518
-1.49325 1.08055
-1.48824 1.08595
-1.48324 1.09138
-1.47824 1.09683
-1.47324 1.10231
-1.46823 1.10781
-1.46323 1.11333
-1.45823 1.11888
-1.45323 1.12446
-1.44822 1.13005
-1.44322 1.13568
-1.43822 1.14132
-1.43322 1.147
-1.42821 1.15269
-1.42321 1.15841
-1.41821 1.16416
-1.41321 1.16992
-1.4082 1.17572
-1.4032 1.18153
-1.3982 1.18737
-1.3932 1.19323
-1.38819 1.19912
-1.38319 1.20503
-1.37819 1.21097
-1.37319 1.21692
-1.36818 1.2229
-1.36318 1.22891
-1.35818 1.23494
-1.35318 1.24099
-1.34817 1.24706
-1.34317 1.25316
-1.33817 1.25927
-1.33317 1.26541
-1.32816 1.27158
-1.32316 1.27776
-1.31816 1.28397
-1.31316 1.2902
-1.30815 1.29646
-1.30315 1.30273
-1.29815 1.30902
-1.29315 1.31534
-1.28814 1.32168
-1.28314 1.32804
-1.27814 1.33442
-1.27314 1.34082
-1.26813 1.34725
-1.26313 1.35369
-1.25813 1.36015
-1.25313 1.36664
-1.24812 1.37314
-1.24312 1.37967
-1.23812 1.38621
-1.23312 1.39278
-1.22811 1.39936
-1.22311 1.40596
-1.21811 1.41259
-1.21311 1.41923
-1.2081 1.42589
-1.2031 1.43256
-1.1981 1.43926
-1.1931 1.44598
-1.18809 1.45271
-1.18309 1.45946
-1.17809 1.46623
-1.17309 1.47301
-1.16808 1.47981
-1.16308 1.48663
-1.15808 1.49347
-1.15308 1.50032
-1.14807 1.50719
-1.14307 1.51407
-1.13807 1.52097
-1.13307 1.52789
-1.12806 1.53482
-1.12306 1.54176
-1.11806 1.54872
-1.11306 1.5557
-1.10805 1.56268
-1.10305 1.56969
-1.09805 1.5767
-1.09305 1.58373
-1.08804 1.59077
-1.08304 1.59783
-1.07804 1.60489
-1.07304 1.61197
-1.06803 1.61907
-1.06303 1.62617
-1.05803 1.63328
-1.05303 1.64041
-1.04802 1.64754
-1.04302 1.65469
-1.03802 1.66185
-1.03302 1.66901
-1.02801 1.67619
-1.02301 1.68337
-1.01801 1.69056
-1.01301 1.69777
-1.008 1.70498
-1.003 1.71219
-0.997999 1.71942
-0.992996 1.72665
-0.987994 1.73389
-0.982991 1.74113
-0.977989 1.74838
-0.972986 1.75564
-0.967984 1.7629
-0.962981 1.77017
-0.957979 1.77744
-0.952976 1.78472
-0.947974 1.792
-0.942971 1.79928
-0.937969 1.80657
-0.932966 1.81385
-0.927964 1.82115
-0.922961 1.82844
-0.917959 1.83573
-0.912956 1.84303
-0.907954 1.85032
-0.902951 1.85762
-0.897949 1.86492
-0.892946 1.87221
-0.887944 1.87951
-0.882941 1.8868
-0.877939 1.89409
-0.872936 1.90138
-0.867934 1.90867
-0.862931 1.91595
-0.857929 1.92323
-0.852926 1.93051
-0.847924 1.93778
-0.842921 1.94504
-0.837919 1.95231
-0.832916 1.95956
-0.827914 1.96681
-0.822911 1.97406
-0.817909 1.98129
-0.812906 1.98852
-0.807904 1.99574
-0.802901 2.00295
-0.797899 2.01016
-0.792896 2.01735
-0.787894 2.02453
-0.782891 2.03171
-0.777889 2.03887
-0.772886 2.04602
-0.767884 2.05316
-0.762881 2.06029
-0.757879 2.06741
-0.752876 2.07451
-0.747874 2.0816
-0.742871 2.08867
-0.737869 2.09573
-0.732866 2.10278
-0.727864 2.10981
-0.722861 2.11682
-0.717859 2.12382
-0.712856 2.1308
-0.707854 2.13776
-0.702851 2.14471
-0.697849 2.15163
-0.692846 2.15854
-0.687844 2.16543
-0.682841 2.17229
-0.677839 2.17914
-0.672836 2.18596
-0.667834 2.19277
-0.662831 2.19955
-0.657829 2.20631
-0.652826 2.21305
-0.647824 2.21976
-0.642821 2.22645
-0.637819 2.23311
-0.632816 2.23975
-0.627814 2.24637
-0.622811 2.25295
-0.617809 2.25951
-0.612806 2.26605
-0.607804 2.27255
-0.602801 2.27903
-0.597799 2.28548
-0.592796 2.2919
-0.587794 2.29829
-0.582791 2.30465
-0.577789 2.31098
-0.572786 2.31728
-0.567784 2.32355
-0.562781 2.32978
-0.557779 2.33598
-0.552776 2.34215
-0.547774 2.34829
-0.542771 2.35439
-0.537769 2.36045
-0.532766 2.36648
-0.527764 2.37248
-0.522761 2.37844
-0.517759 2.38436
-0.512756 2.39025
-0.507754 2.39609
-0.502751 2.4019
-0.497749 2.40767
-0.492746 2.4134
-0.487744 2.41909
-0.482741 2.42474
-0.477739 2.43035
-0.472736 2.43592
-0.467734 2.44145
-0.462731 2.44694
-0.457729 2.45238
-0.452726 2.45778
-0.447724 2.46314
-0.442721 2.46845
-0.437719 2.47372
-0.432716 2.47894
-0.427714 2.48412
-0.422711 2.48925
-0.417709 2.49433
-0.412706 2.49937
-0.407704 2.50436
-0.402701 2.50931
-0.397699 2.5142
-0.392696 2.51905
-0.387694 2.52385
-0.382691 2.52859
-0.377689 2.53329
-0.372686 2.53794
-0.367684 2.54254
-0.362681 2.54708
-0.357679 2.55158
-0.352676 2.55602
-0.347674 2.56041
-0.342671 2.56475
-0.337669 2.56903
-0.332666 2.57326
-0.327664 2.57744
-0.322661 2.58156
-0.317659 2.58563
-0.312656 2.58964
-0.307654 2.5936
-0.302651 2.5975
-0.297649 2.60135
-0.292646 2.60513
-0.287644 2.60887
-0.282641 2.61254
-0.277639 2.61616
-0.272636 2.61971
-0.267634 2.62321
-0.262631 2.62665
-0.257629 2.63004
-0.252626 2.63336
-0.247624 2.63662
-0.242621 2.63982
-0.237619 2.64297
-0.232616 2.64605
-0.227614 2.64907
-0.222611 2.65203
-0.217609 2.65493
-0.212606 2.65776
-0.207604 2.66054
-0.202601 2.66325
-0.197599 2.6659
-0.192596 2.66848
-0.187594 2.67101
-0.182591 2.67347
-0.177589 2.67587
-0.172586 2.6782
-0.167584 2.68047
-0.162581 2.68267
-0.157579 2.68481
-0.152576 2.68689
-0.147574 2.6889
-0.142571 2.69084
-0.137569 2.69272
-0.132566 2.69454
-0.127564 2.69629
-0.122561 2.69797
-0.117559 2.69958
-0.112556 2.70114
-0.107554 2.70262
-0.102551 2.70404
-0.0975488 2.70539
-0.0925463 2.70667
-0.0875438 2.70789
-0.0825413 2.70904
-0.0775388 2.71013
-0.0725363 2.71114
-0.0675338 2.71209
-0.0625313 2.71297
-0.0575288 2.71379
-0.0525263 2.71454
-0.0475238 2.71521
-0.0425213 2.71583
-0.0375188 2.71637
-0.0325163 2.71685
-0.0275138 2.71725
-0.0225113 2.71759
-0.0175088 2.71787
-0.0125063 2.71807
-0.00750375 2.71821
-0.00250125 2.71827
0.00250125 2.71827
0.00750375 2.71821
0.0125063 2.71807
0.0175088 2.71787
0.0225113 2.71759
0.0275138 2.71725
0.0325163 2.71685
0.0375188 2.71637
0.0425213 2.71583
0.0475238 2.71521
0.0525263 2.71454
0.0575288 2.71379
0.0625313 2.71297
0.0675338 2.71209
0.0725363 2.71114
0.0775388 2.71013
0.0825413 2.70904
0.0875438 2.70789
0.0925463 2.70667
0.0975488 2.70539
0.102551 2.70404
0.107554 2.70262
0.112556 2.70114
0.117559 2.69958
0.122561 2.69797
0.127564 2.69629
0.132566 2.69454
0.137569 2.69272
0.142571 2.69084
0.147574 2.6889
0.152576 2.68689
0.157579 2.68481
0.162581 2.68267
0.167584 2.68047
0.172586 2.6782
0.177589 2.67587
0.182591 2.67347
0.187594 2.67101
0.192596 2.66848
0.197599 2.6659
0.202601 2.66325
0.207604 2.66054
0.212606 2.65776
0.217609 2.65493
0.222611 2.65203
0.227614 2.64907
0.232616 2.64605
0.237619 2.64297
0.242621 2.63982
0.247624 2.63662
0.252626 2.63336
0.257629 2.63004
0.262631 2.62665
0.267634 2.62321
0.272636 2.61971
0.277639 2.61616
0.282641 2.61254
0.287644 2.60887
0.292646 2.60513
0.297649 2.60135
0.302651 2.5975
0.307654 2.5936
0.312656 2.58964
0.317659 2.58563
0.322661 2.58156
0.327664 2.57744
0.332666 2.57326
0.337669 2.56903
0.342671 2.56475
0.347674 2.56041
0.352676 2.55602
0.357679 2.55158
0.362681 2.54708
0.367684 2.54254
0.372686 2.53794
0.377689 2.53329
0.382691 2.52859
0.387694 2.52385
0.392696 2.51905
0.397699 2.5142
0.402701 2.50931
0.407704 2.50436
0.412706 2.49937
0.417709 2.49433
0.422711 2.48925
0.427714 2.48412
0.432716 2.47894
0.437719 2.47372
0.442721 2.46845
0.447724 2.46314
0.452726 2.45778
0.457729 2.45238
0.462731 2.44694
0.467734 2.44145
0.472736 2.43592
0.477739 2.43035
0.482741 2.42474
0.487744 2.41909
0.492746 2.4134
0.497749 2.40767
0.502751 2.4019
0.507754 2.39609
0.512756 2.39025
0.517759 2.38436
0.522761 2.37844
0.527764 2.37248
0.532766 2.36648
0.537769 2.36045
0.542771 2.35439
0.547774 2.34829
0.552776 2.34215
0.557779 2.33598
0.562781 2.32978
0.567784 2.32355
0.572786 2.31728
0.577789 2.31098
0.582791 2.30465
0.587794 2.29829
0.592796 2.2919
0.597799 2.28548
0.602801 2.27903
0.607804 2.27255
0.612806 2.26605
0.617809 2.25951
0.622811 2.25295
0.627814 2.24637
0.632816 2.23975
0.637819 2.23311
0.642821 2.22645
0.647824 2.21976
0.652826 2.21305
0.657829 2.20631
0.662831 2.19955
0.667834 2.19277
0.672836 2.18596
0.677839 2.17914
0.682841 2.17229
0.687844 2.16543
0.692846 2.15854
0.697849 2.15163
0.702851 2.14471
0.707854 2.13776
0.712856 2.1308
0.717859 2.12382
0.722861 2.11682
0.727864 2.10981
0.732866 2.10278
0.737869 2.09573
0.742871 2.08867
0.747874 2.0816
0.752876 2.07451
0.757879 2.06741
0.762881 2.06029
0.767884 2.05316
0.772886 2.04602
0.777889 2.03887
0.782891 2.03171
0.787894 2.02453
0.792896 2.01735
0.797899 2.01016
0.802901 2.00295
0.807904 1.99574
0.812906 1.98852
0.817909 1.98129
0.822911 1.97406
0.827914 1.96681
0.832916 1.95956
0.837919 1.95231
0.842921 1.94504
0.847924 1.93778
0.852926 1.93051
0.857929 1.92323
0.862931 1.91595
0.867934 1.90867
0.872936 1.90138
0.877939 1.89409
0.882941 1.8868
0.887944 1.87951
0.892946 1.87221
0.897949 1.86492
0.902951 1.85762
0.907954 1.85032
0.912956 1.84303
0.917959 1.83573
0.922961 1.82844
0.927964 1.82115
0.932966 1.81385
0.937969 1.80657
0.942971 1.79928
0.947974 1.792
0.952976 1.78472
0.957979 1.77744
0.962981 1.77017
0.967984 1.7629
0.972986 1.75564
0.977989 1.74838
0.982991 1.74113
0.987994 1.73389
0.992996 1.72665
0.997999 1.71942
1.003 1.71219
1.008 1.70498
1.01301 1.69777
1.01801 1.69056
1.02301 1.68337
1.02801 1.67619
1.03302 1.66901
1.03802 1.66185
1.04302 1.65469
1.04802 1.64754
1.05303 1.64041
1.05803 1.63328
1.06303 1.62617
1.06803 1.61907
1.07304 1.61197
1.07804 1.60489
1.08304 1.59783
1.08804 1.59077
1.09305 1.58373
1.09805 1.5767
1.10305 1.56969
1.10805 1.56268
1.11306 1.5557
1.11806 1.54872
1.12306 1.54176
1.12806 1.53482
1.13307 1.52789
1.13807 1.52097
1.14307 1.51407
1.14807 1.50719
1.15308 1.50032
1.15808 1.49347
1.16308 1.48663
1.16808 1.47981
1.17309 1.47301
1.17809 1.46623
1.18309 1.45946
1.18809 1.45271
1.1931 1.44598
1.1981 1.43926
1.2031 1.43256
1.2081 1.42589
1.21311 1.41923
1.21811 1.41259
1.22311 1.40596
1.22811 1.39936
1.23312 1.39278
1.23812 1.38621
1.24312 1.37967
1.24812 1.37314
1.25313 1.36664
1.25813 1.36015
1.26313 1.35369
1.26813 1.34725
1.27314 1.34082
1.27814 1.33442
1.28314 1.32804
1.28814 1.32168
1.29315 1.31534
1.29815 1.30902
1.30315 1.30273
1.30815 1.29646
1.31316 1.2902
1.31816 1.28397
1.32316 1.27776
1.32816 1.27158
1.33317 1.26541
1.33817 1.25927
1.34317 1.25316
1.34817 1.24706
1.35318 1.24099
1.35818 1.23494
1.36318 1.22891
1.36818 1.2229
1.37319 1.21692
1.37819 1.21097
1.38319 1.20503
1.38819 1.19912
1.3932 1.19323
1.3982 1.18737
1.4032 1.18153
1.4082 1.17572
1.41321 1.16992
1.41821 1.16416
1.42321 1.15841
1.42821 1.15269
1.43322 1.147
1.43822 1.14132
1.44322 1.13568
1.44822 1.13005
1.45323 1.12446
1.45823 1.11888
1.46323 1.11333
1.46823 1.10781
1.47324 1.10231
1.47824 1.09683
1.48324 1.09138
1.48824 1.08595
1.49325 1.08055
1.49825 1.07518
1.50325 1.06982
1.50825 1.0645
1.51326 1.05919
1.51826 1.05392
1.52326 1.04866
1.52826 1.04344
1.53327 1.03823
1.53827 1.03306
1.54327 1.0279
1.54827 1.02278
1.55328 1.01767
1.55828 1.0126
1.56328 1.00754
1.56828 1.00252
1.57329 0.997514
1.57829 0.992537
1.58329 0.987584
1.58829 0.982657
1.5933 0.977754
1.5983 0.972877
1.6033 0.968025
1.6083 0.963197
1.61331 0.958395
1.61831 0.953617
1.62331 0.948865
1.62831 0.944137
1.63332 0.939435
1.63832 0.934757
1.64332 0.930104
1.64832 0.925476
1.65333 0.920873
1.65833 0.916294
1.66333 0.91174
1.66833 0.907211
1.67334 0.902707
1.67834 0.898228
1.68334 0.893773
1.68834 0.889342
1.69335 0.884936
1.69835 0.880555
1.70335 0.876198
1.70835 0.871866
1.71336 0.867558
1.71836 0.863274
1.72336 0.859015
1.72836 0.85478
1.73337 0.850569
1.73837 0.846382
1.74337 0.84222
1.74837 0.838081
1.75338 0.833967
1.75838 0.829876
1.76338 0.825809
1.76838 0.821767
1.77339 0.817748
1.77839 0.813753
1.78339 0.809781
1.78839 0.805833
1.7934 0.801909
1.7984 0.798008
1.8034 0.794131
1.8084 0.790277
1.81341 0.786446
1.81841 0.782639
1.82341 0.778855
1.82841 0.775094
1.83342 0.771356
1.83842 0.767641
1.84342 0.763949
1.84842 0.76028
1.85343 0.756634
1.85843 0.75301
1.86343 0.749409
1.86843 0.745831
1.87344 0.742275
1.87844 0.738742
1.88344 0.735231
1.88844 0.731743
1.89345 0.728276
1.89845 0.724832
1.90345 0.72141
1.90845 0.71801
1.91346 0.714632
1.91846 0.711276
1.92346 0.707941
1.92846 0.704628
1.93347 0.701337
1.93847 0.698068
1.94347 0.69482
1.94847 0.691593
1.95348 0.688388
1.95848 0.685204
1.96348 0.682041
1.96848 0.678899
1.97349 0.675778
1.97849 0.672678
1.98349 0.6696
1.98849 0.666541
1.9935 0.663504
1.9985 0.660487
2.0035 0.657491
2.0085 0.654515
2.01351 0.651559
2.01851 0.648624
2.02351 0.645709
2.02851 0.642814
2.03352 0.63994
2.03852 0.637085
2.04352 0.63425
2.04852 0.631435
2.05353 0.628639
2.05853 0.625864
2.06353 0.623108
2.06853 0.620371
2.07354 0.617654
2.07854 0.614956
2.08354 0.612277
2.08854 0.609617
2.09355 0.606977
2.09855 0.604355
2.10355 0.601753
2.10855 0.599169
2.11356 0.596604
2.11856 0.594058
2.12356 0.59153
2.12856 0.589021
2.13357 0.58653
2.13857 0.584058
2.14357 0.581603
2.14857 0.579167
2.15358 0.576749
2.15858 0.574349
2.16358 0.571967
2.16858 0.569603
2.17359 0.567257
2.17859 0.564928
2.18359 0.562617
2.18859 0.560324
2.1936 0.558048
2.1986 0.555789
2.2036 0.553547
2.2086 0.551323
2.21361 0.549116
2.21861 0.546926
2.22361 0.544753
2.22861 0.542597
2.23362 0.540457
2.23862 0.538335
2.24362 0.536229
2.24862 0.53414
2.25363 0.532067
2.25863 0.53001
2.26363 0.52797
2.26863 0.525946
2.27364 0.523939
2.27864 0.521947
2.28364 0.519972
2.28864 0.518012
2.29365 0.516069
2.29865 0.514141
2.30365 0.512229
2.30865 0.510333
2.31366 0.508452
2.31866 0.506587
2.32366 0.504737
2.32866 0.502902
2.33367 0.501083
2.33867 0.499279
2.34367 0.49749
2.34867 0.495717
2.35368 0.493958
2.35868 0.492214
2.36368 0.490485
2.36868 0.488771
2.37369 0.487072
2.37869 0.485387
2.38369 0.483717
2.38869 0.482061
2.3937 0.48042
2.3987 0.478793
2.4037 0.477181
2.4087 0.475583
2.41371 0.473998
2.41871 0.472428
2.42371 0.470873
2.42871 0.469331
2.43372 0.467802
2.43872 0.466288
2.44372 0.464788
2.44872 0.463301
2.45373 0.461828
2.45873 0.460368
2.46373 0.458922
2.46873 0.45749
2.47374 0.45607
2.47874 0.454664
2.48374 0.453272
2.48874 0.451892
2.49375 0.450526
2.49875 0.449173
2.50375 0.447833
2.50875 0.446506
2.51376 0.445191
2.51876 0.44389
2.52376 0.442601
2.52876 0.441325
2.53377 0.440062
2.53877 0.438811
2.54377 0.437573
2.54877 0.436347
2.55378 0.435134
2.55878 0.433933
2.56378 0.432745
2.56878 0.431569
2.57379 0.430405
2.57879 0.429253
2.58379 0.428113
2.58879 0.426985
2.5938 0.42587
2.5988 0.424766
2.6038 0.423674
2.6088 0.422595
2.61381 0.421527
2.61881 0.42047
2.62381 0.419426
2.62881 0.418393
2.63382 0.417371
2.63882 0.416362
2.64382 0.415364
2.64882 0.414377
2.65383 0.413402
2.65883 0.412438
2.66383 0.411485
2.66883 0.410544
2.67384 0.409614
2.67884 0.408695
2.68384 0.407788
2.68884 0.406891
2.69385 0.406006
2.69885 0.405131
2.70385 0.404268
2.70885 0.403416
2.71386 0.402574
2.71886 0.401744
2.72386 0.400924
2.72886 0.400115
2.73387 0.399317
2.73887 0.39853
2.74387 0.397753
2.74887 0.396987
2.75388 0.396232
2.75888 0.395487
2.76388 0.394753
2.76888 0.39403
2.77389 0.393317
2.77889 0.392614
2.78389 0.391922
2.78889 0.39124
2.7939 0.390569
2.7989 0.389908
2.8039 0.389257
2.8089 0.388616
2.81391 0.387986
2.81891 0.387366
2.82391 0.386757
2.82891 0.386157
2.83392 0.385568
2.83892 0.384988
2.84392 0.384419
2.84892 0.38386
2.85393 0.383311
2.85893 0.382772
2.86393 0.382243
2.86893 0.381724
2.87394 0.381215
2.87894 0.380715
2.88394 0.380226
2.88894 0.379747
2.89395 0.379277
2.89895 0.378817
2.90395 0.378368
2.90895 0.377928
2.91396 0.377497
2.91896 0.377077
2.92396 0.376666
2.92896 0.376265
2.93397 0.375873
2.93897 0.375492
2.94397 0.37512
2.94897 0.374757
2.95398 0.374405
2.95898 0.374062
2.96398 0.373728
2.96898 0.373404
2.97399 0.37309
2.97899 0.372785
2.98399 0.37249
2.98899 0.372204
2.994 0.371928
2.999 0.371661
3.004 0.371404
3.009 0.371156
3.01401 0.370918
3.01901 0.370689
3.02401 0.37047
3.02901 0.37026
3.03402 0.370059
3.03902 0.369868
3.04402 0.369686
3.04902 0.369514
3.05403 0.369351
3.05903 0.369197
3.06403 0.369053
3.06903 0.368918
3.07404 0.368792
3.07904 0.368676
3.08404 0.368569
3.08904 0.368471
3.09405 0.368382
3.09905 0.368303
3.10405 0.368233
3.10905 0.368172
3.11406 0.368121
3.11906 0.368078
3.12406 0.368045
3.12906 0.368022
3.13407 0.368007
3.13907 0.368002
3.14407 0.368005
3.14907 0.368018
3.15408 0.368041
3.15908 0.368072
3.16408 0.368113
3.16908 0.368162
3.17409 0.368221
3.17909 0.368289
3.18409 0.368367
3.18909 0.368453
3.1941 0.368549
3.1991 0.368653
3.2041 0.368767
3.2091 0.36889
3.21411 0.369022
3.21911 0.369164
3.22411 0.369314
3.22911 0.369474
3.23412 0.369643
3.23912 0.369821
3.24412 0.370008
3.24912 0.370204
3.25413 0.370409
3.25913 0.370624
3.26413 0.370847
3.26913 0.37108
3.27414 0.371322
3.27914 0.371573
3.28414 0.371834
3.28914 0.372103
3.29415 0.372382
3.29915 0.37267
3.30415 0.372967
3.30915 0.373273
3.31416 0.373589
3.31916 0.373914
3.32416 0.374248
3.32916 0.374591
3.33417 0.374944
3.33917 0.375306
3.34417 0.375678
3.34917 0.376058
3.35418 0.376448
3.35918 0.376848
3.36418 0.377256
3.36918 0.377675
3.37419 0.378102
3.37919 0.378539
3.38419 0.378986
3.38919 0.379442
3.3942 0.379908
3.3992 0.380383
3.4042 0.380868
3.4092 0.381363
3.41421 0.381867
3.41921 0.382381
3.42421 0.382905
3.42921 0.383438
3.43422 0.383982
3.43922 0.384535
3.44422 0.385098
3.44922 0.385671
3.45423 0.386254
3.45923 0.386848
3.46423 0.387451
3.46923 0.388064
3.47424 0.388688
3.47924 0.389322
3.48424 0.389966
3.48924 0.39062
3.49425 0.391285
3.49925 0.391961
3.50425 0.392647
3.50925 0.393343
3.51426 0.394051
3.51926 0.394769
3.52426 0.395497
3.52926 0.396237
3.53427 0.396988
3.53927 0.397749
3.54427 0.398522
3.54927 0.399306
3.55428 0.400101
3.55928 0.400907
3.56428 0.401725
3.56928 0.402554
3.57429 0.403395
3.57929 0.404247
3.58429 0.405112
3.58929 0.405987
3.5943 0.406875
3.5993 0.407775
3.6043 0.408687
3.6093 0.40961
3.61431 0.410547
3.61931 0.411495
3.62431 0.412456
3.62931 0.413429
3.63432 0.414415
3.63932 0.415413
3.64432 0.416424
3.64932 0.417448
3.65433 0.418485
3.65933 0.419535
3.66433 0.420598
3.66933 0.421675
3.67434 0.422764
3.67934 0.423867
3.68434 0.424983
3.68934 0.426113
3.69435 0.427256
3.69935 0.428414
3.70435 0.429585
3.70935 0.430769
3.71436 0.431968
3.71936 0.433181
3.72436 0.434407
3.72936 0.435648
3.73437 0.436903
3.73937 0.438173
3.74437 0.439457
3.74937 0.440755
3.75438 0.442068
3.75938 0.443395
3.76438 0.444737
3.76938 0.446093
3.77439 0.447464
3.77939 0.44885
3.78439 0.450251
3.78939 0.451666
3.7944 0.453096
3.7994 0.454541
3.8044 0.456002
3.8094 0.457477
3.81441 0.458966
3.81941 0.460471
3.82441 0.461991
3.82941 0.463526
3.83442 0.465075
3.83942 0.46664
3.84442 0.46822
3.84942 0.469814
3.85443 0.471423
3.85943 0.473048
3.86443 0.474687
3.86943 0.47634
3.87444 0.478009
3.87944 0.479692
3.88444 0.48139
3.88944 0.483102
3.89445 0.484829
3.89945 0.486571
3.90445 0.488327
3.90945 0.490097
3.91446 0.491881
3.91946 0.493679
3.92446 0.495492
3.92946 0.497318
3.93447 0.499158
3.93947 0.501012
3.94447 0.502879
3.94947 0.50476
3.95448 0.506655
3.95948 0.508562
3.96448 0.510483
3.96948 0.512416
3.97449 0.514363
3.97949 0.516322
3.98449 0.518294
3.98949 0.520278
3.9945 0.522275
3.9995 0.524284
4.0045 0.526305
4.0095 0.528338
4.01451 0.530383
4.01951 0.53244
4.02451 0.534508
4.02951 0.536588
4.03452 0.538679
4.03952 0.540781
4.04452 0.542895
4.04952 0.545019
4.05453 0.547155
4.05953 0.549302
4.06453 0.551459
4.06953 0.553628
4.07454 0.555807
4.07954 0.557997
4.08454 0.560198
4.08954 0.56241
4.09455 0.564632
4.09955 0.566866
4.10455 0.56911
4.10955 0.571366
4.11456 0.573632
4.11956 0.57591
4.12456 0.5782
4.12956 0.580501
4.13457 0.582814
4.13957 0.585139
4.14457 0.587477
4.14957 0.589828
4.15458 0.592191
4.15958 0.594568
4.16458 0.596959
4.16958 0.599364
4.17459 0.601785
4.17959 0.60422
4.18459 0.606672
4.18959 0.60914
4.1946 0.611626
4.1996 0.61413
4.2046 0.616653
4.2096 0.619195
4.21461 0.621758
4.21961 0.624343
4.22461 0.626951
4.22961 0.629582
4.23462 0.632238
4.23962 0.63492
4.24462 0.637629
4.24962 0.640367
4.25463 0.643134
4.25963 0.645934
4.26463 0.648766
4.26963 0.651633
4.27464 0.654536
4.27964 0.657478
4.28464 0.660459
4.28964 0.663482
4.29465 0.666548
4.29965 0.66966
4.30465 0.672821
4.30965 0.676031
4.31466 0.679294
4.31966 0.682611
4.32466 0.685986
4.32966 0.68942
4.33467 0.692916
4.33967 0.696478
4.34467 0.700106
4.34967 0.703806
4.35468 0.707578
4.35968 0.711427
4.36468 0.715354
4.36968 0.719364
4.37469 0.72346
4.37969 0.727643
4.38469 0.731919
4.38969 0.736289
4.3947 0.740758
4.3997 0.745328
4.4047 0.750004
4.4097 0.754788
4.41471 0.759684
4.41971 0.764695
4.42471 0.769826
4.42971 0.775079
4.43472 0.780458
4.43972 0.785966
4.44472 0.791607
4.44972 0.797385
4.45473 0.803303
4.45973 0.809363
4.46473 0.815571
4.46973 0.821928
4.47474 0.828438
4.47974 0.835105
4.48474 0.84193
4.48974 0.848918
4.49475 0.85607
4.49975 0.86339
4.50475 0.87088
4.50975 0.878542
4.51476 0.886378
4.51976 0.894391
4.52476 0.902582
4.52976 0.910952
4.53477 0.919503
4.53977 0.928236
4.54477 0.937152
4.54977 0.94625
4.55478 0.955531
4.55978 0.964995
4.56478 0.97464
4.56978 0.984467
4.57479 0.994473
4.57979 1.00466
4.58479 1.01502
4.58979 1.02555
4.5948 1.03625
4.5998 1.04711
4.6048 1.05814
4.6098 1.06932
4.61481 1.08066
4.61981 1.09213
4.62481 1.10375
4.62981 1.1155
4.63482 1.12736
4.63982 1.13935
4.64482 1.15143
4.64982 1.16361
4.65483 1.17588
4.65983 1.18821
4.66483 1.20061
4.66983 1.21305
4.67484 1.22552
4.67984 1.23801
4.68484 1.2505
4.68984 1.26297
4.69485 1.27542
4.69985 1.28781
4.70485 1.30013
4.70985 1.31237
4.71486 1.32449
4.71986 1.33648
4.72486 1.34832
4.72986 1.35999
4.73487 1.37145
4.73987 1.38269
4.74487 1.39368
4.74987 1.4044
4.75488 1.41481
4.75988 1.4249
4.76488 1.43463
4.76988 1.44398
4.77489 1.45293
4.77989 1.46143
4.78489 1.46947
4.78989 1.47701
4.7949 1.48404
4.7999 1.49051
4.8049 1.49641
4.8099 1.50171
4.81491 1.50637
4.81991 1.51039
4.82491 1.51373
4.82991 1.51637
4.83492 1.5183
4.83992 1.51949
4.84492 1.51992
4.84992 1.51959
4.85493 1.51848
4.85993 1.51659
4.86493 1.51392
4.86993 1.51045
4.87494 1.5062
4.87994 1.50118
4.88494 1.49541
4.88994 1.4889
4.89495 1.48168
4.89995 1.47379
4.90495 1.46527
4.90995 1.45617
4.91496 1.44656
4.91996 1.4365
4.92496 1.42608
4.92996 1.4154
4.93497 1.40455
4.93997 1.39366
4.94497 1.38287
4.94997 1.37233
4.95498 1.3622
4.95998 1.35268
4.96498 1.34397
4.96998 1.3363
4.97499 1.32992
4.97999 1.3251
4.98499 1.32216
4.98999 1.32141
4.995 1.32323
5 1.32798
