0 0
0.0606061 0.0594117
0.121212 0.116339
0.181818 0.17065
0.242424 0.222229
0.30303 0.270974
0.363636 0.316799
0.424242 0.359634
0.484848 0.39942
0.545455 0.436116
0.606061 0.469693
0.666667 0.500136
0.727273 0.527443
0.787879 0.551624
0.848485 0.572702
0.909091 0.59071
0.969697 0.605693
1.0303 0.617706
1.09091 0.626815
1.15152 0.633092
1.21212 0.63662
1.27273 0.637489
1.33333 0.635797
1.39394 0.631646
1.45455 0.625147
1.51515 0.616414
1.57576 0.605566
1.63636 0.592727
1.69697 0.578022
1.75758 0.561581
1.81818 0.543534
1.87879 0.524015
1.93939 0.503155
2 0.481089
2.06061 0.45795
2.12121 0.43387
2.18182 0.40898
2.24242 0.38341
2.30303 0.357286
2.36364 0.330734
2.42424 0.303875
2.48485 0.276827
2.54545 0.249705
2.60606 0.222619
2.66667 0.195675
2.72727 0.168974
2.78788 0.142614
2.84848 0.116685
2.90909 0.0912752
2.9697 0.0664649
3.0303 0.04233
3.09091 0.0189406
3.15152 -0.00363871
3.21212 -0.025349
3.27273 -0.046137
3.33333 -0.0659552
3.39394 -0.0847617
3.45455 -0.10252
3.51515 -0.1192
3.57576 -0.134775
3.63636 -0.149227
3.69697 -0.162539
3.75758 -0.174703
3.81818 -0.185713
3.87879 -0.19557
3.93939 -0.204278
4 -0.211847
4.06061 -0.218288
4.12121 -0.22362
4.18182 -0.227863
4.24242 -0.231041
4.30303 -0.233182
4.36364 -0.234318
4.42424 -0.234481
4.48485 -0.233707
4.54545 -0.232036
4.60606 -0.229508
4.66667 -0.226165
4.72727 -0.222051
4.78788 -0.217212
4.84848 -0.211695
4.90909 -0.205546
4.9697 -0.198815
5.0303 -0.19155
5.09091 -0.1838
5.15152 -0.175615
5.21212 -0.167042
5.27273 -0.158132
5.33333 -0.148931
5.39394 -0.139488
5.45455 -0.129849
5.51515 -0.120059
5.57576 -0.110164
5.63636 -0.100206
5.69697 -0.090228
5.75758 -0.0802695
5.81818 -0.0703694
5.87879 -0.0605649
5.93939 -0.0508912
6 -0.0413818
