0 2.71828
0.0606061 2.7133
0.121212 2.69841
0.181818 2.67384
0.242424 2.63995
0.30303 2.59721
0.363636 2.54622
0.424242 2.48768
0.484848 2.42237
0.545455 2.35112
0.606061 2.27481
0.666667 2.19435
0.727273 2.11064
0.787879 2.02456
0.848485 1.93696
0.909091 1.84866
0.969697 1.76041
1.0303 1.6729
1.09091 1.58674
1.15152 1.50246
1.21212 1.42054
1.27273 1.34135
1.33333 1.26521
1.39394 1.19236
1.45455 1.12298
1.51515 1.05719
1.57576 0.995051
1.63636 0.93658
1.69697 0.881757
1.75758 0.830527
1.81818 0.782806
1.87879 0.738492
1.93939 0.697462
2 0.659583
2.06061 0.624716
2.12121 0.592715
2.18182 0.563434
2.24242 0.536729
2.30303 0.51246
2.36364 0.490491
2.42424 0.470692
2.48485 0.452945
2.54545 0.437136
2.60606 0.423163
2.66667 0.410932
2.72727 0.40036
2.78788 0.391374
2.84848 0.383909
2.90909 0.377912
2.9697 0.373341
3.0303 0.370162
3.09091 0.368352
3.15152 0.367898
3.21212 0.368795
3.27273 0.371052
3.33333 0.374683
3.39394 0.379717
3.45455 0.386189
3.51515 0.394146
3.57576 0.403644
3.63636 0.414751
3.69697 0.427542
3.75758 0.442106
3.81818 0.458538
3.87879 0.476944
3.93939 0.497439
4 0.520147
4.06061 0.545199
4.12121 0.572731
4.18182 0.602887
4.24242 0.63581
4.30303 0.671648
4.36364 0.710543
4.42424 0.752634
4.48485 0.798052
4.54545 0.846911
4.60606 0.899309
4.66667 0.955322
4.72727 1.01499
4.78788 1.07833
4.84848 1.14531
4.90909 1.21584
4.9697 1.28979
5.0303 1.36696
5.09091 1.44708
5.15152 1.52982
5.21212 1.61477
5.27273 1.70144
5.33333 1.78926
5.39394 1.87761
5.45455 1.96576
5.51515 2.05295
5.57576 2.13835
5.63636 2.2211
5.69697 2.3003
5.75758 2.37505
5.81818 2.44445
5.87879 2.50763
5.93939 2.56378
6 2.61214
