0 2.71828
0.122449 2.698
0.244898 2.63837
0.367347 2.54284
0.489796 2.41676
0.612245 2.26678
0.734694 2.10021
0.857143 1.92437
0.979592 1.74606
1.10204 1.5711
1.22449 1.40414
1.34694 1.24856
1.46939 1.10654
1.59184 0.979181
1.71429 0.866756
1.83673 0.768884
1.95918 0.684753
2.08163 0.613296
2.20408 0.553333
2.32653 0.503675
2.44898 0.463208
2.57143 0.430929
2.69388 0.405985
2.81633 0.387684
2.93878 0.375498
3.06122 0.369069
3.18367 0.368205
3.30612 0.372881
3.42857 0.383236
3.55102 0.399577
3.67347 0.422377
3.79592 0.452278
3.91837 0.490084
4.04082 0.536753
4.16327 0.593368
4.28571 0.661103
4.40816 0.741148
4.53061 0.834621
4.65306 0.942431
4.77551 1.06511
4.89796 1.20263
5.02041 1.35415
5.14286 1.51785
5.26531 1.69075
5.38776 1.86859
5.5102 2.04589
5.63265 2.21613
5.7551 2.3721
5.87755 2.50641
6 2.61214
