0 0
0.122449 0.117474
0.244898 0.224275
0.367347 0.319509
0.489796 0.402532
0.612245 0.472943
0.734694 0.530571
0.857143 0.575461
0.979592 0.607855
1.10204 0.628177
1.22449 0.63701
1.34694 0.635075
1.46939 0.62321
1.59184 0.602349
1.71429 0.573496
1.83673 0.537709
1.95918 0.496076
2.08163 0.449695
2.20408 0.399659
2.32653 0.347035
2.44898 0.292852
2.57143 0.238086
2.69388 0.183651
2.81633 0.130384
2.93878 0.0790435
3.06122 0.0302993
3.18367 -0.0152702
3.30612 -0.05718
3.42857 -0.0950398
3.55102 -0.128553
3.67347 -0.157513
3.79592 -0.181803
3.91837 -0.201387
4.04082 -0.216308
4.16327 -0.226678
4.28571 -0.232675
4.40816 -0.23453
4.53061 -0.232526
4.65306 -0.226984
4.77551 -0.218256
4.89796 -0.206721
5.02041 -0.192771
5.14286 -0.176809
5.26531 -0.159239
5.38776 -0.140461
5.5102 -0.120863
5.63265 -0.100817
5.7551 -0.0806751
5.87755 -0.0607638
6 -0.0413818
