0 0
0.204082 0.189921
0.408163 0.348564
0.612245 0.472943
0.816327 0.561902
1.02041 0.615945
1.22449 0.63701
1.42857 0.628213
1.63265 0.593568
1.83673 0.537709
2.04082 0.465615
2.2449 0.382353
2.44898 0.292852
2.65306 0.201706
2.85714 0.113022
3.06122 0.0302993
3.26531 -0.0436427
3.46939 -0.106706
3.67347 -0.157513
3.87755 -0.195381
4.08163 -0.220263
4.28571 -0.232675
4.4898 -0.233604
4.69388 -0.22441
4.89796 -0.206721
5.10204 -0.182328
5.30612 -0.153095
5.5102 -0.120863
5.71429 -0.087379
5.91837 -0.0542304
6.12245 -0.0227968
6.32653 0.00578396
6.53061 0.0306347
6.73469 0.051145
6.93878 0.0669648
7.14286 0.0779877
7.34694 0.0843258
7.55102 0.0862783
7.7551 0.0842959
7.95918 0.0789429
8.16327 0.0708593
8.36735 0.0607243
8.57143 0.049222
8.77551 0.037012
8.97959 0.0247035
9.18367 0.0128362
9.38776 0.00186468
9.59184 -0.00785
9.79592 -0.0160447
10 -0.0225535
