0 2.71828
0.10101 2.70446
0.20202 2.66356
0.30303 2.59721
0.40404 2.50799
0.505051 2.39924
0.606061 2.27481
0.707071 2.13885
0.808081 1.99549
0.909091 1.84866
1.0101 1.70195
1.11111 1.55841
1.21212 1.42054
1.31313 1.29023
1.41414 1.16884
1.51515 1.05719
1.61616 0.955663
1.71717 0.864285
1.81818 0.782806
1.91919 0.710781
2.0202 0.647634
2.12121 0.592715
2.22222 0.545354
2.32323 0.504888
2.42424 0.470692
2.52525 0.442197
2.62626 0.418897
2.72727 0.40036
2.82828 0.386231
2.92929 0.376232
3.0303 0.370162
3.13131 0.367899
3.23232 0.369396
3.33333 0.374683
3.43434 0.383869
3.53535 0.397138
3.63636 0.414751
3.73737 0.437049
3.83838 0.464448
3.93939 0.497439
4.0404 0.536579
4.14141 0.582485
4.24242 0.63581
4.34343 0.69723
4.44444 0.767398
4.54545 0.846911
4.64646 0.936246
4.74747 1.0357
4.84848 1.14531
4.94949 1.26477
5.05051 1.39335
5.15152 1.52982
5.25253 1.67239
5.35354 1.81869
5.45455 1.96576
5.55556 2.11014
5.65657 2.24794
5.75758 2.37505
5.85859 2.48732
5.9596 2.5808
6.06061 2.65205
6.16162 2.69829
6.26263 2.71771
6.36364 2.7095
6.46465 2.67401
6.56566 2.61266
6.66667 2.52785
6.76768 2.42277
6.86869 2.30121
6.9697 2.16726
7.07071 2.02507
7.17172 1.87865
7.27273 1.73165
7.37374 1.58724
7.47475 1.44804
7.57576 1.31607
7.67677 1.19278
7.77778 1.0791
7.87879 0.975501
7.9798 0.882069
8.08081 0.798607
8.18182 0.724701
8.28283 0.659798
8.38384 0.603258
8.48485 0.554413
8.58586 0.512596
8.68687 0.477173
8.78788 0.44756
8.88889 0.42324
8.9899 0.403765
9.09091 0.388764
9.19192 0.377943
9.29293 0.371086
9.39394 0.368054
9.49495 0.368786
9.59596 0.373296
9.69697 0.381676
9.79798 0.394094
9.89899 0.410798
10 0.432112
