0 0
0.10101 0.0976478
0.20202 0.188152
0.30303 0.270974
0.40404 0.345692
0.505051 0.411997
0.606061 0.469693
0.707071 0.518689
0.808081 0.558993
0.909091 0.59071
1.0101 0.614028
1.11111 0.629218
1.21212 0.63662
1.31313 0.636639
1.41414 0.629735
1.51515 0.616414
1.61616 0.59722
1.71717 0.572728
1.81818 0.543534
1.91919 0.510249
2.0202 0.473489
2.12121 0.43387
2.22222 0.392001
2.32323 0.348477
2.42424 0.303875
2.52525 0.258747
2.62626 0.213617
2.72727 0.168974
2.82828 0.125275
2.92929 0.0829347
3.0303 0.04233
3.13131 0.00379395
3.23232 -0.0323833
3.33333 -0.0659552
3.43434 -0.0967191
3.53535 -0.124515
3.63636 -0.149227
3.73737 -0.170776
3.83838 -0.189127
3.93939 -0.204278
4.0404 -0.216265
4.14141 -0.225154
4.24242 -0.231041
4.34343 -0.234049
4.44444 -0.234325
4.54545 -0.232036
4.64646 -0.227367
4.74747 -0.220516
4.84848 -0.211695
4.94949 -0.201121
5.05051 -0.189018
5.15152 -0.175615
5.25253 -0.161137
5.35354 -0.145808
5.45455 -0.129849
5.55556 -0.113471
5.65657 -0.0968805
5.75758 -0.0802695
5.85859 -0.0638202
5.9596 -0.0477016
6.06061 -0.0320681
6.16162 -0.0170596
6.26263 -0.00280043
6.36364 0.0106011
6.46465 0.0230528
6.56566 0.0344783
6.66667 0.0448173
6.76768 0.0540251
6.86869 0.062072
6.9697 0.0689428
7.07071 0.0746361
7.17172 0.0791633
7.27273 0.0825478
7.37374 0.084824
7.47475 0.0860361
7.57576 0.0862373
7.67677 0.0854883
7.77778 0.0838564
7.87879 0.0814143
7.9798 0.0782392
8.08081 0.0744111
8.18182 0.0700124
8.28283 0.0651264
8.38384 0.0598365
8.48485 0.0542256
8.58586 0.0483744
8.68687 0.0423618
8.78788 0.036263
8.88889 0.0301497
8.9899 0.0240894
9.09091 0.0181446
9.19192 0.0123728
9.29293 0.0068259
9.39394 0.00155026
9.49495 -0.00341366
9.59596 -0.00803131
9.69697 -0.012274
9.79798 -0.0161191
9.89899 -0.0195494
10 -0.0225535
