0 2.71828
0.204082 2.66245
0.408163 2.5039
0.612245 2.26678
0.816327 1.98358
1.02041 1.68711
1.22449 1.40414
1.42857 1.15228
1.63265 0.940055
1.83673 0.768884
2.04082 0.635779
2.2449 0.535692
2.44898 0.463208
2.65306 0.413531
2.85714 0.382963
3.06122 0.369069
3.26531 0.370702
3.46939 0.387998
3.67347 0.422377
3.87755 0.476548
4.08163 0.554463
4.28571 0.661103
4.4898 0.80191
4.69388 0.98166
4.89796 1.20263
5.10204 1.46209
5.30612 1.74973
5.5102 2.04589
5.71429 2.32215
5.91837 2.54515
6.12245 2.68347
6.32653 2.71573
6.53061 2.63675
6.73469 2.45909
6.93878 2.20933
7.14286 1.92069
7.34694 1.62514
7.55102 1.34763
7.7551 1.10376
7.95918 0.900317
8.16327 0.737583
8.36735 0.611946
8.57143 0.518164
8.77551 0.450892
8.97959 0.405542
9.18367 0.378676
9.38776 0.368132
9.59184 0.373037
9.79592 0.393799
10 0.432112
