100 2.92
200 3.06
300 3.08
400 3.1
500 3.12
600 3.2
700 3.22286
800 3.215
900 3.2
1000 3.14
1100 3.14182
1200 3.13
1300 3.11077
1400 3.10857
1500 3.10933
1600 3.105
1700 3.09412
1800 3.1
1900 3.11789
2000 3.128
2100 3.12762
2200 3.12182
2300 3.11826
2400 3.13
2500 3.1184
2600 3.11846
2700 3.11259
2800 3.11429
2900 3.11448
3000 3.11867
3100 3.11613
3200 3.115
3300 3.12
3400 3.12471
3500 3.12914
3600 3.13111
3700 3.13189
3800 3.13263
3900 3.12821
4000 3.13
4100 3.12488
4200 3.11714
4300 3.11442
4400 3.11091
4500 3.11111
4600 3.10696
4700 3.10383
4800 3.10333
4900 3.10612
5000 3.1048
5100 3.10667
5200 3.10923
5300 3.1117
5400 3.11111
5500 3.11709
5600 3.11643
5700 3.11018
5800 3.11103
5900 3.10983
6000 3.11267
6100 3.11213
6200 3.11484
6300 3.11746
6400 3.11437
6500 3.11508
6600 3.11636
6700 3.11224
6800 3.11176
6900 3.11014
7000 3.11143
7100 3.11549
7200 3.11611
7300 3.11507
7400 3.11568
7500 3.10987
7600 3.10947
7700 3.11377
7800 3.11333
7900 3.11544
8000 3.12
8100 3.11901
8200 3.11854
8300 3.11711
8400 3.11381
8500 3.11576
8600 3.11674
8700 3.11586
8800 3.11818
8900 3.11955
9000 3.11956
9100 3.11736
9200 3.11565
9300 3.11828
9400 3.12
9500 3.12168
9600 3.11875
9700 3.12
9800 3.12327
9900 3.12485
10000 3.126
10100 3.12634
10200 3.12941
10300 3.12971
10400 3.13154
10500 3.13181
10600 3.13396
10700 3.13346
10800 3.13333
10900 3.13615
11000 3.13745
11100 3.13658
11200 3.1375
11300 3.13558
11400 3.13614
11500 3.136
11600 3.1369
11700 3.13846
11800 3.13729
11900 3.1395
12000 3.14133
12100 3.14314
12200 3.14066
12300 3.14049
12400 3.14065
12500 3.14112
12600 3.14127
12700 3.1411
12800 3.13969
12900 3.14078
13000 3.13877
13100 3.13832
13200 3.13909
13300 3.13684
13400 3.13761
13500 3.1357
13600 3.13676
13700 3.13606
13800 3.13826
13900 3.13813
14000 3.13571
14100 3.13418
14200 3.1338
14300 3.1351
14400 3.13472
14500 3.13241
14600 3.13151
14700 3.13034
14800 3.12892
14900 3.1302
15000 3.13093
15100 3.1306
15200 3.13132
15300 3.13281
15400 3.13273
15500 3.13342
15600 3.13256
15700 3.13248
15800 3.13013
15900 3.12981
16000 3.12875
16100 3.1287
16200 3.12864
16300 3.12736
16400 3.12659
16500 3.12679
16600 3.12723
16700 3.1279
16800 3.1281
16900 3.12852
17000 3.12871
17100 3.12772
17200 3.12791
17300 3.12902
17400 3.12966
17500 3.12937
17600 3.13091
17700 3.13153
17800 3.13213
17900 3.13296
18000 3.13133
18100 3.13193
18200 3.13297
18300 3.13333
18400 3.13261
18500 3.13362
18600 3.13333
18700 3.13348
18800 3.13447
18900 3.13376
19000 3.13516
19100 3.13613
19200 3.13479
19300 3.13368
19400 3.13423
19500 3.13436
19600 3.13347
19700 3.13299
19800 3.13253
19900 3.13307
20000 3.1346
